Time,gENROE.delta,gENROE.PELEC,gENROE.PMECH,gENROE.SPEED,GEN1.V,LOAD.V,GEN2.V,FAULT.V
-0.0166667, 34.4037, 0.4, 0.4, 0, 1, 0.991993, 1, 0.995984
-0.0116667, 34.4037, 0.4, 0.4, 2.61118e-11, 1, 0.991993, 1, 0.995984
-0.00666667, 34.4037, 0.4, 0.4, 4.35197e-11, 1, 0.991993, 1, 0.995984
-0.00166667, 34.4037, 0.4, 0.4, 6.09276e-11, 1, 0.991993, 1, 0.995984
0.00333333, 34.4037, 0.4, 0.4, 7.83355e-11, 1, 0.991993, 1, 0.995984
0.00833333, 34.4037, 0.4, 0.4, 9.57434e-11, 1, 0.991993, 1, 0.995984
0.0133333, 34.4037, 0.4, 0.4, 1.13151e-10, 1, 0.991993, 1, 0.995984
0.0183333, 34.4037, 0.4, 0.4, 1.30559e-10, 1, 0.991993, 1, 0.995984
0.0233333, 34.4037, 0.4, 0.4, 1.47967e-10, 1, 0.991993, 1, 0.995984
0.0283333, 34.4037, 0.4, 0.4, 1.65375e-10, 1, 0.991993, 1, 0.995984
0.0333333, 34.4037, 0.4, 0.4, 1.82783e-10, 1, 0.991993, 1, 0.995984
0.0383333, 34.4037, 0.4, 0.4, 2.00191e-10, 1, 0.991993, 1, 0.995984
0.0433333, 34.4037, 0.4, 0.4, 2.17599e-10, 1, 0.991993, 1, 0.995984
0.0483333, 34.4037, 0.4, 0.4, 2.35007e-10, 1, 0.991993, 1, 0.995984
0.0533333, 34.4037, 0.4, 0.4, 2.52415e-10, 1, 0.991993, 1, 0.995984
0.0583333, 34.4037, 0.4, 0.4, 2.69822e-10, 1, 0.991993, 1, 0.995984
0.0633333, 34.4037, 0.4, 0.4, 2.8723e-10, 1, 0.991993, 1, 0.995984
0.0683333, 34.4037, 0.4, 0.4, 3.04638e-10, 1, 0.991993, 1, 0.995984
0.0733333, 34.4037, 0.4, 0.4, 3.22046e-10, 1, 0.991993, 1, 0.995984
0.0783333, 34.4037, 0.4, 0.4, 3.39454e-10, 1, 0.991993, 1, 0.995984
0.0833333, 34.4037, 0.4, 0.4, 3.56862e-10, 1, 0.991993, 1, 0.995984
0.0883333, 34.4037, 0.4, 0.4, 3.7427e-10, 1, 0.991993, 1, 0.995984
0.0933333, 34.4037, 0.4, 0.4, 3.91678e-10, 1, 0.991993, 1, 0.995984
0.0983333, 34.4037, 0.4, 0.4, 4.09086e-10, 1, 0.991993, 1, 0.995984
0.103333, 34.4037, 0.4, 0.4, 4.26494e-10, 1, 0.991993, 1, 0.995984
0.108333, 34.4037, 0.4, 0.4, 4.43901e-10, 1, 0.991993, 1, 0.995984
0.113333, 34.4037, 0.4, 0.4, 4.61309e-10, 1, 0.991993, 1, 0.995984
0.118333, 34.4037, 0.4, 0.4, 4.78717e-10, 1, 0.991993, 1, 0.995984
0.123333, 34.4037, 0.4, 0.4, 4.96125e-10, 1, 0.991993, 1, 0.995984
0.128333, 34.4037, 0.4, 0.4, 5.13533e-10, 1, 0.991993, 1, 0.995984
0.133333, 34.4037, 0.4, 0.4, 5.30941e-10, 1, 0.991993, 1, 0.995984
0.138333, 34.4037, 0.4, 0.4, 5.48349e-10, 1, 0.991993, 1, 0.995984
0.143333, 34.4037, 0.4, 0.4, 5.65757e-10, 1, 0.991993, 1, 0.995984
0.148333, 34.4037, 0.4, 0.4, 5.83165e-10, 1, 0.991993, 1, 0.995984
0.153333, 34.4037, 0.4, 0.4, 6.00573e-10, 1, 0.991993, 1, 0.995984
0.158333, 34.4037, 0.4, 0.4, 6.17981e-10, 1, 0.991993, 1, 0.995984
0.163333, 34.4037, 0.4, 0.4, 6.35388e-10, 1, 0.991993, 1, 0.995984
0.168333, 34.4037, 0.4, 0.4, 6.52796e-10, 1, 0.991993, 1, 0.995984
0.173333, 34.4037, 0.4, 0.4, 6.70204e-10, 1, 0.991993, 1, 0.995984
0.178333, 34.4037, 0.4, 0.4, 6.87612e-10, 1, 0.991993, 1, 0.995984
0.183333, 34.4037, 0.4, 0.4, 7.0502e-10, 1, 0.991993, 1, 0.995984
0.188333, 34.4037, 0.4, 0.4, 7.22428e-10, 1, 0.991993, 1, 0.995984
0.193333, 34.4037, 0.4, 0.4, 7.39836e-10, 1, 0.991993, 1, 0.995984
0.198333, 34.4037, 0.4, 0.4, 7.57244e-10, 1, 0.991993, 1, 0.995984
0.203333, 34.4037, 0.4, 0.4, 7.74652e-10, 1, 0.991993, 1, 0.995984
0.208333, 34.4037, 0.4, 0.4, 7.9206e-10, 1, 0.991993, 1, 0.995984
0.213333, 34.4037, 0.4, 0.4, 8.09468e-10, 1, 0.991993, 1, 0.995984
0.218333, 34.4037, 0.4, 0.4, 8.26875e-10, 1, 0.991993, 1, 0.995984
0.223333, 34.4037, 0.4, 0.4, 8.44283e-10, 1, 0.991993, 1, 0.995984
0.228333, 34.4037, 0.4, 0.4, 8.61691e-10, 1, 0.991993, 1, 0.995984
0.233333, 34.4037, 0.4, 0.4, 8.79099e-10, 1, 0.991993, 1, 0.995984
0.238333, 34.4037, 0.4, 0.4, 8.96507e-10, 1, 0.991993, 1, 0.995984
0.243333, 34.4037, 0.4, 0.4, 9.13915e-10, 1, 0.991993, 1, 0.995984
0.248333, 34.4037, 0.4, 0.4, 9.31323e-10, 1, 0.991993, 1, 0.995984
0.253333, 34.4037, 0.4, 0.4, 9.48731e-10, 1, 0.991993, 1, 0.995984
0.258333, 34.4037, 0.4, 0.4, 9.66139e-10, 1, 0.991993, 1, 0.995984
0.263333, 34.4037, 0.4, 0.4, 9.83546e-10, 1, 0.991993, 1, 0.995984
0.268333, 34.4037, 0.4, 0.4, 1.00095e-09, 1, 0.991993, 1, 0.995984
0.273333, 34.4037, 0.4, 0.4, 1.01836e-09, 1, 0.991993, 1, 0.995984
0.278333, 34.4037, 0.4, 0.4, 1.03577e-09, 1, 0.991993, 1, 0.995984
0.283333, 34.4037, 0.4, 0.4, 1.05318e-09, 1, 0.991993, 1, 0.995984
0.288333, 34.4037, 0.4, 0.4, 1.07059e-09, 1, 0.991993, 1, 0.995984
0.293333, 34.4037, 0.4, 0.4, 1.08799e-09, 1, 0.991993, 1, 0.995984
0.298333, 34.4037, 0.4, 0.4, 1.1054e-09, 1, 0.991993, 1, 0.995984
0.303333, 34.4037, 0.4, 0.4, 1.12281e-09, 1, 0.991993, 1, 0.995984
0.308333, 34.4037, 0.4, 0.4, 1.14022e-09, 1, 0.991993, 1, 0.995984
0.313333, 34.4037, 0.4, 0.4, 1.15762e-09, 1, 0.991993, 1, 0.995984
0.318333, 34.4037, 0.4, 0.4, 1.17503e-09, 1, 0.991993, 1, 0.995984
0.323333, 34.4037, 0.4, 0.4, 1.19244e-09, 1, 0.991993, 1, 0.995984
0.328333, 34.4037, 0.4, 0.4, 1.20985e-09, 1, 0.991993, 1, 0.995984
0.333333, 34.4037, 0.4, 0.4, 1.22726e-09, 1, 0.991993, 1, 0.995984
0.338333, 34.4037, 0.4, 0.4, 1.24466e-09, 1, 0.991993, 1, 0.995984
0.343333, 34.4037, 0.4, 0.4, 1.26207e-09, 1, 0.991993, 1, 0.995984
0.348333, 34.4037, 0.4, 0.4, 1.27948e-09, 1, 0.991993, 1, 0.995984
0.353333, 34.4037, 0.4, 0.4, 1.29689e-09, 1, 0.991993, 1, 0.995984
0.358333, 34.4037, 0.4, 0.4, 1.3143e-09, 1, 0.991993, 1, 0.995984
0.363333, 34.4037, 0.4, 0.4, 1.3317e-09, 1, 0.991993, 1, 0.995984
0.368333, 34.4037, 0.4, 0.4, 1.34911e-09, 1, 0.991993, 1, 0.995984
0.373333, 34.4037, 0.4, 0.4, 1.36652e-09, 1, 0.991993, 1, 0.995984
0.378333, 34.4037, 0.4, 0.4, 1.38393e-09, 1, 0.991993, 1, 0.995984
0.383333, 34.4037, 0.4, 0.4, 1.40133e-09, 1, 0.991993, 1, 0.995984
0.388333, 34.4037, 0.4, 0.4, 1.41874e-09, 1, 0.991993, 1, 0.995984
0.393333, 34.4037, 0.4, 0.4, 1.43615e-09, 1, 0.991993, 1, 0.995984
0.398333, 34.4037, 0.4, 0.4, 1.45356e-09, 1, 0.991993, 1, 0.995984
0.403333, 34.4037, 0.4, 0.4, 1.47097e-09, 1, 0.991993, 1, 0.995984
0.408333, 34.4037, 0.4, 0.4, 1.48837e-09, 1, 0.991993, 1, 0.995984
0.413333, 34.4037, 0.4, 0.4, 1.50578e-09, 1, 0.991993, 1, 0.995984
0.418333, 34.4037, 0.4, 0.4, 1.52319e-09, 1, 0.991993, 1, 0.995984
0.423333, 34.4037, 0.4, 0.4, 1.5406e-09, 1, 0.991993, 1, 0.995984
0.428333, 34.4037, 0.4, 0.4, 1.55801e-09, 1, 0.991993, 1, 0.995984
0.433333, 34.4037, 0.4, 0.4, 1.57541e-09, 1, 0.991993, 1, 0.995984
0.438333, 34.4037, 0.4, 0.4, 1.59282e-09, 1, 0.991993, 1, 0.995984
0.443333, 34.4037, 0.4, 0.4, 1.61023e-09, 1, 0.991993, 1, 0.995984
0.448333, 34.4037, 0.4, 0.4, 1.62764e-09, 1, 0.991993, 1, 0.995984
0.453333, 34.4037, 0.4, 0.4, 1.64504e-09, 1, 0.991993, 1, 0.995984
0.453333, 34.4037, 0.4, 0.4, 1.64504e-09, 1, 0.991993, 1, 0.995984
0.453383, 34.4037, 0.4, 0.4, 1.6366e-09, 1, 0.991993, 1, 0.995984
0.453433, 34.4037, 0.4, 0.4, 1.63678e-09, 1, 0.991993, 1, 0.995984
0.453483, 34.4037, 0.4, 0.4, 1.63695e-09, 1, 0.991993, 1, 0.995984
0.453533, 34.4037, 0.4, 0.4, 1.63712e-09, 1, 0.991993, 1, 0.995984
0.453583, 34.4037, 0.4, 0.4, 1.6373e-09, 1, 0.991993, 1, 0.995984
0.453633, 34.4037, 0.4, 0.4, 1.63747e-09, 1, 0.991993, 1, 0.995984
0.453683, 34.4037, 0.4, 0.4, 1.63765e-09, 1, 0.991993, 1, 0.995984
0.453733, 34.4037, 0.4, 0.4, 1.63782e-09, 1, 0.991993, 1, 0.995984
0.453783, 34.4037, 0.4, 0.4, 1.63799e-09, 1, 0.991993, 1, 0.995984
0.453833, 34.4037, 0.4, 0.4, 1.63817e-09, 1, 0.991993, 1, 0.995984
0.453883, 34.4037, 0.4, 0.4, 1.63834e-09, 1, 0.991993, 1, 0.995984
0.453933, 34.4037, 0.4, 0.4, 1.63852e-09, 1, 0.991993, 1, 0.995984
0.453983, 34.4037, 0.4, 0.4, 1.63869e-09, 1, 0.991993, 1, 0.995984
0.454033, 34.4037, 0.4, 0.4, 1.63887e-09, 1, 0.991993, 1, 0.995984
0.454083, 34.4037, 0.4, 0.4, 1.63904e-09, 1, 0.991993, 1, 0.995984
0.454133, 34.4037, 0.4, 0.4, 1.63921e-09, 1, 0.991993, 1, 0.995984
0.454183, 34.4037, 0.4, 0.4, 1.63939e-09, 1, 0.991993, 1, 0.995984
0.454233, 34.4037, 0.4, 0.4, 1.63956e-09, 1, 0.991993, 1, 0.995984
0.454283, 34.4037, 0.4, 0.4, 1.63974e-09, 1, 0.991993, 1, 0.995984
0.454333, 34.4037, 0.4, 0.4, 1.63991e-09, 1, 0.991993, 1, 0.995984
0.454383, 34.4037, 0.4, 0.4, 1.64008e-09, 1, 0.991993, 1, 0.995984
0.454433, 34.4037, 0.4, 0.4, 1.64026e-09, 1, 0.991993, 1, 0.995984
0.454483, 34.4037, 0.4, 0.4, 1.64043e-09, 1, 0.991993, 1, 0.995984
0.454533, 34.4037, 0.4, 0.4, 1.64061e-09, 1, 0.991993, 1, 0.995984
0.454583, 34.4037, 0.4, 0.4, 1.64078e-09, 1, 0.991993, 1, 0.995984
0.454633, 34.4037, 0.4, 0.4, 1.64095e-09, 1, 0.991993, 1, 0.995984
0.454683, 34.4037, 0.4, 0.4, 1.64113e-09, 1, 0.991993, 1, 0.995984
0.454733, 34.4037, 0.4, 0.4, 1.6413e-09, 1, 0.991993, 1, 0.995984
0.454783, 34.4037, 0.4, 0.4, 1.64148e-09, 1, 0.991993, 1, 0.995984
0.454833, 34.4037, 0.4, 0.4, 1.64165e-09, 1, 0.991993, 1, 0.995984
0.454883, 34.4037, 0.4, 0.4, 1.64182e-09, 1, 0.991993, 1, 0.995984
0.454933, 34.4037, 0.4, 0.4, 1.642e-09, 1, 0.991993, 1, 0.995984
0.454983, 34.4037, 0.4, 0.4, 1.64217e-09, 1, 0.991993, 1, 0.995984
0.455033, 34.4037, 0.4, 0.4, 1.64235e-09, 1, 0.991993, 1, 0.995984
0.455083, 34.4037, 0.4, 0.4, 1.64252e-09, 1, 0.991993, 1, 0.995984
0.455133, 34.4037, 0.4, 0.4, 1.64269e-09, 1, 0.991993, 1, 0.995984
0.455183, 34.4037, 0.4, 0.4, 1.64287e-09, 1, 0.991993, 1, 0.995984
0.455233, 34.4037, 0.4, 0.4, 1.64304e-09, 1, 0.991993, 1, 0.995984
0.455283, 34.4037, 0.4, 0.4, 1.64322e-09, 1, 0.991993, 1, 0.995984
0.455333, 34.4037, 0.4, 0.4, 1.64339e-09, 1, 0.991993, 1, 0.995984
0.455383, 34.4037, 0.4, 0.4, 1.64357e-09, 1, 0.991993, 1, 0.995984
0.455433, 34.4037, 0.4, 0.4, 1.64374e-09, 1, 0.991993, 1, 0.995984
0.455483, 34.4037, 0.4, 0.4, 1.64391e-09, 1, 0.991993, 1, 0.995984
0.455533, 34.4037, 0.4, 0.4, 1.64409e-09, 1, 0.991993, 1, 0.995984
0.455583, 34.4037, 0.4, 0.4, 1.64426e-09, 1, 0.991993, 1, 0.995984
0.455633, 34.4037, 0.4, 0.4, 1.64444e-09, 1, 0.991993, 1, 0.995984
0.455683, 34.4037, 0.4, 0.4, 1.64461e-09, 1, 0.991993, 1, 0.995984
0.455733, 34.4037, 0.4, 0.4, 1.64478e-09, 1, 0.991993, 1, 0.995984
0.455783, 34.4037, 0.4, 0.4, 1.64496e-09, 1, 0.991993, 1, 0.995984
0.455833, 34.4037, 0.4, 0.4, 1.64513e-09, 1, 0.991993, 1, 0.995984
0.455883, 34.4037, 0.4, 0.4, 1.64531e-09, 1, 0.991993, 1, 0.995984
0.455933, 34.4037, 0.4, 0.4, 1.64548e-09, 1, 0.991993, 1, 0.995984
0.455983, 34.4037, 0.4, 0.4, 1.64565e-09, 1, 0.991993, 1, 0.995984
0.456033, 34.4037, 0.4, 0.4, 1.64583e-09, 1, 0.991993, 1, 0.995984
0.456084, 34.4037, 0.4, 0.4, 1.646e-09, 1, 0.991993, 1, 0.995984
0.456134, 34.4037, 0.4, 0.4, 1.64618e-09, 1, 0.991993, 1, 0.995984
0.456184, 34.4037, 0.4, 0.4, 1.64635e-09, 1, 0.991993, 1, 0.995984
0.456234, 34.4037, 0.4, 0.4, 1.64652e-09, 1, 0.991993, 1, 0.995984
0.456284, 34.4037, 0.4, 0.4, 1.6467e-09, 1, 0.991993, 1, 0.995984
0.456334, 34.4037, 0.4, 0.4, 1.64687e-09, 1, 0.991993, 1, 0.995984
0.456384, 34.4037, 0.4, 0.4, 1.64705e-09, 1, 0.991993, 1, 0.995984
0.456434, 34.4037, 0.4, 0.4, 1.64722e-09, 1, 0.991993, 1, 0.995984
0.456484, 34.4037, 0.4, 0.4, 1.6474e-09, 1, 0.991993, 1, 0.995984
0.456534, 34.4037, 0.4, 0.4, 1.64757e-09, 1, 0.991993, 1, 0.995984
0.456584, 34.4037, 0.4, 0.4, 1.64774e-09, 1, 0.991993, 1, 0.995984
0.456634, 34.4037, 0.4, 0.4, 1.64792e-09, 1, 0.991993, 1, 0.995984
0.456684, 34.4037, 0.4, 0.4, 1.64809e-09, 1, 0.991993, 1, 0.995984
0.456734, 34.4037, 0.4, 0.4, 1.64827e-09, 1, 0.991993, 1, 0.995984
0.456784, 34.4037, 0.4, 0.4, 1.64844e-09, 1, 0.991993, 1, 0.995984
0.456834, 34.4037, 0.4, 0.4, 1.64861e-09, 1, 0.991993, 1, 0.995984
0.456884, 34.4037, 0.4, 0.4, 1.64879e-09, 1, 0.991993, 1, 0.995984
0.456934, 34.4037, 0.4, 0.4, 1.64896e-09, 1, 0.991993, 1, 0.995984
0.456984, 34.4037, 0.4, 0.4, 1.64914e-09, 1, 0.991993, 1, 0.995984
0.457034, 34.4037, 0.4, 0.4, 1.64931e-09, 1, 0.991993, 1, 0.995984
0.457084, 34.4037, 0.4, 0.4, 1.64948e-09, 1, 0.991993, 1, 0.995984
0.457134, 34.4037, 0.4, 0.4, 1.64966e-09, 1, 0.991993, 1, 0.995984
0.457184, 34.4037, 0.4, 0.4, 1.64983e-09, 1, 0.991993, 1, 0.995984
0.457234, 34.4037, 0.4, 0.4, 1.65001e-09, 1, 0.991993, 1, 0.995984
0.457284, 34.4037, 0.4, 0.4, 1.65018e-09, 1, 0.991993, 1, 0.995984
0.457334, 34.4037, 0.4, 0.4, 1.65035e-09, 1, 0.991993, 1, 0.995984
0.457384, 34.4037, 0.4, 0.4, 1.65053e-09, 1, 0.991993, 1, 0.995984
0.457434, 34.4037, 0.4, 0.4, 1.6507e-09, 1, 0.991993, 1, 0.995984
0.457484, 34.4037, 0.4, 0.4, 1.65088e-09, 1, 0.991993, 1, 0.995984
0.457534, 34.4037, 0.4, 0.4, 1.65105e-09, 1, 0.991993, 1, 0.995984
0.457584, 34.4037, 0.4, 0.4, 1.65123e-09, 1, 0.991993, 1, 0.995984
0.457634, 34.4037, 0.4, 0.4, 1.6514e-09, 1, 0.991993, 1, 0.995984
0.457684, 34.4037, 0.4, 0.4, 1.65157e-09, 1, 0.991993, 1, 0.995984
0.457734, 34.4037, 0.4, 0.4, 1.65175e-09, 1, 0.991993, 1, 0.995984
0.457784, 34.4037, 0.4, 0.4, 1.65192e-09, 1, 0.991993, 1, 0.995984
0.457834, 34.4037, 0.4, 0.4, 1.6521e-09, 1, 0.991993, 1, 0.995984
0.457884, 34.4037, 0.4, 0.4, 1.65227e-09, 1, 0.991993, 1, 0.995984
0.457934, 34.4037, 0.4, 0.4, 1.65244e-09, 1, 0.991993, 1, 0.995984
0.457984, 34.4037, 0.4, 0.4, 1.65262e-09, 1, 0.991993, 1, 0.995984
0.458034, 34.4037, 0.4, 0.4, 1.65279e-09, 1, 0.991993, 1, 0.995984
0.458084, 34.4037, 0.4, 0.4, 1.65297e-09, 1, 0.991993, 1, 0.995984
0.458134, 34.4037, 0.4, 0.4, 1.65314e-09, 1, 0.991993, 1, 0.995984
0.458184, 34.4037, 0.4, 0.4, 1.65331e-09, 1, 0.991993, 1, 0.995984
0.458234, 34.4037, 0.4, 0.4, 1.65349e-09, 1, 0.991993, 1, 0.995984
0.458284, 34.4037, 0.4, 0.4, 1.65366e-09, 1, 0.991993, 1, 0.995984
0.458334, 34.4037, 0.4, 0.4, 1.65384e-09, 1, 0.991993, 1, 0.995984
0.458384, 34.4037, 0.4, 0.4, 1.65401e-09, 1, 0.991993, 1, 0.995984
0.458434, 34.4037, 0.4, 0.4, 1.65418e-09, 1, 0.991993, 1, 0.995984
0.458484, 34.4037, 0.4, 0.4, 1.65436e-09, 1, 0.991993, 1, 0.995984
0.458534, 34.4037, 0.4, 0.4, 1.65453e-09, 1, 0.991993, 1, 0.995984
0.458584, 34.4037, 0.4, 0.4, 1.65471e-09, 1, 0.991993, 1, 0.995984
0.458634, 34.4037, 0.4, 0.4, 1.65488e-09, 1, 0.991993, 1, 0.995984
0.458684, 34.4037, 0.4, 0.4, 1.65505e-09, 1, 0.991993, 1, 0.995984
0.458734, 34.4037, 0.4, 0.4, 1.65523e-09, 1, 0.991993, 1, 0.995984
0.458784, 34.4037, 0.4, 0.4, 1.6554e-09, 1, 0.991993, 1, 0.995984
0.458834, 34.4037, 0.4, 0.4, 1.65558e-09, 1, 0.991993, 1, 0.995984
0.458884, 34.4037, 0.4, 0.4, 1.65575e-09, 1, 0.991993, 1, 0.995984
0.458934, 34.4037, 0.4, 0.4, 1.65593e-09, 1, 0.991993, 1, 0.995984
0.458984, 34.4037, 0.4, 0.4, 1.6561e-09, 1, 0.991993, 1, 0.995984
0.459034, 34.4037, 0.4, 0.4, 1.65627e-09, 1, 0.991993, 1, 0.995984
0.459084, 34.4037, 0.4, 0.4, 1.65645e-09, 1, 0.991993, 1, 0.995984
0.459134, 34.4037, 0.4, 0.4, 1.65662e-09, 1, 0.991993, 1, 0.995984
0.459184, 34.4037, 0.4, 0.4, 1.6568e-09, 1, 0.991993, 1, 0.995984
0.459234, 34.4037, 0.4, 0.4, 1.65697e-09, 1, 0.991993, 1, 0.995984
0.459284, 34.4037, 0.4, 0.4, 1.65714e-09, 1, 0.991993, 1, 0.995984
0.459334, 34.4037, 0.4, 0.4, 1.65732e-09, 1, 0.991993, 1, 0.995984
0.459384, 34.4037, 0.4, 0.4, 1.65749e-09, 1, 0.991993, 1, 0.995984
0.459434, 34.4037, 0.4, 0.4, 1.65767e-09, 1, 0.991993, 1, 0.995984
0.459484, 34.4037, 0.4, 0.4, 1.65784e-09, 1, 0.991993, 1, 0.995984
0.459534, 34.4037, 0.4, 0.4, 1.65801e-09, 1, 0.991993, 1, 0.995984
0.459584, 34.4037, 0.4, 0.4, 1.65819e-09, 1, 0.991993, 1, 0.995984
0.459634, 34.4037, 0.4, 0.4, 1.65836e-09, 1, 0.991993, 1, 0.995984
0.459684, 34.4037, 0.4, 0.4, 1.65854e-09, 1, 0.991993, 1, 0.995984
0.459734, 34.4037, 0.4, 0.4, 1.65871e-09, 1, 0.991993, 1, 0.995984
0.459784, 34.4037, 0.4, 0.4, 1.65888e-09, 1, 0.991993, 1, 0.995984
0.459834, 34.4037, 0.4, 0.4, 1.65906e-09, 1, 0.991993, 1, 0.995984
0.459884, 34.4037, 0.4, 0.4, 1.65923e-09, 1, 0.991993, 1, 0.995984
0.459934, 34.4037, 0.4, 0.4, 1.65941e-09, 1, 0.991993, 1, 0.995984
0.459984, 34.4037, 0.4, 0.4, 1.65958e-09, 1, 0.991993, 1, 0.995984
0.460034, 34.4037, 0.4, 0.4, 1.65976e-09, 1, 0.991993, 1, 0.995984
0.460084, 34.4037, 0.4, 0.4, 1.65993e-09, 1, 0.991993, 1, 0.995984
0.460134, 34.4037, 0.4, 0.4, 1.6601e-09, 1, 0.991993, 1, 0.995984
0.460184, 34.4037, 0.4, 0.4, 1.66028e-09, 1, 0.991993, 1, 0.995984
0.460234, 34.4037, 0.4, 0.4, 1.66045e-09, 1, 0.991993, 1, 0.995984
0.460284, 34.4037, 0.4, 0.4, 1.66063e-09, 1, 0.991993, 1, 0.995984
0.460334, 34.4037, 0.4, 0.4, 1.6608e-09, 1, 0.991993, 1, 0.995984
0.460384, 34.4037, 0.4, 0.4, 1.66097e-09, 1, 0.991993, 1, 0.995984
0.460434, 34.4037, 0.4, 0.4, 1.66115e-09, 1, 0.991993, 1, 0.995984
0.460484, 34.4037, 0.4, 0.4, 1.66132e-09, 1, 0.991993, 1, 0.995984
0.460534, 34.4037, 0.4, 0.4, 1.6615e-09, 1, 0.991993, 1, 0.995984
0.460584, 34.4037, 0.4, 0.4, 1.66167e-09, 1, 0.991993, 1, 0.995984
0.460634, 34.4037, 0.4, 0.4, 1.66184e-09, 1, 0.991993, 1, 0.995984
0.460684, 34.4037, 0.4, 0.4, 1.66202e-09, 1, 0.991993, 1, 0.995984
0.460734, 34.4037, 0.4, 0.4, 1.66219e-09, 1, 0.991993, 1, 0.995984
0.460784, 34.4037, 0.4, 0.4, 1.66237e-09, 1, 0.991993, 1, 0.995984
0.460834, 34.4037, 0.4, 0.4, 1.66254e-09, 1, 0.991993, 1, 0.995984
0.460884, 34.4037, 0.4, 0.4, 1.66271e-09, 1, 0.991993, 1, 0.995984
0.460934, 34.4037, 0.4, 0.4, 1.66289e-09, 1, 0.991993, 1, 0.995984
0.460984, 34.4037, 0.4, 0.4, 1.66306e-09, 1, 0.991993, 1, 0.995984
0.461034, 34.4037, 0.4, 0.4, 1.66324e-09, 1, 0.991993, 1, 0.995984
0.461084, 34.4037, 0.4, 0.4, 1.66341e-09, 1, 0.991993, 1, 0.995984
0.461134, 34.4037, 0.4, 0.4, 1.66358e-09, 1, 0.991993, 1, 0.995984
0.461184, 34.4037, 0.4, 0.4, 1.66376e-09, 1, 0.991993, 1, 0.995984
0.461234, 34.4037, 0.4, 0.4, 1.66393e-09, 1, 0.991993, 1, 0.995984
0.461284, 34.4037, 0.4, 0.4, 1.66411e-09, 1, 0.991993, 1, 0.995984
0.461334, 34.4037, 0.4, 0.4, 1.66428e-09, 1, 0.991993, 1, 0.995984
0.461384, 34.4037, 0.4, 0.4, 1.66446e-09, 1, 0.991993, 1, 0.995984
0.461434, 34.4037, 0.4, 0.4, 1.66463e-09, 1, 0.991993, 1, 0.995984
0.461484, 34.4037, 0.4, 0.4, 1.6648e-09, 1, 0.991993, 1, 0.995984
0.461534, 34.4037, 0.4, 0.4, 1.66498e-09, 1, 0.991993, 1, 0.995984
0.461584, 34.4037, 0.4, 0.4, 1.66515e-09, 1, 0.991993, 1, 0.995984
0.461634, 34.4037, 0.4, 0.4, 1.66533e-09, 1, 0.991993, 1, 0.995984
0.461684, 34.4037, 0.4, 0.4, 1.6655e-09, 1, 0.991993, 1, 0.995984
0.461734, 34.4037, 0.4, 0.4, 1.66567e-09, 1, 0.991993, 1, 0.995984
0.461784, 34.4037, 0.4, 0.4, 1.66585e-09, 1, 0.991993, 1, 0.995984
0.461834, 34.4037, 0.4, 0.4, 1.66602e-09, 1, 0.991993, 1, 0.995984
0.461884, 34.4037, 0.4, 0.4, 1.6662e-09, 1, 0.991993, 1, 0.995984
0.461934, 34.4037, 0.4, 0.4, 1.66637e-09, 1, 0.991993, 1, 0.995984
0.461984, 34.4037, 0.4, 0.4, 1.66654e-09, 1, 0.991993, 1, 0.995984
0.462034, 34.4037, 0.4, 0.4, 1.66672e-09, 1, 0.991993, 1, 0.995984
0.462085, 34.4037, 0.4, 0.4, 1.66689e-09, 1, 0.991993, 1, 0.995984
0.462135, 34.4037, 0.4, 0.4, 1.66707e-09, 1, 0.991993, 1, 0.995984
0.462185, 34.4037, 0.4, 0.4, 1.66724e-09, 1, 0.991993, 1, 0.995984
0.462235, 34.4037, 0.4, 0.4, 1.66741e-09, 1, 0.991993, 1, 0.995984
0.462285, 34.4037, 0.4, 0.4, 1.66759e-09, 1, 0.991993, 1, 0.995984
0.462335, 34.4037, 0.4, 0.4, 1.66776e-09, 1, 0.991993, 1, 0.995984
0.462385, 34.4037, 0.4, 0.4, 1.66794e-09, 1, 0.991993, 1, 0.995984
0.462435, 34.4037, 0.4, 0.4, 1.66811e-09, 1, 0.991993, 1, 0.995984
0.462485, 34.4037, 0.4, 0.4, 1.66829e-09, 1, 0.991993, 1, 0.995984
0.462535, 34.4037, 0.4, 0.4, 1.66846e-09, 1, 0.991993, 1, 0.995984
0.462585, 34.4037, 0.4, 0.4, 1.66863e-09, 1, 0.991993, 1, 0.995984
0.462635, 34.4037, 0.4, 0.4, 1.66881e-09, 1, 0.991993, 1, 0.995984
0.462685, 34.4037, 0.4, 0.4, 1.66898e-09, 1, 0.991993, 1, 0.995984
0.462735, 34.4037, 0.4, 0.4, 1.66916e-09, 1, 0.991993, 1, 0.995984
0.462785, 34.4037, 0.4, 0.4, 1.66933e-09, 1, 0.991993, 1, 0.995984
0.462835, 34.4037, 0.4, 0.4, 1.6695e-09, 1, 0.991993, 1, 0.995984
0.462885, 34.4037, 0.4, 0.4, 1.66968e-09, 1, 0.991993, 1, 0.995984
0.462935, 34.4037, 0.4, 0.4, 1.66985e-09, 1, 0.991993, 1, 0.995984
0.462985, 34.4037, 0.4, 0.4, 1.67003e-09, 1, 0.991993, 1, 0.995984
0.463035, 34.4037, 0.4, 0.4, 1.6702e-09, 1, 0.991993, 1, 0.995984
0.463085, 34.4037, 0.4, 0.4, 1.67037e-09, 1, 0.991993, 1, 0.995984
0.463135, 34.4037, 0.4, 0.4, 1.67055e-09, 1, 0.991993, 1, 0.995984
0.463185, 34.4037, 0.4, 0.4, 1.67072e-09, 1, 0.991993, 1, 0.995984
0.463235, 34.4037, 0.4, 0.4, 1.6709e-09, 1, 0.991993, 1, 0.995984
0.463285, 34.4037, 0.4, 0.4, 1.67107e-09, 1, 0.991993, 1, 0.995984
0.463335, 34.4037, 0.4, 0.4, 1.67124e-09, 1, 0.991993, 1, 0.995984
0.463385, 34.4037, 0.4, 0.4, 1.67142e-09, 1, 0.991993, 1, 0.995984
0.463435, 34.4037, 0.4, 0.4, 1.67159e-09, 1, 0.991993, 1, 0.995984
0.463485, 34.4037, 0.4, 0.4, 1.67177e-09, 1, 0.991993, 1, 0.995984
0.463535, 34.4037, 0.4, 0.4, 1.67194e-09, 1, 0.991993, 1, 0.995984
0.463585, 34.4037, 0.4, 0.4, 1.67212e-09, 1, 0.991993, 1, 0.995984
0.463635, 34.4037, 0.4, 0.4, 1.67229e-09, 1, 0.991993, 1, 0.995984
0.463685, 34.4037, 0.4, 0.4, 1.67246e-09, 1, 0.991993, 1, 0.995984
0.463735, 34.4037, 0.4, 0.4, 1.67264e-09, 1, 0.991993, 1, 0.995984
0.463785, 34.4037, 0.4, 0.4, 1.67281e-09, 1, 0.991993, 1, 0.995984
0.463835, 34.4037, 0.4, 0.4, 1.67299e-09, 1, 0.991993, 1, 0.995984
0.463885, 34.4037, 0.4, 0.4, 1.67316e-09, 1, 0.991993, 1, 0.995984
0.463935, 34.4037, 0.4, 0.4, 1.67333e-09, 1, 0.991993, 1, 0.995984
0.463985, 34.4037, 0.4, 0.4, 1.67351e-09, 1, 0.991993, 1, 0.995984
0.464035, 34.4037, 0.4, 0.4, 1.67368e-09, 1, 0.991993, 1, 0.995984
0.464085, 34.4037, 0.4, 0.4, 1.67386e-09, 1, 0.991993, 1, 0.995984
0.464135, 34.4037, 0.4, 0.4, 1.67403e-09, 1, 0.991993, 1, 0.995984
0.464185, 34.4037, 0.4, 0.4, 1.6742e-09, 1, 0.991993, 1, 0.995984
0.464235, 34.4037, 0.4, 0.4, 1.67438e-09, 1, 0.991993, 1, 0.995984
0.464285, 34.4037, 0.4, 0.4, 1.67455e-09, 1, 0.991993, 1, 0.995984
0.464335, 34.4037, 0.4, 0.4, 1.67473e-09, 1, 0.991993, 1, 0.995984
0.464385, 34.4037, 0.4, 0.4, 1.6749e-09, 1, 0.991993, 1, 0.995984
0.464435, 34.4037, 0.4, 0.4, 1.67507e-09, 1, 0.991993, 1, 0.995984
0.464485, 34.4037, 0.4, 0.4, 1.67525e-09, 1, 0.991993, 1, 0.995984
0.464535, 34.4037, 0.4, 0.4, 1.67542e-09, 1, 0.991993, 1, 0.995984
0.464585, 34.4037, 0.4, 0.4, 1.6756e-09, 1, 0.991993, 1, 0.995984
0.464635, 34.4037, 0.4, 0.4, 1.67577e-09, 1, 0.991993, 1, 0.995984
0.464685, 34.4037, 0.4, 0.4, 1.67594e-09, 1, 0.991993, 1, 0.995984
0.464735, 34.4037, 0.4, 0.4, 1.67612e-09, 1, 0.991993, 1, 0.995984
0.464785, 34.4037, 0.4, 0.4, 1.67629e-09, 1, 0.991993, 1, 0.995984
0.464835, 34.4037, 0.4, 0.4, 1.67647e-09, 1, 0.991993, 1, 0.995984
0.464885, 34.4037, 0.4, 0.4, 1.67664e-09, 1, 0.991993, 1, 0.995984
0.464935, 34.4037, 0.4, 0.4, 1.67682e-09, 1, 0.991993, 1, 0.995984
0.464985, 34.4037, 0.4, 0.4, 1.67699e-09, 1, 0.991993, 1, 0.995984
0.465035, 34.4037, 0.4, 0.4, 1.67716e-09, 1, 0.991993, 1, 0.995984
0.465085, 34.4037, 0.4, 0.4, 1.67734e-09, 1, 0.991993, 1, 0.995984
0.465135, 34.4037, 0.4, 0.4, 1.67751e-09, 1, 0.991993, 1, 0.995984
0.465185, 34.4037, 0.4, 0.4, 1.67769e-09, 1, 0.991993, 1, 0.995984
0.465235, 34.4037, 0.4, 0.4, 1.67786e-09, 1, 0.991993, 1, 0.995984
0.465285, 34.4037, 0.4, 0.4, 1.67803e-09, 1, 0.991993, 1, 0.995984
0.465335, 34.4037, 0.4, 0.4, 1.67821e-09, 1, 0.991993, 1, 0.995984
0.465385, 34.4037, 0.4, 0.4, 1.67838e-09, 1, 0.991993, 1, 0.995984
0.465435, 34.4037, 0.4, 0.4, 1.67856e-09, 1, 0.991993, 1, 0.995984
0.465485, 34.4037, 0.4, 0.4, 1.67873e-09, 1, 0.991993, 1, 0.995984
0.465535, 34.4037, 0.4, 0.4, 1.6789e-09, 1, 0.991993, 1, 0.995984
0.465585, 34.4037, 0.4, 0.4, 1.67908e-09, 1, 0.991993, 1, 0.995984
0.465635, 34.4037, 0.4, 0.4, 1.67925e-09, 1, 0.991993, 1, 0.995984
0.465685, 34.4037, 0.4, 0.4, 1.67943e-09, 1, 0.991993, 1, 0.995984
0.465735, 34.4037, 0.4, 0.4, 1.6796e-09, 1, 0.991993, 1, 0.995984
0.465785, 34.4037, 0.4, 0.4, 1.67977e-09, 1, 0.991993, 1, 0.995984
0.465835, 34.4037, 0.4, 0.4, 1.67995e-09, 1, 0.991993, 1, 0.995984
0.465885, 34.4037, 0.4, 0.4, 1.68012e-09, 1, 0.991993, 1, 0.995984
0.465935, 34.4037, 0.4, 0.4, 1.6803e-09, 1, 0.991993, 1, 0.995984
0.465985, 34.4037, 0.4, 0.4, 1.68047e-09, 1, 0.991993, 1, 0.995984
0.466035, 34.4037, 0.4, 0.4, 1.68065e-09, 1, 0.991993, 1, 0.995984
0.466085, 34.4037, 0.4, 0.4, 1.68082e-09, 1, 0.991993, 1, 0.995984
0.466135, 34.4037, 0.4, 0.4, 1.68099e-09, 1, 0.991993, 1, 0.995984
0.466185, 34.4037, 0.4, 0.4, 1.68117e-09, 1, 0.991993, 1, 0.995984
0.466235, 34.4037, 0.4, 0.4, 1.68134e-09, 1, 0.991993, 1, 0.995984
0.466285, 34.4037, 0.4, 0.4, 1.68152e-09, 1, 0.991993, 1, 0.995984
0.466335, 34.4037, 0.4, 0.4, 1.68169e-09, 1, 0.991993, 1, 0.995984
0.466385, 34.4037, 0.4, 0.4, 1.68186e-09, 1, 0.991993, 1, 0.995984
0.466435, 34.4037, 0.4, 0.4, 1.68204e-09, 1, 0.991993, 1, 0.995984
0.466485, 34.4037, 0.4, 0.4, 1.68221e-09, 1, 0.991993, 1, 0.995984
0.466535, 34.4037, 0.4, 0.4, 1.68239e-09, 1, 0.991993, 1, 0.995984
0.466585, 34.4037, 0.4, 0.4, 1.68256e-09, 1, 0.991993, 1, 0.995984
0.466635, 34.4037, 0.4, 0.4, 1.68273e-09, 1, 0.991993, 1, 0.995984
0.466685, 34.4037, 0.4, 0.4, 1.68291e-09, 1, 0.991993, 1, 0.995984
0.466735, 34.4037, 0.4, 0.4, 1.68308e-09, 1, 0.991993, 1, 0.995984
0.466785, 34.4037, 0.4, 0.4, 1.68326e-09, 1, 0.991993, 1, 0.995984
0.466835, 34.4037, 0.4, 0.4, 1.68343e-09, 1, 0.991993, 1, 0.995984
0.466885, 34.4037, 0.4, 0.4, 1.6836e-09, 1, 0.991993, 1, 0.995984
0.466935, 34.4037, 0.4, 0.4, 1.68378e-09, 1, 0.991993, 1, 0.995984
0.466985, 34.4037, 0.4, 0.4, 1.68395e-09, 1, 0.991993, 1, 0.995984
0.467035, 34.4037, 0.4, 0.4, 1.68413e-09, 1, 0.991993, 1, 0.995984
0.467085, 34.4037, 0.4, 0.4, 1.6843e-09, 1, 0.991993, 1, 0.995984
0.467135, 34.4037, 0.4, 0.4, 1.68447e-09, 1, 0.991993, 1, 0.995984
0.467185, 34.4037, 0.4, 0.4, 1.68465e-09, 1, 0.991993, 1, 0.995984
0.467235, 34.4037, 0.4, 0.4, 1.68482e-09, 1, 0.991993, 1, 0.995984
0.467285, 34.4037, 0.4, 0.4, 1.685e-09, 1, 0.991993, 1, 0.995984
0.467335, 34.4037, 0.4, 0.4, 1.68517e-09, 1, 0.991993, 1, 0.995984
0.467385, 34.4037, 0.4, 0.4, 1.68535e-09, 1, 0.991993, 1, 0.995984
0.467435, 34.4037, 0.4, 0.4, 1.68552e-09, 1, 0.991993, 1, 0.995984
0.467485, 34.4037, 0.4, 0.4, 1.68569e-09, 1, 0.991993, 1, 0.995984
0.467535, 34.4037, 0.4, 0.4, 1.68587e-09, 1, 0.991993, 1, 0.995984
0.467585, 34.4037, 0.4, 0.4, 1.68604e-09, 1, 0.991993, 1, 0.995984
0.467635, 34.4037, 0.4, 0.4, 1.68622e-09, 1, 0.991993, 1, 0.995984
0.467685, 34.4037, 0.4, 0.4, 1.68639e-09, 1, 0.991993, 1, 0.995984
0.467735, 34.4037, 0.4, 0.4, 1.68656e-09, 1, 0.991993, 1, 0.995984
0.467785, 34.4037, 0.4, 0.4, 1.68674e-09, 1, 0.991993, 1, 0.995984
0.467835, 34.4037, 0.4, 0.4, 1.68691e-09, 1, 0.991993, 1, 0.995984
0.467885, 34.4037, 0.4, 0.4, 1.68709e-09, 1, 0.991993, 1, 0.995984
0.467935, 34.4037, 0.4, 0.4, 1.68726e-09, 1, 0.991993, 1, 0.995984
0.467985, 34.4037, 0.4, 0.4, 1.68743e-09, 1, 0.991993, 1, 0.995984
0.468035, 34.4037, 0.4, 0.4, 1.68761e-09, 1, 0.991993, 1, 0.995984
0.468085, 34.4037, 0.4, 0.4, 1.68778e-09, 1, 0.991993, 1, 0.995984
0.468136, 34.4037, 0.4, 0.4, 1.68796e-09, 1, 0.991993, 1, 0.995984
0.468186, 34.4037, 0.4, 0.4, 1.68813e-09, 1, 0.991993, 1, 0.995984
0.468236, 34.4037, 0.4, 0.4, 1.6883e-09, 1, 0.991993, 1, 0.995984
0.468286, 34.4037, 0.4, 0.4, 1.68848e-09, 1, 0.991993, 1, 0.995984
0.468336, 34.4037, 0.4, 0.4, 1.68865e-09, 1, 0.991993, 1, 0.995984
0.468386, 34.4037, 0.4, 0.4, 1.68883e-09, 1, 0.991993, 1, 0.995984
0.468436, 34.4037, 0.4, 0.4, 1.689e-09, 1, 0.991993, 1, 0.995984
0.468486, 34.4037, 0.4, 0.4, 1.68918e-09, 1, 0.991993, 1, 0.995984
0.468536, 34.4037, 0.4, 0.4, 1.68935e-09, 1, 0.991993, 1, 0.995984
0.468586, 34.4037, 0.4, 0.4, 1.68952e-09, 1, 0.991993, 1, 0.995984
0.468636, 34.4037, 0.4, 0.4, 1.6897e-09, 1, 0.991993, 1, 0.995984
0.468686, 34.4037, 0.4, 0.4, 1.68987e-09, 1, 0.991993, 1, 0.995984
0.468736, 34.4037, 0.4, 0.4, 1.69005e-09, 1, 0.991993, 1, 0.995984
0.468786, 34.4037, 0.4, 0.4, 1.69022e-09, 1, 0.991993, 1, 0.995984
0.468836, 34.4037, 0.4, 0.4, 1.69039e-09, 1, 0.991993, 1, 0.995984
0.468886, 34.4037, 0.4, 0.4, 1.69057e-09, 1, 0.991993, 1, 0.995984
0.468936, 34.4037, 0.4, 0.4, 1.69074e-09, 1, 0.991993, 1, 0.995984
0.468986, 34.4037, 0.4, 0.4, 1.69092e-09, 1, 0.991993, 1, 0.995984
0.469036, 34.4037, 0.4, 0.4, 1.69109e-09, 1, 0.991993, 1, 0.995984
0.469086, 34.4037, 0.4, 0.4, 1.69126e-09, 1, 0.991993, 1, 0.995984
0.469136, 34.4037, 0.4, 0.4, 1.69144e-09, 1, 0.991993, 1, 0.995984
0.469186, 34.4037, 0.4, 0.4, 1.69161e-09, 1, 0.991993, 1, 0.995984
0.469236, 34.4037, 0.4, 0.4, 1.69179e-09, 1, 0.991993, 1, 0.995984
0.469286, 34.4037, 0.4, 0.4, 1.69196e-09, 1, 0.991993, 1, 0.995984
0.469336, 34.4037, 0.4, 0.4, 1.69213e-09, 1, 0.991993, 1, 0.995984
0.469386, 34.4037, 0.4, 0.4, 1.69231e-09, 1, 0.991993, 1, 0.995984
0.469436, 34.4037, 0.4, 0.4, 1.69248e-09, 1, 0.991993, 1, 0.995984
0.469486, 34.4037, 0.4, 0.4, 1.69266e-09, 1, 0.991993, 1, 0.995984
0.469536, 34.4037, 0.4, 0.4, 1.69283e-09, 1, 0.991993, 1, 0.995984
0.469586, 34.4037, 0.4, 0.4, 1.693e-09, 1, 0.991993, 1, 0.995984
0.469636, 34.4037, 0.4, 0.4, 1.69318e-09, 1, 0.991993, 1, 0.995984
0.469686, 34.4037, 0.4, 0.4, 1.69335e-09, 1, 0.991993, 1, 0.995984
0.469736, 34.4037, 0.4, 0.4, 1.69353e-09, 1, 0.991993, 1, 0.995984
0.469786, 34.4037, 0.4, 0.4, 1.6937e-09, 1, 0.991993, 1, 0.995984
0.469836, 34.4037, 0.4, 0.4, 1.69388e-09, 1, 0.991993, 1, 0.995984
0.469886, 34.4037, 0.4, 0.4, 1.69405e-09, 1, 0.991993, 1, 0.995984
0.469936, 34.4037, 0.4, 0.4, 1.69422e-09, 1, 0.991993, 1, 0.995984
0.469986, 34.4037, 0.4, 0.4, 1.6944e-09, 1, 0.991993, 1, 0.995984
0.470036, 34.4037, 0.4, 0.4, 1.69457e-09, 1, 0.991993, 1, 0.995984
0.470086, 34.4037, 0.4, 0.4, 1.69475e-09, 1, 0.991993, 1, 0.995984
0.470136, 34.4037, 0.4, 0.4, 1.69492e-09, 1, 0.991993, 1, 0.995984
0.470186, 34.4037, 0.4, 0.4, 1.69509e-09, 1, 0.991993, 1, 0.995984
0.470236, 34.4037, 0.4, 0.4, 1.69527e-09, 1, 0.991993, 1, 0.995984
0.470286, 34.4037, 0.4, 0.4, 1.69544e-09, 1, 0.991993, 1, 0.995984
0.470336, 34.4037, 0.4, 0.4, 1.69562e-09, 1, 0.991993, 1, 0.995984
0.470386, 34.4037, 0.4, 0.4, 1.69579e-09, 1, 0.991993, 1, 0.995984
0.470436, 34.4037, 0.4, 0.4, 1.69596e-09, 1, 0.991993, 1, 0.995984
0.470486, 34.4037, 0.4, 0.4, 1.69614e-09, 1, 0.991993, 1, 0.995984
0.470536, 34.4037, 0.4, 0.4, 1.69631e-09, 1, 0.991993, 1, 0.995984
0.470586, 34.4037, 0.4, 0.4, 1.69649e-09, 1, 0.991993, 1, 0.995984
0.470636, 34.4037, 0.4, 0.4, 1.69666e-09, 1, 0.991993, 1, 0.995984
0.470686, 34.4037, 0.4, 0.4, 1.69683e-09, 1, 0.991993, 1, 0.995984
0.470736, 34.4037, 0.4, 0.4, 1.69701e-09, 1, 0.991993, 1, 0.995984
0.470786, 34.4037, 0.4, 0.4, 1.69718e-09, 1, 0.991993, 1, 0.995984
0.470836, 34.4037, 0.4, 0.4, 1.69736e-09, 1, 0.991993, 1, 0.995984
0.470886, 34.4037, 0.4, 0.4, 1.69753e-09, 1, 0.991993, 1, 0.995984
0.470936, 34.4037, 0.4, 0.4, 1.69771e-09, 1, 0.991993, 1, 0.995984
0.470986, 34.4037, 0.4, 0.4, 1.69788e-09, 1, 0.991993, 1, 0.995984
0.471036, 34.4037, 0.4, 0.4, 1.69805e-09, 1, 0.991993, 1, 0.995984
0.471086, 34.4037, 0.4, 0.4, 1.69823e-09, 1, 0.991993, 1, 0.995984
0.471136, 34.4037, 0.4, 0.4, 1.6984e-09, 1, 0.991993, 1, 0.995984
0.471186, 34.4037, 0.4, 0.4, 1.69858e-09, 1, 0.991993, 1, 0.995984
0.471236, 34.4037, 0.4, 0.4, 1.69875e-09, 1, 0.991993, 1, 0.995984
0.471286, 34.4037, 0.4, 0.4, 1.69892e-09, 1, 0.991993, 1, 0.995984
0.471336, 34.4037, 0.4, 0.4, 1.6991e-09, 1, 0.991993, 1, 0.995984
0.471386, 34.4037, 0.4, 0.4, 1.69927e-09, 1, 0.991993, 1, 0.995984
0.471436, 34.4037, 0.4, 0.4, 1.69945e-09, 1, 0.991993, 1, 0.995984
0.471486, 34.4037, 0.4, 0.4, 1.69962e-09, 1, 0.991993, 1, 0.995984
0.471536, 34.4037, 0.4, 0.4, 1.69979e-09, 1, 0.991993, 1, 0.995984
0.471586, 34.4037, 0.4, 0.4, 1.69997e-09, 1, 0.991993, 1, 0.995984
0.471636, 34.4037, 0.4, 0.4, 1.70014e-09, 1, 0.991993, 1, 0.995984
0.471686, 34.4037, 0.4, 0.4, 1.70032e-09, 1, 0.991993, 1, 0.995984
0.471736, 34.4037, 0.4, 0.4, 1.70049e-09, 1, 0.991993, 1, 0.995984
0.471786, 34.4037, 0.4, 0.4, 1.70066e-09, 1, 0.991993, 1, 0.995984
0.471836, 34.4037, 0.4, 0.4, 1.70084e-09, 1, 0.991993, 1, 0.995984
0.471886, 34.4037, 0.4, 0.4, 1.70101e-09, 1, 0.991993, 1, 0.995984
0.471936, 34.4037, 0.4, 0.4, 1.70119e-09, 1, 0.991993, 1, 0.995984
0.471986, 34.4037, 0.4, 0.4, 1.70136e-09, 1, 0.991993, 1, 0.995984
0.472036, 34.4037, 0.4, 0.4, 1.70154e-09, 1, 0.991993, 1, 0.995984
0.472086, 34.4037, 0.4, 0.4, 1.70171e-09, 1, 0.991993, 1, 0.995984
0.472136, 34.4037, 0.4, 0.4, 1.70188e-09, 1, 0.991993, 1, 0.995984
0.472186, 34.4037, 0.4, 0.4, 1.70206e-09, 1, 0.991993, 1, 0.995984
0.472236, 34.4037, 0.4, 0.4, 1.70223e-09, 1, 0.991993, 1, 0.995984
0.472286, 34.4037, 0.4, 0.4, 1.70241e-09, 1, 0.991993, 1, 0.995984
0.472336, 34.4037, 0.4, 0.4, 1.70258e-09, 1, 0.991993, 1, 0.995984
0.472386, 34.4037, 0.4, 0.4, 1.70275e-09, 1, 0.991993, 1, 0.995984
0.472436, 34.4037, 0.4, 0.4, 1.70293e-09, 1, 0.991993, 1, 0.995984
0.472486, 34.4037, 0.4, 0.4, 1.7031e-09, 1, 0.991993, 1, 0.995984
0.472536, 34.4037, 0.4, 0.4, 1.70328e-09, 1, 0.991993, 1, 0.995984
0.472586, 34.4037, 0.4, 0.4, 1.70345e-09, 1, 0.991993, 1, 0.995984
0.472636, 34.4037, 0.4, 0.4, 1.70362e-09, 1, 0.991993, 1, 0.995984
0.472686, 34.4037, 0.4, 0.4, 1.7038e-09, 1, 0.991993, 1, 0.995984
0.472736, 34.4037, 0.4, 0.4, 1.70397e-09, 1, 0.991993, 1, 0.995984
0.472786, 34.4037, 0.4, 0.4, 1.70415e-09, 1, 0.991993, 1, 0.995984
0.472836, 34.4037, 0.4, 0.4, 1.70432e-09, 1, 0.991993, 1, 0.995984
0.472886, 34.4037, 0.4, 0.4, 1.70449e-09, 1, 0.991993, 1, 0.995984
0.472936, 34.4037, 0.4, 0.4, 1.70467e-09, 1, 0.991993, 1, 0.995984
0.472986, 34.4037, 0.4, 0.4, 1.70484e-09, 1, 0.991993, 1, 0.995984
0.473036, 34.4037, 0.4, 0.4, 1.70502e-09, 1, 0.991993, 1, 0.995984
0.473086, 34.4037, 0.4, 0.4, 1.70519e-09, 1, 0.991993, 1, 0.995984
0.473136, 34.4037, 0.4, 0.4, 1.70536e-09, 1, 0.991993, 1, 0.995984
0.473186, 34.4037, 0.4, 0.4, 1.70554e-09, 1, 0.991993, 1, 0.995984
0.473236, 34.4037, 0.4, 0.4, 1.70571e-09, 1, 0.991993, 1, 0.995984
0.473286, 34.4037, 0.4, 0.4, 1.70589e-09, 1, 0.991993, 1, 0.995984
0.473336, 34.4037, 0.4, 0.4, 1.70606e-09, 1, 0.991993, 1, 0.995984
0.473386, 34.4037, 0.4, 0.4, 1.70624e-09, 1, 0.991993, 1, 0.995984
0.473436, 34.4037, 0.4, 0.4, 1.70641e-09, 1, 0.991993, 1, 0.995984
0.473486, 34.4037, 0.4, 0.4, 1.70658e-09, 1, 0.991993, 1, 0.995984
0.473536, 34.4037, 0.4, 0.4, 1.70676e-09, 1, 0.991993, 1, 0.995984
0.473586, 34.4037, 0.4, 0.4, 1.70693e-09, 1, 0.991993, 1, 0.995984
0.473636, 34.4037, 0.4, 0.4, 1.70711e-09, 1, 0.991993, 1, 0.995984
0.473686, 34.4037, 0.4, 0.4, 1.70728e-09, 1, 0.991993, 1, 0.995984
0.473736, 34.4037, 0.4, 0.4, 1.70745e-09, 1, 0.991993, 1, 0.995984
0.473786, 34.4037, 0.4, 0.4, 1.70763e-09, 1, 0.991993, 1, 0.995984
0.473836, 34.4037, 0.4, 0.4, 1.7078e-09, 1, 0.991993, 1, 0.995984
0.473886, 34.4037, 0.4, 0.4, 1.70798e-09, 1, 0.991993, 1, 0.995984
0.473936, 34.4037, 0.4, 0.4, 1.70815e-09, 1, 0.991993, 1, 0.995984
0.473986, 34.4037, 0.4, 0.4, 1.70832e-09, 1, 0.991993, 1, 0.995984
0.474036, 34.4037, 0.4, 0.4, 1.7085e-09, 1, 0.991993, 1, 0.995984
0.474086, 34.4037, 0.4, 0.4, 1.70867e-09, 1, 0.991993, 1, 0.995984
0.474137, 34.4037, 0.4, 0.4, 1.70885e-09, 1, 0.991993, 1, 0.995984
0.474187, 34.4037, 0.4, 0.4, 1.70902e-09, 1, 0.991993, 1, 0.995984
0.474237, 34.4037, 0.4, 0.4, 1.70919e-09, 1, 0.991993, 1, 0.995984
0.474287, 34.4037, 0.4, 0.4, 1.70937e-09, 1, 0.991993, 1, 0.995984
0.474337, 34.4037, 0.4, 0.4, 1.70954e-09, 1, 0.991993, 1, 0.995984
0.474387, 34.4037, 0.4, 0.4, 1.70972e-09, 1, 0.991993, 1, 0.995984
0.474437, 34.4037, 0.4, 0.4, 1.70989e-09, 1, 0.991993, 1, 0.995984
0.474487, 34.4037, 0.4, 0.4, 1.71007e-09, 1, 0.991993, 1, 0.995984
0.474537, 34.4037, 0.4, 0.4, 1.71024e-09, 1, 0.991993, 1, 0.995984
0.474587, 34.4037, 0.4, 0.4, 1.71041e-09, 1, 0.991993, 1, 0.995984
0.474637, 34.4037, 0.4, 0.4, 1.71059e-09, 1, 0.991993, 1, 0.995984
0.474687, 34.4037, 0.4, 0.4, 1.71076e-09, 1, 0.991993, 1, 0.995984
0.474737, 34.4037, 0.4, 0.4, 1.71094e-09, 1, 0.991993, 1, 0.995984
0.474787, 34.4037, 0.4, 0.4, 1.71111e-09, 1, 0.991993, 1, 0.995984
0.474837, 34.4037, 0.4, 0.4, 1.71128e-09, 1, 0.991993, 1, 0.995984
0.474887, 34.4037, 0.4, 0.4, 1.71146e-09, 1, 0.991993, 1, 0.995984
0.474937, 34.4037, 0.4, 0.4, 1.71163e-09, 1, 0.991993, 1, 0.995984
0.474987, 34.4037, 0.4, 0.4, 1.71181e-09, 1, 0.991993, 1, 0.995984
0.475037, 34.4037, 0.4, 0.4, 1.71198e-09, 1, 0.991993, 1, 0.995984
0.475087, 34.4037, 0.4, 0.4, 1.71215e-09, 1, 0.991993, 1, 0.995984
0.475137, 34.4037, 0.4, 0.4, 1.71233e-09, 1, 0.991993, 1, 0.995984
0.475187, 34.4037, 0.4, 0.4, 1.7125e-09, 1, 0.991993, 1, 0.995984
0.475237, 34.4037, 0.4, 0.4, 1.71268e-09, 1, 0.991993, 1, 0.995984
0.475287, 34.4037, 0.4, 0.4, 1.71285e-09, 1, 0.991993, 1, 0.995984
0.475337, 34.4037, 0.4, 0.4, 1.71302e-09, 1, 0.991993, 1, 0.995984
0.475387, 34.4037, 0.4, 0.4, 1.7132e-09, 1, 0.991993, 1, 0.995984
0.475437, 34.4037, 0.4, 0.4, 1.71337e-09, 1, 0.991993, 1, 0.995984
0.475487, 34.4037, 0.4, 0.4, 1.71355e-09, 1, 0.991993, 1, 0.995984
0.475537, 34.4037, 0.4, 0.4, 1.71372e-09, 1, 0.991993, 1, 0.995984
0.475587, 34.4037, 0.4, 0.4, 1.71389e-09, 1, 0.991993, 1, 0.995984
0.475637, 34.4037, 0.4, 0.4, 1.71407e-09, 1, 0.991993, 1, 0.995984
0.475687, 34.4037, 0.4, 0.4, 1.71424e-09, 1, 0.991993, 1, 0.995984
0.475737, 34.4037, 0.4, 0.4, 1.71442e-09, 1, 0.991993, 1, 0.995984
0.475787, 34.4037, 0.4, 0.4, 1.71459e-09, 1, 0.991993, 1, 0.995984
0.475837, 34.4037, 0.4, 0.4, 1.71477e-09, 1, 0.991993, 1, 0.995984
0.475887, 34.4037, 0.4, 0.4, 1.71494e-09, 1, 0.991993, 1, 0.995984
0.475937, 34.4037, 0.4, 0.4, 1.71511e-09, 1, 0.991993, 1, 0.995984
0.475987, 34.4037, 0.4, 0.4, 1.71529e-09, 1, 0.991993, 1, 0.995984
0.476037, 34.4037, 0.4, 0.4, 1.71546e-09, 1, 0.991993, 1, 0.995984
0.476087, 34.4037, 0.4, 0.4, 1.71564e-09, 1, 0.991993, 1, 0.995984
0.476137, 34.4037, 0.4, 0.4, 1.71581e-09, 1, 0.991993, 1, 0.995984
0.476187, 34.4037, 0.4, 0.4, 1.71598e-09, 1, 0.991993, 1, 0.995984
0.476237, 34.4037, 0.4, 0.4, 1.71616e-09, 1, 0.991993, 1, 0.995984
0.476287, 34.4037, 0.4, 0.4, 1.71633e-09, 1, 0.991993, 1, 0.995984
0.476337, 34.4037, 0.4, 0.4, 1.71651e-09, 1, 0.991993, 1, 0.995984
0.476387, 34.4037, 0.4, 0.4, 1.71668e-09, 1, 0.991993, 1, 0.995984
0.476437, 34.4037, 0.4, 0.4, 1.71685e-09, 1, 0.991993, 1, 0.995984
0.476487, 34.4037, 0.4, 0.4, 1.71703e-09, 1, 0.991993, 1, 0.995984
0.476537, 34.4037, 0.4, 0.4, 1.7172e-09, 1, 0.991993, 1, 0.995984
0.476587, 34.4037, 0.4, 0.4, 1.71738e-09, 1, 0.991993, 1, 0.995984
0.476637, 34.4037, 0.4, 0.4, 1.71755e-09, 1, 0.991993, 1, 0.995984
0.476687, 34.4037, 0.4, 0.4, 1.71772e-09, 1, 0.991993, 1, 0.995984
0.476737, 34.4037, 0.4, 0.4, 1.7179e-09, 1, 0.991993, 1, 0.995984
0.476787, 34.4037, 0.4, 0.4, 1.71807e-09, 1, 0.991993, 1, 0.995984
0.476837, 34.4037, 0.4, 0.4, 1.71825e-09, 1, 0.991993, 1, 0.995984
0.476887, 34.4037, 0.4, 0.4, 1.71842e-09, 1, 0.991993, 1, 0.995984
0.476937, 34.4037, 0.4, 0.4, 1.7186e-09, 1, 0.991993, 1, 0.995984
0.476987, 34.4037, 0.4, 0.4, 1.71877e-09, 1, 0.991993, 1, 0.995984
0.477037, 34.4037, 0.4, 0.4, 1.71894e-09, 1, 0.991993, 1, 0.995984
0.477087, 34.4037, 0.4, 0.4, 1.71912e-09, 1, 0.991993, 1, 0.995984
0.477137, 34.4037, 0.4, 0.4, 1.71929e-09, 1, 0.991993, 1, 0.995984
0.477187, 34.4037, 0.4, 0.4, 1.71947e-09, 1, 0.991993, 1, 0.995984
0.477237, 34.4037, 0.4, 0.4, 1.71964e-09, 1, 0.991993, 1, 0.995984
0.477287, 34.4037, 0.4, 0.4, 1.71981e-09, 1, 0.991993, 1, 0.995984
0.477337, 34.4037, 0.4, 0.4, 1.71999e-09, 1, 0.991993, 1, 0.995984
0.477387, 34.4037, 0.4, 0.4, 1.72016e-09, 1, 0.991993, 1, 0.995984
0.477437, 34.4037, 0.4, 0.4, 1.72034e-09, 1, 0.991993, 1, 0.995984
0.477487, 34.4037, 0.4, 0.4, 1.72051e-09, 1, 0.991993, 1, 0.995984
0.477537, 34.4037, 0.4, 0.4, 1.72068e-09, 1, 0.991993, 1, 0.995984
0.477587, 34.4037, 0.4, 0.4, 1.72086e-09, 1, 0.991993, 1, 0.995984
0.477637, 34.4037, 0.4, 0.4, 1.72103e-09, 1, 0.991993, 1, 0.995984
0.477687, 34.4037, 0.4, 0.4, 1.72121e-09, 1, 0.991993, 1, 0.995984
0.477737, 34.4037, 0.4, 0.4, 1.72138e-09, 1, 0.991993, 1, 0.995984
0.477787, 34.4037, 0.4, 0.4, 1.72155e-09, 1, 0.991993, 1, 0.995984
0.477837, 34.4037, 0.4, 0.4, 1.72173e-09, 1, 0.991993, 1, 0.995984
0.477887, 34.4037, 0.4, 0.4, 1.7219e-09, 1, 0.991993, 1, 0.995984
0.477937, 34.4037, 0.4, 0.4, 1.72208e-09, 1, 0.991993, 1, 0.995984
0.477987, 34.4037, 0.4, 0.4, 1.72225e-09, 1, 0.991993, 1, 0.995984
0.478037, 34.4037, 0.4, 0.4, 1.72242e-09, 1, 0.991993, 1, 0.995984
0.478087, 34.4037, 0.4, 0.4, 1.7226e-09, 1, 0.991993, 1, 0.995984
0.478137, 34.4037, 0.4, 0.4, 1.72277e-09, 1, 0.991993, 1, 0.995984
0.478187, 34.4037, 0.4, 0.4, 1.72295e-09, 1, 0.991993, 1, 0.995984
0.478237, 34.4037, 0.4, 0.4, 1.72312e-09, 1, 0.991993, 1, 0.995984
0.478287, 34.4037, 0.4, 0.4, 1.7233e-09, 1, 0.991993, 1, 0.995984
0.478337, 34.4037, 0.4, 0.4, 1.72347e-09, 1, 0.991993, 1, 0.995984
0.478387, 34.4037, 0.4, 0.4, 1.72364e-09, 1, 0.991993, 1, 0.995984
0.478437, 34.4037, 0.4, 0.4, 1.72382e-09, 1, 0.991993, 1, 0.995984
0.478487, 34.4037, 0.4, 0.4, 1.72399e-09, 1, 0.991993, 1, 0.995984
0.478537, 34.4037, 0.4, 0.4, 1.72417e-09, 1, 0.991993, 1, 0.995984
0.478587, 34.4037, 0.4, 0.4, 1.72434e-09, 1, 0.991993, 1, 0.995984
0.478637, 34.4037, 0.4, 0.4, 1.72451e-09, 1, 0.991993, 1, 0.995984
0.478687, 34.4037, 0.4, 0.4, 1.72469e-09, 1, 0.991993, 1, 0.995984
0.478737, 34.4037, 0.4, 0.4, 1.72486e-09, 1, 0.991993, 1, 0.995984
0.478787, 34.4037, 0.4, 0.4, 1.72504e-09, 1, 0.991993, 1, 0.995984
0.478837, 34.4037, 0.4, 0.4, 1.72521e-09, 1, 0.991993, 1, 0.995984
0.478887, 34.4037, 0.4, 0.4, 1.72538e-09, 1, 0.991993, 1, 0.995984
0.478937, 34.4037, 0.4, 0.4, 1.72556e-09, 1, 0.991993, 1, 0.995984
0.478987, 34.4037, 0.4, 0.4, 1.72573e-09, 1, 0.991993, 1, 0.995984
0.479037, 34.4037, 0.4, 0.4, 1.72591e-09, 1, 0.991993, 1, 0.995984
0.479087, 34.4037, 0.4, 0.4, 1.72608e-09, 1, 0.991993, 1, 0.995984
0.479137, 34.4037, 0.4, 0.4, 1.72625e-09, 1, 0.991993, 1, 0.995984
0.479187, 34.4037, 0.4, 0.4, 1.72643e-09, 1, 0.991993, 1, 0.995984
0.479237, 34.4037, 0.4, 0.4, 1.7266e-09, 1, 0.991993, 1, 0.995984
0.479287, 34.4037, 0.4, 0.4, 1.72678e-09, 1, 0.991993, 1, 0.995984
0.479337, 34.4037, 0.4, 0.4, 1.72695e-09, 1, 0.991993, 1, 0.995984
0.479387, 34.4037, 0.4, 0.4, 1.72713e-09, 1, 0.991993, 1, 0.995984
0.479437, 34.4037, 0.4, 0.4, 1.7273e-09, 1, 0.991993, 1, 0.995984
0.479487, 34.4037, 0.4, 0.4, 1.72747e-09, 1, 0.991993, 1, 0.995984
0.479537, 34.4037, 0.4, 0.4, 1.72765e-09, 1, 0.991993, 1, 0.995984
0.479587, 34.4037, 0.4, 0.4, 1.72782e-09, 1, 0.991993, 1, 0.995984
0.479637, 34.4037, 0.4, 0.4, 1.728e-09, 1, 0.991993, 1, 0.995984
0.479687, 34.4037, 0.4, 0.4, 1.72817e-09, 1, 0.991993, 1, 0.995984
0.479737, 34.4037, 0.4, 0.4, 1.72834e-09, 1, 0.991993, 1, 0.995984
0.479787, 34.4037, 0.4, 0.4, 1.72852e-09, 1, 0.991993, 1, 0.995984
0.479837, 34.4037, 0.4, 0.4, 1.72869e-09, 1, 0.991993, 1, 0.995984
0.479887, 34.4037, 0.4, 0.4, 1.72887e-09, 1, 0.991993, 1, 0.995984
0.479937, 34.4037, 0.4, 0.4, 1.72904e-09, 1, 0.991993, 1, 0.995984
0.479987, 34.4037, 0.4, 0.4, 1.72921e-09, 1, 0.991993, 1, 0.995984
0.480037, 34.4037, 0.4, 0.4, 1.72939e-09, 1, 0.991993, 1, 0.995984
0.480087, 34.4037, 0.4, 0.4, 1.72956e-09, 1, 0.991993, 1, 0.995984
0.480137, 34.4037, 0.4, 0.4, 1.72974e-09, 1, 0.991993, 1, 0.995984
0.480188, 34.4037, 0.4, 0.4, 1.72991e-09, 1, 0.991993, 1, 0.995984
0.480238, 34.4037, 0.4, 0.4, 1.73008e-09, 1, 0.991993, 1, 0.995984
0.480288, 34.4037, 0.4, 0.4, 1.73026e-09, 1, 0.991993, 1, 0.995984
0.480338, 34.4037, 0.4, 0.4, 1.73043e-09, 1, 0.991993, 1, 0.995984
0.480388, 34.4037, 0.4, 0.4, 1.73061e-09, 1, 0.991993, 1, 0.995984
0.480438, 34.4037, 0.4, 0.4, 1.73078e-09, 1, 0.991993, 1, 0.995984
0.480488, 34.4037, 0.4, 0.4, 1.73096e-09, 1, 0.991993, 1, 0.995984
0.480538, 34.4037, 0.4, 0.4, 1.73113e-09, 1, 0.991993, 1, 0.995984
0.480588, 34.4037, 0.4, 0.4, 1.7313e-09, 1, 0.991993, 1, 0.995984
0.480638, 34.4037, 0.4, 0.4, 1.73148e-09, 1, 0.991993, 1, 0.995984
0.480688, 34.4037, 0.4, 0.4, 1.73165e-09, 1, 0.991993, 1, 0.995984
0.480738, 34.4037, 0.4, 0.4, 1.73183e-09, 1, 0.991993, 1, 0.995984
0.480788, 34.4037, 0.4, 0.4, 1.732e-09, 1, 0.991993, 1, 0.995984
0.480838, 34.4037, 0.4, 0.4, 1.73217e-09, 1, 0.991993, 1, 0.995984
0.480888, 34.4037, 0.4, 0.4, 1.73235e-09, 1, 0.991993, 1, 0.995984
0.480938, 34.4037, 0.4, 0.4, 1.73252e-09, 1, 0.991993, 1, 0.995984
0.480988, 34.4037, 0.4, 0.4, 1.7327e-09, 1, 0.991993, 1, 0.995984
0.481038, 34.4037, 0.4, 0.4, 1.73287e-09, 1, 0.991993, 1, 0.995984
0.481088, 34.4037, 0.4, 0.4, 1.73304e-09, 1, 0.991993, 1, 0.995984
0.481138, 34.4037, 0.4, 0.4, 1.73322e-09, 1, 0.991993, 1, 0.995984
0.481188, 34.4037, 0.4, 0.4, 1.73339e-09, 1, 0.991993, 1, 0.995984
0.481238, 34.4037, 0.4, 0.4, 1.73357e-09, 1, 0.991993, 1, 0.995984
0.481288, 34.4037, 0.4, 0.4, 1.73374e-09, 1, 0.991993, 1, 0.995984
0.481338, 34.4037, 0.4, 0.4, 1.73391e-09, 1, 0.991993, 1, 0.995984
0.481388, 34.4037, 0.4, 0.4, 1.73409e-09, 1, 0.991993, 1, 0.995984
0.481438, 34.4037, 0.4, 0.4, 1.73426e-09, 1, 0.991993, 1, 0.995984
0.481488, 34.4037, 0.4, 0.4, 1.73444e-09, 1, 0.991993, 1, 0.995984
0.481538, 34.4037, 0.4, 0.4, 1.73461e-09, 1, 0.991993, 1, 0.995984
0.481588, 34.4037, 0.4, 0.4, 1.73478e-09, 1, 0.991993, 1, 0.995984
0.481638, 34.4037, 0.4, 0.4, 1.73496e-09, 1, 0.991993, 1, 0.995984
0.481688, 34.4037, 0.4, 0.4, 1.73513e-09, 1, 0.991993, 1, 0.995984
0.481738, 34.4037, 0.4, 0.4, 1.73531e-09, 1, 0.991993, 1, 0.995984
0.481788, 34.4037, 0.4, 0.4, 1.73548e-09, 1, 0.991993, 1, 0.995984
0.481838, 34.4037, 0.4, 0.4, 1.73566e-09, 1, 0.991993, 1, 0.995984
0.481888, 34.4037, 0.4, 0.4, 1.73583e-09, 1, 0.991993, 1, 0.995984
0.481938, 34.4037, 0.4, 0.4, 1.736e-09, 1, 0.991993, 1, 0.995984
0.481988, 34.4037, 0.4, 0.4, 1.73618e-09, 1, 0.991993, 1, 0.995984
0.482038, 34.4037, 0.4, 0.4, 1.73635e-09, 1, 0.991993, 1, 0.995984
0.482088, 34.4037, 0.4, 0.4, 1.73653e-09, 1, 0.991993, 1, 0.995984
0.482138, 34.4037, 0.4, 0.4, 1.7367e-09, 1, 0.991993, 1, 0.995984
0.482188, 34.4037, 0.4, 0.4, 1.73687e-09, 1, 0.991993, 1, 0.995984
0.482238, 34.4037, 0.4, 0.4, 1.73705e-09, 1, 0.991993, 1, 0.995984
0.482288, 34.4037, 0.4, 0.4, 1.73722e-09, 1, 0.991993, 1, 0.995984
0.482338, 34.4037, 0.4, 0.4, 1.7374e-09, 1, 0.991993, 1, 0.995984
0.482388, 34.4037, 0.4, 0.4, 1.73757e-09, 1, 0.991993, 1, 0.995984
0.482438, 34.4037, 0.4, 0.4, 1.73774e-09, 1, 0.991993, 1, 0.995984
0.482488, 34.4037, 0.4, 0.4, 1.73792e-09, 1, 0.991993, 1, 0.995984
0.482538, 34.4037, 0.4, 0.4, 1.73809e-09, 1, 0.991993, 1, 0.995984
0.482588, 34.4037, 0.4, 0.4, 1.73827e-09, 1, 0.991993, 1, 0.995984
0.482638, 34.4037, 0.4, 0.4, 1.73844e-09, 1, 0.991993, 1, 0.995984
0.482688, 34.4037, 0.4, 0.4, 1.73861e-09, 1, 0.991993, 1, 0.995984
0.482738, 34.4037, 0.4, 0.4, 1.73879e-09, 1, 0.991993, 1, 0.995984
0.482788, 34.4037, 0.4, 0.4, 1.73896e-09, 1, 0.991993, 1, 0.995984
0.482838, 34.4037, 0.4, 0.4, 1.73914e-09, 1, 0.991993, 1, 0.995984
0.482888, 34.4037, 0.4, 0.4, 1.73931e-09, 1, 0.991993, 1, 0.995984
0.482938, 34.4037, 0.4, 0.4, 1.73949e-09, 1, 0.991993, 1, 0.995984
0.482988, 34.4037, 0.4, 0.4, 1.73966e-09, 1, 0.991993, 1, 0.995984
0.483038, 34.4037, 0.4, 0.4, 1.73983e-09, 1, 0.991993, 1, 0.995984
0.483088, 34.4037, 0.4, 0.4, 1.74001e-09, 1, 0.991993, 1, 0.995984
0.483138, 34.4037, 0.4, 0.4, 1.74018e-09, 1, 0.991993, 1, 0.995984
0.483188, 34.4037, 0.4, 0.4, 1.74036e-09, 1, 0.991993, 1, 0.995984
0.483238, 34.4037, 0.4, 0.4, 1.74053e-09, 1, 0.991993, 1, 0.995984
0.483288, 34.4037, 0.4, 0.4, 1.7407e-09, 1, 0.991993, 1, 0.995984
0.483338, 34.4037, 0.4, 0.4, 1.74088e-09, 1, 0.991993, 1, 0.995984
0.483388, 34.4037, 0.4, 0.4, 1.74105e-09, 1, 0.991993, 1, 0.995984
0.483438, 34.4037, 0.4, 0.4, 1.74123e-09, 1, 0.991993, 1, 0.995984
0.483488, 34.4037, 0.4, 0.4, 1.7414e-09, 1, 0.991993, 1, 0.995984
0.483538, 34.4037, 0.4, 0.4, 1.74157e-09, 1, 0.991993, 1, 0.995984
0.483588, 34.4037, 0.4, 0.4, 1.74175e-09, 1, 0.991993, 1, 0.995984
0.483638, 34.4037, 0.4, 0.4, 1.74192e-09, 1, 0.991993, 1, 0.995984
0.483688, 34.4037, 0.4, 0.4, 1.7421e-09, 1, 0.991993, 1, 0.995984
0.483738, 34.4037, 0.4, 0.4, 1.74227e-09, 1, 0.991993, 1, 0.995984
0.483788, 34.4037, 0.4, 0.4, 1.74244e-09, 1, 0.991993, 1, 0.995984
0.483838, 34.4037, 0.4, 0.4, 1.74262e-09, 1, 0.991993, 1, 0.995984
0.483888, 34.4037, 0.4, 0.4, 1.74279e-09, 1, 0.991993, 1, 0.995984
0.483938, 34.4037, 0.4, 0.4, 1.74297e-09, 1, 0.991993, 1, 0.995984
0.483988, 34.4037, 0.4, 0.4, 1.74314e-09, 1, 0.991993, 1, 0.995984
0.484038, 34.4037, 0.4, 0.4, 1.74331e-09, 1, 0.991993, 1, 0.995984
0.484088, 34.4037, 0.4, 0.4, 1.74349e-09, 1, 0.991993, 1, 0.995984
0.484138, 34.4037, 0.4, 0.4, 1.74366e-09, 1, 0.991993, 1, 0.995984
0.484188, 34.4037, 0.4, 0.4, 1.74384e-09, 1, 0.991993, 1, 0.995984
0.484238, 34.4037, 0.4, 0.4, 1.74401e-09, 1, 0.991993, 1, 0.995984
0.484288, 34.4037, 0.4, 0.4, 1.74419e-09, 1, 0.991993, 1, 0.995984
0.484338, 34.4037, 0.4, 0.4, 1.74436e-09, 1, 0.991993, 1, 0.995984
0.484388, 34.4037, 0.4, 0.4, 1.74453e-09, 1, 0.991993, 1, 0.995984
0.484438, 34.4037, 0.4, 0.4, 1.74471e-09, 1, 0.991993, 1, 0.995984
0.484488, 34.4037, 0.4, 0.4, 1.74488e-09, 1, 0.991993, 1, 0.995984
0.484538, 34.4037, 0.4, 0.4, 1.74506e-09, 1, 0.991993, 1, 0.995984
0.484588, 34.4037, 0.4, 0.4, 1.74523e-09, 1, 0.991993, 1, 0.995984
0.484638, 34.4037, 0.4, 0.4, 1.7454e-09, 1, 0.991993, 1, 0.995984
0.484688, 34.4037, 0.4, 0.4, 1.74558e-09, 1, 0.991993, 1, 0.995984
0.484738, 34.4037, 0.4, 0.4, 1.74575e-09, 1, 0.991993, 1, 0.995984
0.484788, 34.4037, 0.4, 0.4, 1.74593e-09, 1, 0.991993, 1, 0.995984
0.484838, 34.4037, 0.4, 0.4, 1.7461e-09, 1, 0.991993, 1, 0.995984
0.484888, 34.4037, 0.4, 0.4, 1.74627e-09, 1, 0.991993, 1, 0.995984
0.484938, 34.4037, 0.4, 0.4, 1.74645e-09, 1, 0.991993, 1, 0.995984
0.484988, 34.4037, 0.4, 0.4, 1.74662e-09, 1, 0.991993, 1, 0.995984
0.485038, 34.4037, 0.4, 0.4, 1.7468e-09, 1, 0.991993, 1, 0.995984
0.485088, 34.4037, 0.4, 0.4, 1.74697e-09, 1, 0.991993, 1, 0.995984
0.485138, 34.4037, 0.4, 0.4, 1.74714e-09, 1, 0.991993, 1, 0.995984
0.485188, 34.4037, 0.4, 0.4, 1.74732e-09, 1, 0.991993, 1, 0.995984
0.485238, 34.4037, 0.4, 0.4, 1.74749e-09, 1, 0.991993, 1, 0.995984
0.485288, 34.4037, 0.4, 0.4, 1.74767e-09, 1, 0.991993, 1, 0.995984
0.485338, 34.4037, 0.4, 0.4, 1.74784e-09, 1, 0.991993, 1, 0.995984
0.485388, 34.4037, 0.4, 0.4, 1.74802e-09, 1, 0.991993, 1, 0.995984
0.485438, 34.4037, 0.4, 0.4, 1.74819e-09, 1, 0.991993, 1, 0.995984
0.485488, 34.4037, 0.4, 0.4, 1.74836e-09, 1, 0.991993, 1, 0.995984
0.485538, 34.4037, 0.4, 0.4, 1.74854e-09, 1, 0.991993, 1, 0.995984
0.485588, 34.4037, 0.4, 0.4, 1.74871e-09, 1, 0.991993, 1, 0.995984
0.485638, 34.4037, 0.4, 0.4, 1.74889e-09, 1, 0.991993, 1, 0.995984
0.485688, 34.4037, 0.4, 0.4, 1.74906e-09, 1, 0.991993, 1, 0.995984
0.485738, 34.4037, 0.4, 0.4, 1.74923e-09, 1, 0.991993, 1, 0.995984
0.485788, 34.4037, 0.4, 0.4, 1.74941e-09, 1, 0.991993, 1, 0.995984
0.485838, 34.4037, 0.4, 0.4, 1.74958e-09, 1, 0.991993, 1, 0.995984
0.485888, 34.4037, 0.4, 0.4, 1.74976e-09, 1, 0.991993, 1, 0.995984
0.485938, 34.4037, 0.4, 0.4, 1.74993e-09, 1, 0.991993, 1, 0.995984
0.485988, 34.4037, 0.4, 0.4, 1.7501e-09, 1, 0.991993, 1, 0.995984
0.486038, 34.4037, 0.4, 0.4, 1.75028e-09, 1, 0.991993, 1, 0.995984
0.486088, 34.4037, 0.4, 0.4, 1.75045e-09, 1, 0.991993, 1, 0.995984
0.486138, 34.4037, 0.4, 0.4, 1.75063e-09, 1, 0.991993, 1, 0.995984
0.486189, 34.4037, 0.4, 0.4, 1.7508e-09, 1, 0.991993, 1, 0.995984
0.486239, 34.4037, 0.4, 0.4, 1.75097e-09, 1, 0.991993, 1, 0.995984
0.486289, 34.4037, 0.4, 0.4, 1.75115e-09, 1, 0.991993, 1, 0.995984
0.486339, 34.4037, 0.4, 0.4, 1.75132e-09, 1, 0.991993, 1, 0.995984
0.486389, 34.4037, 0.4, 0.4, 1.7515e-09, 1, 0.991993, 1, 0.995984
0.486439, 34.4037, 0.4, 0.4, 1.75167e-09, 1, 0.991993, 1, 0.995984
0.486489, 34.4037, 0.4, 0.4, 1.75185e-09, 1, 0.991993, 1, 0.995984
0.486539, 34.4037, 0.4, 0.4, 1.75202e-09, 1, 0.991993, 1, 0.995984
0.486589, 34.4037, 0.4, 0.4, 1.75219e-09, 1, 0.991993, 1, 0.995984
0.486639, 34.4037, 0.4, 0.4, 1.75237e-09, 1, 0.991993, 1, 0.995984
0.486689, 34.4037, 0.4, 0.4, 1.75254e-09, 1, 0.991993, 1, 0.995984
0.486739, 34.4037, 0.4, 0.4, 1.75272e-09, 1, 0.991993, 1, 0.995984
0.486789, 34.4037, 0.4, 0.4, 1.75289e-09, 1, 0.991993, 1, 0.995984
0.486839, 34.4037, 0.4, 0.4, 1.75306e-09, 1, 0.991993, 1, 0.995984
0.486889, 34.4037, 0.4, 0.4, 1.75324e-09, 1, 0.991993, 1, 0.995984
0.486939, 34.4037, 0.4, 0.4, 1.75341e-09, 1, 0.991993, 1, 0.995984
0.486989, 34.4037, 0.4, 0.4, 1.75359e-09, 1, 0.991993, 1, 0.995984
0.487039, 34.4037, 0.4, 0.4, 1.75376e-09, 1, 0.991993, 1, 0.995984
0.487089, 34.4037, 0.4, 0.4, 1.75393e-09, 1, 0.991993, 1, 0.995984
0.487139, 34.4037, 0.4, 0.4, 1.75411e-09, 1, 0.991993, 1, 0.995984
0.487189, 34.4037, 0.4, 0.4, 1.75428e-09, 1, 0.991993, 1, 0.995984
0.487239, 34.4037, 0.4, 0.4, 1.75446e-09, 1, 0.991993, 1, 0.995984
0.487289, 34.4037, 0.4, 0.4, 1.75463e-09, 1, 0.991993, 1, 0.995984
0.487339, 34.4037, 0.4, 0.4, 1.7548e-09, 1, 0.991993, 1, 0.995984
0.487389, 34.4037, 0.4, 0.4, 1.75498e-09, 1, 0.991993, 1, 0.995984
0.487439, 34.4037, 0.4, 0.4, 1.75515e-09, 1, 0.991993, 1, 0.995984
0.487489, 34.4037, 0.4, 0.4, 1.75533e-09, 1, 0.991993, 1, 0.995984
0.487539, 34.4037, 0.4, 0.4, 1.7555e-09, 1, 0.991993, 1, 0.995984
0.487589, 34.4037, 0.4, 0.4, 1.75567e-09, 1, 0.991993, 1, 0.995984
0.487639, 34.4037, 0.4, 0.4, 1.75585e-09, 1, 0.991993, 1, 0.995984
0.487689, 34.4037, 0.4, 0.4, 1.75602e-09, 1, 0.991993, 1, 0.995984
0.487739, 34.4037, 0.4, 0.4, 1.7562e-09, 1, 0.991993, 1, 0.995984
0.487789, 34.4037, 0.4, 0.4, 1.75637e-09, 1, 0.991993, 1, 0.995984
0.487839, 34.4037, 0.4, 0.4, 1.75655e-09, 1, 0.991993, 1, 0.995984
0.487889, 34.4037, 0.4, 0.4, 1.75672e-09, 1, 0.991993, 1, 0.995984
0.487939, 34.4037, 0.4, 0.4, 1.75689e-09, 1, 0.991993, 1, 0.995984
0.487989, 34.4037, 0.4, 0.4, 1.75707e-09, 1, 0.991993, 1, 0.995984
0.488039, 34.4037, 0.4, 0.4, 1.75724e-09, 1, 0.991993, 1, 0.995984
0.488089, 34.4037, 0.4, 0.4, 1.75742e-09, 1, 0.991993, 1, 0.995984
0.488139, 34.4037, 0.4, 0.4, 1.75759e-09, 1, 0.991993, 1, 0.995984
0.488189, 34.4037, 0.4, 0.4, 1.75776e-09, 1, 0.991993, 1, 0.995984
0.488239, 34.4037, 0.4, 0.4, 1.75794e-09, 1, 0.991993, 1, 0.995984
0.488289, 34.4037, 0.4, 0.4, 1.75811e-09, 1, 0.991993, 1, 0.995984
0.488339, 34.4037, 0.4, 0.4, 1.75829e-09, 1, 0.991993, 1, 0.995984
0.488389, 34.4037, 0.4, 0.4, 1.75846e-09, 1, 0.991993, 1, 0.995984
0.488439, 34.4037, 0.4, 0.4, 1.75863e-09, 1, 0.991993, 1, 0.995984
0.488489, 34.4037, 0.4, 0.4, 1.75881e-09, 1, 0.991993, 1, 0.995984
0.488539, 34.4037, 0.4, 0.4, 1.75898e-09, 1, 0.991993, 1, 0.995984
0.488589, 34.4037, 0.4, 0.4, 1.75916e-09, 1, 0.991993, 1, 0.995984
0.488639, 34.4037, 0.4, 0.4, 1.75933e-09, 1, 0.991993, 1, 0.995984
0.488689, 34.4037, 0.4, 0.4, 1.7595e-09, 1, 0.991993, 1, 0.995984
0.488739, 34.4037, 0.4, 0.4, 1.75968e-09, 1, 0.991993, 1, 0.995984
0.488789, 34.4037, 0.4, 0.4, 1.75985e-09, 1, 0.991993, 1, 0.995984
0.488839, 34.4037, 0.4, 0.4, 1.76003e-09, 1, 0.991993, 1, 0.995984
0.488889, 34.4037, 0.4, 0.4, 1.7602e-09, 1, 0.991993, 1, 0.995984
0.488939, 34.4037, 0.4, 0.4, 1.76038e-09, 1, 0.991993, 1, 0.995984
0.488989, 34.4037, 0.4, 0.4, 1.76055e-09, 1, 0.991993, 1, 0.995984
0.489039, 34.4037, 0.4, 0.4, 1.76072e-09, 1, 0.991993, 1, 0.995984
0.489089, 34.4037, 0.4, 0.4, 1.7609e-09, 1, 0.991993, 1, 0.995984
0.489139, 34.4037, 0.4, 0.4, 1.76107e-09, 1, 0.991993, 1, 0.995984
0.489189, 34.4037, 0.4, 0.4, 1.76125e-09, 1, 0.991993, 1, 0.995984
0.489239, 34.4037, 0.4, 0.4, 1.76142e-09, 1, 0.991993, 1, 0.995984
0.489289, 34.4037, 0.4, 0.4, 1.76159e-09, 1, 0.991993, 1, 0.995984
0.489339, 34.4037, 0.4, 0.4, 1.76177e-09, 1, 0.991993, 1, 0.995984
0.489389, 34.4037, 0.4, 0.4, 1.76194e-09, 1, 0.991993, 1, 0.995984
0.489439, 34.4037, 0.4, 0.4, 1.76212e-09, 1, 0.991993, 1, 0.995984
0.489489, 34.4037, 0.4, 0.4, 1.76229e-09, 1, 0.991993, 1, 0.995984
0.489539, 34.4037, 0.4, 0.4, 1.76246e-09, 1, 0.991993, 1, 0.995984
0.489589, 34.4037, 0.4, 0.4, 1.76264e-09, 1, 0.991993, 1, 0.995984
0.489639, 34.4037, 0.4, 0.4, 1.76281e-09, 1, 0.991993, 1, 0.995984
0.489689, 34.4037, 0.4, 0.4, 1.76299e-09, 1, 0.991993, 1, 0.995984
0.489739, 34.4037, 0.4, 0.4, 1.76316e-09, 1, 0.991993, 1, 0.995984
0.489789, 34.4037, 0.4, 0.4, 1.76333e-09, 1, 0.991993, 1, 0.995984
0.489839, 34.4037, 0.4, 0.4, 1.76351e-09, 1, 0.991993, 1, 0.995984
0.489889, 34.4037, 0.4, 0.4, 1.76368e-09, 1, 0.991993, 1, 0.995984
0.489939, 34.4037, 0.4, 0.4, 1.76386e-09, 1, 0.991993, 1, 0.995984
0.489989, 34.4037, 0.4, 0.4, 1.76403e-09, 1, 0.991993, 1, 0.995984
0.490039, 34.4037, 0.4, 0.4, 1.7642e-09, 1, 0.991993, 1, 0.995984
0.490089, 34.4037, 0.4, 0.4, 1.76438e-09, 1, 0.991993, 1, 0.995984
0.490139, 34.4037, 0.4, 0.4, 1.76455e-09, 1, 0.991993, 1, 0.995984
0.490189, 34.4037, 0.4, 0.4, 1.76473e-09, 1, 0.991993, 1, 0.995984
0.490239, 34.4037, 0.4, 0.4, 1.7649e-09, 1, 0.991993, 1, 0.995984
0.490289, 34.4037, 0.4, 0.4, 1.76508e-09, 1, 0.991993, 1, 0.995984
0.490339, 34.4037, 0.4, 0.4, 1.76525e-09, 1, 0.991993, 1, 0.995984
0.490389, 34.4037, 0.4, 0.4, 1.76542e-09, 1, 0.991993, 1, 0.995984
0.490439, 34.4037, 0.4, 0.4, 1.7656e-09, 1, 0.991993, 1, 0.995984
0.490489, 34.4037, 0.4, 0.4, 1.76577e-09, 1, 0.991993, 1, 0.995984
0.490539, 34.4037, 0.4, 0.4, 1.76595e-09, 1, 0.991993, 1, 0.995984
0.490589, 34.4037, 0.4, 0.4, 1.76612e-09, 1, 0.991993, 1, 0.995984
0.490639, 34.4037, 0.4, 0.4, 1.76629e-09, 1, 0.991993, 1, 0.995984
0.490689, 34.4037, 0.4, 0.4, 1.76647e-09, 1, 0.991993, 1, 0.995984
0.490739, 34.4037, 0.4, 0.4, 1.76664e-09, 1, 0.991993, 1, 0.995984
0.490789, 34.4037, 0.4, 0.4, 1.76682e-09, 1, 0.991993, 1, 0.995984
0.490839, 34.4037, 0.4, 0.4, 1.76699e-09, 1, 0.991993, 1, 0.995984
0.490889, 34.4037, 0.4, 0.4, 1.76716e-09, 1, 0.991993, 1, 0.995984
0.490939, 34.4037, 0.4, 0.4, 1.76734e-09, 1, 0.991993, 1, 0.995984
0.490989, 34.4037, 0.4, 0.4, 1.76751e-09, 1, 0.991993, 1, 0.995984
0.491039, 34.4037, 0.4, 0.4, 1.76769e-09, 1, 0.991993, 1, 0.995984
0.491089, 34.4037, 0.4, 0.4, 1.76786e-09, 1, 0.991993, 1, 0.995984
0.491139, 34.4037, 0.4, 0.4, 1.76803e-09, 1, 0.991993, 1, 0.995984
0.491189, 34.4037, 0.4, 0.4, 1.76821e-09, 1, 0.991993, 1, 0.995984
0.491239, 34.4037, 0.4, 0.4, 1.76838e-09, 1, 0.991993, 1, 0.995984
0.491289, 34.4037, 0.4, 0.4, 1.76856e-09, 1, 0.991993, 1, 0.995984
0.491339, 34.4037, 0.4, 0.4, 1.76873e-09, 1, 0.991993, 1, 0.995984
0.491389, 34.4037, 0.4, 0.4, 1.76891e-09, 1, 0.991993, 1, 0.995984
0.491439, 34.4037, 0.4, 0.4, 1.76908e-09, 1, 0.991993, 1, 0.995984
0.491489, 34.4037, 0.4, 0.4, 1.76925e-09, 1, 0.991993, 1, 0.995984
0.491539, 34.4037, 0.4, 0.4, 1.76943e-09, 1, 0.991993, 1, 0.995984
0.491589, 34.4037, 0.4, 0.4, 1.7696e-09, 1, 0.991993, 1, 0.995984
0.491639, 34.4037, 0.4, 0.4, 1.76978e-09, 1, 0.991993, 1, 0.995984
0.491689, 34.4037, 0.4, 0.4, 1.76995e-09, 1, 0.991993, 1, 0.995984
0.491739, 34.4037, 0.4, 0.4, 1.77012e-09, 1, 0.991993, 1, 0.995984
0.491789, 34.4037, 0.4, 0.4, 1.7703e-09, 1, 0.991993, 1, 0.995984
0.491839, 34.4037, 0.4, 0.4, 1.77047e-09, 1, 0.991993, 1, 0.995984
0.491889, 34.4037, 0.4, 0.4, 1.77065e-09, 1, 0.991993, 1, 0.995984
0.491939, 34.4037, 0.4, 0.4, 1.77082e-09, 1, 0.991993, 1, 0.995984
0.491989, 34.4037, 0.4, 0.4, 1.77099e-09, 1, 0.991993, 1, 0.995984
0.492039, 34.4037, 0.4, 0.4, 1.77117e-09, 1, 0.991993, 1, 0.995984
0.492089, 34.4037, 0.4, 0.4, 1.77134e-09, 1, 0.991993, 1, 0.995984
0.492139, 34.4037, 0.4, 0.4, 1.77152e-09, 1, 0.991993, 1, 0.995984
0.492189, 34.4037, 0.4, 0.4, 1.77169e-09, 1, 0.991993, 1, 0.995984
0.49224, 34.4037, 0.4, 0.4, 1.77186e-09, 1, 0.991993, 1, 0.995984
0.49229, 34.4037, 0.4, 0.4, 1.77204e-09, 1, 0.991993, 1, 0.995984
0.49234, 34.4037, 0.4, 0.4, 1.77221e-09, 1, 0.991993, 1, 0.995984
0.49239, 34.4037, 0.4, 0.4, 1.77239e-09, 1, 0.991993, 1, 0.995984
0.49244, 34.4037, 0.4, 0.4, 1.77256e-09, 1, 0.991993, 1, 0.995984
0.49249, 34.4037, 0.4, 0.4, 1.77273e-09, 1, 0.991993, 1, 0.995984
0.49254, 34.4037, 0.4, 0.4, 1.77291e-09, 1, 0.991993, 1, 0.995984
0.49259, 34.4037, 0.4, 0.4, 1.77308e-09, 1, 0.991993, 1, 0.995984
0.49264, 34.4037, 0.4, 0.4, 1.77326e-09, 1, 0.991993, 1, 0.995984
0.49269, 34.4037, 0.4, 0.4, 1.77343e-09, 1, 0.991993, 1, 0.995984
0.49274, 34.4037, 0.4, 0.4, 1.77361e-09, 1, 0.991993, 1, 0.995984
0.49279, 34.4037, 0.4, 0.4, 1.77378e-09, 1, 0.991993, 1, 0.995984
0.49284, 34.4037, 0.4, 0.4, 1.77395e-09, 1, 0.991993, 1, 0.995984
0.49289, 34.4037, 0.4, 0.4, 1.77413e-09, 1, 0.991993, 1, 0.995984
0.49294, 34.4037, 0.4, 0.4, 1.7743e-09, 1, 0.991993, 1, 0.995984
0.49299, 34.4037, 0.4, 0.4, 1.77448e-09, 1, 0.991993, 1, 0.995984
0.49304, 34.4037, 0.4, 0.4, 1.77465e-09, 1, 0.991993, 1, 0.995984
0.49309, 34.4037, 0.4, 0.4, 1.77482e-09, 1, 0.991993, 1, 0.995984
0.49314, 34.4037, 0.4, 0.4, 1.775e-09, 1, 0.991993, 1, 0.995984
0.49319, 34.4037, 0.4, 0.4, 1.77517e-09, 1, 0.991993, 1, 0.995984
0.49324, 34.4037, 0.4, 0.4, 1.77535e-09, 1, 0.991993, 1, 0.995984
0.49329, 34.4037, 0.4, 0.4, 1.77552e-09, 1, 0.991993, 1, 0.995984
0.49334, 34.4037, 0.4, 0.4, 1.77569e-09, 1, 0.991993, 1, 0.995984
0.49339, 34.4037, 0.4, 0.4, 1.77587e-09, 1, 0.991993, 1, 0.995984
0.49344, 34.4037, 0.4, 0.4, 1.77604e-09, 1, 0.991993, 1, 0.995984
0.49349, 34.4037, 0.4, 0.4, 1.77622e-09, 1, 0.991993, 1, 0.995984
0.49354, 34.4037, 0.4, 0.4, 1.77639e-09, 1, 0.991993, 1, 0.995984
0.49359, 34.4037, 0.4, 0.4, 1.77656e-09, 1, 0.991993, 1, 0.995984
0.49364, 34.4037, 0.4, 0.4, 1.77674e-09, 1, 0.991993, 1, 0.995984
0.49369, 34.4037, 0.4, 0.4, 1.77691e-09, 1, 0.991993, 1, 0.995984
0.49374, 34.4037, 0.4, 0.4, 1.77709e-09, 1, 0.991993, 1, 0.995984
0.49379, 34.4037, 0.4, 0.4, 1.77726e-09, 1, 0.991993, 1, 0.995984
0.49384, 34.4037, 0.4, 0.4, 1.77744e-09, 1, 0.991993, 1, 0.995984
0.49389, 34.4037, 0.4, 0.4, 1.77761e-09, 1, 0.991993, 1, 0.995984
0.49394, 34.4037, 0.4, 0.4, 1.77778e-09, 1, 0.991993, 1, 0.995984
0.49399, 34.4037, 0.4, 0.4, 1.77796e-09, 1, 0.991993, 1, 0.995984
0.49404, 34.4037, 0.4, 0.4, 1.77813e-09, 1, 0.991993, 1, 0.995984
0.49409, 34.4037, 0.4, 0.4, 1.77831e-09, 1, 0.991993, 1, 0.995984
0.49414, 34.4037, 0.4, 0.4, 1.77848e-09, 1, 0.991993, 1, 0.995984
0.49419, 34.4037, 0.4, 0.4, 1.77865e-09, 1, 0.991993, 1, 0.995984
0.49424, 34.4037, 0.4, 0.4, 1.77883e-09, 1, 0.991993, 1, 0.995984
0.49429, 34.4037, 0.4, 0.4, 1.779e-09, 1, 0.991993, 1, 0.995984
0.49434, 34.4037, 0.4, 0.4, 1.77918e-09, 1, 0.991993, 1, 0.995984
0.49439, 34.4037, 0.4, 0.4, 1.77935e-09, 1, 0.991993, 1, 0.995984
0.49444, 34.4037, 0.4, 0.4, 1.77952e-09, 1, 0.991993, 1, 0.995984
0.49449, 34.4037, 0.4, 0.4, 1.7797e-09, 1, 0.991993, 1, 0.995984
0.49454, 34.4037, 0.4, 0.4, 1.77987e-09, 1, 0.991993, 1, 0.995984
0.49459, 34.4037, 0.4, 0.4, 1.78005e-09, 1, 0.991993, 1, 0.995984
0.49464, 34.4037, 0.4, 0.4, 1.78022e-09, 1, 0.991993, 1, 0.995984
0.49469, 34.4037, 0.4, 0.4, 1.78039e-09, 1, 0.991993, 1, 0.995984
0.49474, 34.4037, 0.4, 0.4, 1.78057e-09, 1, 0.991993, 1, 0.995984
0.49479, 34.4037, 0.4, 0.4, 1.78074e-09, 1, 0.991993, 1, 0.995984
0.49484, 34.4037, 0.4, 0.4, 1.78092e-09, 1, 0.991993, 1, 0.995984
0.49489, 34.4037, 0.4, 0.4, 1.78109e-09, 1, 0.991993, 1, 0.995984
0.49494, 34.4037, 0.4, 0.4, 1.78127e-09, 1, 0.991993, 1, 0.995984
0.49499, 34.4037, 0.4, 0.4, 1.78144e-09, 1, 0.991993, 1, 0.995984
0.49504, 34.4037, 0.4, 0.4, 1.78161e-09, 1, 0.991993, 1, 0.995984
0.49509, 34.4037, 0.4, 0.4, 1.78179e-09, 1, 0.991993, 1, 0.995984
0.49514, 34.4037, 0.4, 0.4, 1.78196e-09, 1, 0.991993, 1, 0.995984
0.49519, 34.4037, 0.4, 0.4, 1.78214e-09, 1, 0.991993, 1, 0.995984
0.49524, 34.4037, 0.4, 0.4, 1.78231e-09, 1, 0.991993, 1, 0.995984
0.49529, 34.4037, 0.4, 0.4, 1.78248e-09, 1, 0.991993, 1, 0.995984
0.49534, 34.4037, 0.4, 0.4, 1.78266e-09, 1, 0.991993, 1, 0.995984
0.49539, 34.4037, 0.4, 0.4, 1.78283e-09, 1, 0.991993, 1, 0.995984
0.49544, 34.4037, 0.4, 0.4, 1.78301e-09, 1, 0.991993, 1, 0.995984
0.49549, 34.4037, 0.4, 0.4, 1.78318e-09, 1, 0.991993, 1, 0.995984
0.49554, 34.4037, 0.4, 0.4, 1.78335e-09, 1, 0.991993, 1, 0.995984
0.49559, 34.4037, 0.4, 0.4, 1.78353e-09, 1, 0.991993, 1, 0.995984
0.49564, 34.4037, 0.4, 0.4, 1.7837e-09, 1, 0.991993, 1, 0.995984
0.49569, 34.4037, 0.4, 0.4, 1.78388e-09, 1, 0.991993, 1, 0.995984
0.49574, 34.4037, 0.4, 0.4, 1.78405e-09, 1, 0.991993, 1, 0.995984
0.49579, 34.4037, 0.4, 0.4, 1.78422e-09, 1, 0.991993, 1, 0.995984
0.49584, 34.4037, 0.4, 0.4, 1.7844e-09, 1, 0.991993, 1, 0.995984
0.49589, 34.4037, 0.4, 0.4, 1.78457e-09, 1, 0.991993, 1, 0.995984
0.49594, 34.4037, 0.4, 0.4, 1.78475e-09, 1, 0.991993, 1, 0.995984
0.49599, 34.4037, 0.4, 0.4, 1.78492e-09, 1, 0.991993, 1, 0.995984
0.49604, 34.4037, 0.4, 0.4, 1.78509e-09, 1, 0.991993, 1, 0.995984
0.49609, 34.4037, 0.4, 0.4, 1.78527e-09, 1, 0.991993, 1, 0.995984
0.49614, 34.4037, 0.4, 0.4, 1.78544e-09, 1, 0.991993, 1, 0.995984
0.49619, 34.4037, 0.4, 0.4, 1.78562e-09, 1, 0.991993, 1, 0.995984
0.49624, 34.4037, 0.4, 0.4, 1.78579e-09, 1, 0.991993, 1, 0.995984
0.49629, 34.4037, 0.4, 0.4, 1.78597e-09, 1, 0.991993, 1, 0.995984
0.49634, 34.4037, 0.4, 0.4, 1.78614e-09, 1, 0.991993, 1, 0.995984
0.49639, 34.4037, 0.4, 0.4, 1.78631e-09, 1, 0.991993, 1, 0.995984
0.49644, 34.4037, 0.4, 0.4, 1.78649e-09, 1, 0.991993, 1, 0.995984
0.49649, 34.4037, 0.4, 0.4, 1.78666e-09, 1, 0.991993, 1, 0.995984
0.49654, 34.4037, 0.4, 0.4, 1.78684e-09, 1, 0.991993, 1, 0.995984
0.49659, 34.4037, 0.4, 0.4, 1.78701e-09, 1, 0.991993, 1, 0.995984
0.49664, 34.4037, 0.4, 0.4, 1.78718e-09, 1, 0.991993, 1, 0.995984
0.49669, 34.4037, 0.4, 0.4, 1.78736e-09, 1, 0.991993, 1, 0.995984
0.49674, 34.4037, 0.4, 0.4, 1.78753e-09, 1, 0.991993, 1, 0.995984
0.49679, 34.4037, 0.4, 0.4, 1.78771e-09, 1, 0.991993, 1, 0.995984
0.49684, 34.4037, 0.4, 0.4, 1.78788e-09, 1, 0.991993, 1, 0.995984
0.49689, 34.4037, 0.4, 0.4, 1.78805e-09, 1, 0.991993, 1, 0.995984
0.49694, 34.4037, 0.4, 0.4, 1.78823e-09, 1, 0.991993, 1, 0.995984
0.49699, 34.4037, 0.4, 0.4, 1.7884e-09, 1, 0.991993, 1, 0.995984
0.49704, 34.4037, 0.4, 0.4, 1.78858e-09, 1, 0.991993, 1, 0.995984
0.49709, 34.4037, 0.4, 0.4, 1.78875e-09, 1, 0.991993, 1, 0.995984
0.49714, 34.4037, 0.4, 0.4, 1.78892e-09, 1, 0.991993, 1, 0.995984
0.49719, 34.4037, 0.4, 0.4, 1.7891e-09, 1, 0.991993, 1, 0.995984
0.49724, 34.4037, 0.4, 0.4, 1.78927e-09, 1, 0.991993, 1, 0.995984
0.49729, 34.4037, 0.4, 0.4, 1.78945e-09, 1, 0.991993, 1, 0.995984
0.49734, 34.4037, 0.4, 0.4, 1.78962e-09, 1, 0.991993, 1, 0.995984
0.49739, 34.4037, 0.4, 0.4, 1.7898e-09, 1, 0.991993, 1, 0.995984
0.49744, 34.4037, 0.4, 0.4, 1.78997e-09, 1, 0.991993, 1, 0.995984
0.49749, 34.4037, 0.4, 0.4, 1.79014e-09, 1, 0.991993, 1, 0.995984
0.49754, 34.4037, 0.4, 0.4, 1.79032e-09, 1, 0.991993, 1, 0.995984
0.49759, 34.4037, 0.4, 0.4, 1.79049e-09, 1, 0.991993, 1, 0.995984
0.49764, 34.4037, 0.4, 0.4, 1.79067e-09, 1, 0.991993, 1, 0.995984
0.49769, 34.4037, 0.4, 0.4, 1.79084e-09, 1, 0.991993, 1, 0.995984
0.49774, 34.4037, 0.4, 0.4, 1.79101e-09, 1, 0.991993, 1, 0.995984
0.49779, 34.4037, 0.4, 0.4, 1.79119e-09, 1, 0.991993, 1, 0.995984
0.49784, 34.4037, 0.4, 0.4, 1.79136e-09, 1, 0.991993, 1, 0.995984
0.49789, 34.4037, 0.4, 0.4, 1.79154e-09, 1, 0.991993, 1, 0.995984
0.49794, 34.4037, 0.4, 0.4, 1.79171e-09, 1, 0.991993, 1, 0.995984
0.49799, 34.4037, 0.4, 0.4, 1.79188e-09, 1, 0.991993, 1, 0.995984
0.49804, 34.4037, 0.4, 0.4, 1.79206e-09, 1, 0.991993, 1, 0.995984
0.49809, 34.4037, 0.4, 0.4, 1.79223e-09, 1, 0.991993, 1, 0.995984
0.49814, 34.4037, 0.4, 0.4, 1.79241e-09, 1, 0.991993, 1, 0.995984
0.49819, 34.4037, 0.4, 0.4, 1.79258e-09, 1, 0.991993, 1, 0.995984
0.498241, 34.4037, 0.4, 0.4, 1.79275e-09, 1, 0.991993, 1, 0.995984
0.498291, 34.4037, 0.4, 0.4, 1.79293e-09, 1, 0.991993, 1, 0.995984
0.498341, 34.4037, 0.4, 0.4, 1.7931e-09, 1, 0.991993, 1, 0.995984
0.498391, 34.4037, 0.4, 0.4, 1.79328e-09, 1, 0.991993, 1, 0.995984
0.498441, 34.4037, 0.4, 0.4, 1.79345e-09, 1, 0.991993, 1, 0.995984
0.498491, 34.4037, 0.4, 0.4, 1.79362e-09, 1, 0.991993, 1, 0.995984
0.498541, 34.4037, 0.4, 0.4, 1.7938e-09, 1, 0.991993, 1, 0.995984
0.498591, 34.4037, 0.4, 0.4, 1.79397e-09, 1, 0.991993, 1, 0.995984
0.498641, 34.4037, 0.4, 0.4, 1.79415e-09, 1, 0.991993, 1, 0.995984
0.498691, 34.4037, 0.4, 0.4, 1.79432e-09, 1, 0.991993, 1, 0.995984
0.498741, 34.4037, 0.4, 0.4, 1.7945e-09, 1, 0.991993, 1, 0.995984
0.498791, 34.4037, 0.4, 0.4, 1.79467e-09, 1, 0.991993, 1, 0.995984
0.498841, 34.4037, 0.4, 0.4, 1.79484e-09, 1, 0.991993, 1, 0.995984
0.498891, 34.4037, 0.4, 0.4, 1.79502e-09, 1, 0.991993, 1, 0.995984
0.498941, 34.4037, 0.4, 0.4, 1.79519e-09, 1, 0.991993, 1, 0.995984
0.498991, 34.4037, 0.4, 0.4, 1.79537e-09, 1, 0.991993, 1, 0.995984
0.499041, 34.4037, 0.4, 0.4, 1.79554e-09, 1, 0.991993, 1, 0.995984
0.499091, 34.4037, 0.4, 0.4, 1.79571e-09, 1, 0.991993, 1, 0.995984
0.499141, 34.4037, 0.4, 0.4, 1.79589e-09, 1, 0.991993, 1, 0.995984
0.499191, 34.4037, 0.4, 0.4, 1.79606e-09, 1, 0.991993, 1, 0.995984
0.499241, 34.4037, 0.4, 0.4, 1.79624e-09, 1, 0.991993, 1, 0.995984
0.499291, 34.4037, 0.4, 0.4, 1.79641e-09, 1, 0.991993, 1, 0.995984
0.499341, 34.4037, 0.4, 0.4, 1.79658e-09, 1, 0.991993, 1, 0.995984
0.499391, 34.4037, 0.4, 0.4, 1.79676e-09, 1, 0.991993, 1, 0.995984
0.499441, 34.4037, 0.4, 0.4, 1.79693e-09, 1, 0.991993, 1, 0.995984
0.499491, 34.4037, 0.4, 0.4, 1.79711e-09, 1, 0.991993, 1, 0.995984
0.499541, 34.4037, 0.4, 0.4, 1.79728e-09, 1, 0.991993, 1, 0.995984
0.499591, 34.4037, 0.4, 0.4, 1.79745e-09, 1, 0.991993, 1, 0.995984
0.499641, 34.4037, 0.4, 0.4, 1.79763e-09, 1, 0.991993, 1, 0.995984
0.499691, 34.4037, 0.4, 0.4, 1.7978e-09, 1, 0.991993, 1, 0.995984
0.499741, 34.4037, 0.4, 0.4, 1.79798e-09, 1, 0.991993, 1, 0.995984
0.499791, 34.4037, 0.4, 0.4, 1.79815e-09, 1, 0.991993, 1, 0.995984
0.499841, 34.4037, 0.4, 0.4, 1.79833e-09, 1, 0.991993, 1, 0.995984
0.499891, 34.4037, 0.4, 0.4, 1.7985e-09, 1, 0.991993, 1, 0.995984
0.499941, 34.4037, 0.4, 0.4, 1.79867e-09, 1, 0.991993, 1, 0.995984
0.499991, 34.4037, 0.4, 0.4, 1.79885e-09, 1, 0.991993, 1, 0.995984
0.500041, 34.4037, 0.4, 0.4, 1.79902e-09, 1, 0.991993, 1, 0.995984
0.500041, 34.4037, 0.794368, 0.4, 1.79902e-09, 0.954012, 0.922086, 0.948588, 0.93465
0.500091, 34.4037, 0.794282, 0.4, -1.72586e-06, 0.953996, 0.922076, 0.948579, 0.93464
0.500141, 34.4037, 0.794138, 0.4, -4.60454e-06, 0.953969, 0.922058, 0.948565, 0.934624
0.500191, 34.4037, 0.794024, 0.4, -6.90632e-06, 0.953948, 0.922044, 0.948554, 0.934611
0.500241, 34.4037, 0.793909, 0.4, -9.20751e-06, 0.953927, 0.92203, 0.948543, 0.934598
0.500291, 34.4037, 0.793795, 0.4, -1.1508e-05, 0.953905, 0.922016, 0.948532, 0.934585
0.500341, 34.4037, 0.79368, 0.4, -1.38079e-05, 0.953884, 0.922002, 0.948521, 0.934572
0.500391, 34.4037, 0.793566, 0.4, -1.6107e-05, 0.953863, 0.921988, 0.94851, 0.93456
0.500441, 34.4036, 0.793451, 0.4, -1.84055e-05, 0.953842, 0.921974, 0.948498, 0.934547
0.500491, 34.4036, 0.793337, 0.4, -2.07033e-05, 0.95382, 0.92196, 0.948487, 0.934534
0.500541, 34.4036, 0.793223, 0.4, -2.30005e-05, 0.953799, 0.921946, 0.948476, 0.934521
0.500591, 34.4036, 0.793109, 0.4, -2.52969e-05, 0.953778, 0.921931, 0.948465, 0.934508
0.500641, 34.4036, 0.792994, 0.4, -2.75927e-05, 0.953757, 0.921917, 0.948454, 0.934496
0.500691, 34.4035, 0.79288, 0.4, -2.98879e-05, 0.953736, 0.921904, 0.948443, 0.934483
0.500741, 34.4035, 0.792766, 0.4, -3.21823e-05, 0.953715, 0.921889, 0.948432, 0.93447
0.500791, 34.4035, 0.792652, 0.4, -3.44761e-05, 0.953694, 0.921876, 0.948421, 0.934457
0.500841, 34.4034, 0.792539, 0.4, -3.67692e-05, 0.953673, 0.921862, 0.94841, 0.934444
0.500891, 34.4034, 0.792425, 0.4, -3.90617e-05, 0.953651, 0.921848, 0.948399, 0.934432
0.500941, 34.4034, 0.792311, 0.4, -4.13534e-05, 0.953631, 0.921834, 0.948388, 0.934419
0.500991, 34.4033, 0.792197, 0.4, -4.36445e-05, 0.953609, 0.92182, 0.948377, 0.934406
0.501041, 34.4033, 0.792083, 0.4, -4.5935e-05, 0.953589, 0.921806, 0.948366, 0.934394
0.501091, 34.4033, 0.79197, 0.4, -4.82247e-05, 0.953568, 0.921792, 0.948355, 0.934381
0.501141, 34.4032, 0.791856, 0.4, -5.05138e-05, 0.953547, 0.921778, 0.948344, 0.934368
0.501191, 34.4032, 0.791743, 0.4, -5.28023e-05, 0.953526, 0.921764, 0.948333, 0.934356
0.501241, 34.4031, 0.791629, 0.4, -5.509e-05, 0.953505, 0.92175, 0.948322, 0.934343
0.501291, 34.4031, 0.791516, 0.4, -5.73771e-05, 0.953484, 0.921737, 0.948311, 0.93433
0.501341, 34.403, 0.791402, 0.4, -5.96635e-05, 0.953463, 0.921723, 0.9483, 0.934318
0.501391, 34.403, 0.791289, 0.4, -6.19493e-05, 0.953442, 0.921709, 0.948289, 0.934305
0.501441, 34.4029, 0.791176, 0.4, -6.42344e-05, 0.953422, 0.921695, 0.948278, 0.934292
0.501491, 34.4028, 0.791063, 0.4, -6.65188e-05, 0.953401, 0.921681, 0.948267, 0.93428
0.501541, 34.4028, 0.790949, 0.4, -6.88026e-05, 0.95338, 0.921668, 0.948256, 0.934267
0.501591, 34.4027, 0.790836, 0.4, -7.10856e-05, 0.953359, 0.921654, 0.948245, 0.934255
0.501641, 34.4026, 0.790723, 0.4, -7.33681e-05, 0.953339, 0.92164, 0.948234, 0.934242
0.501691, 34.4026, 0.79061, 0.4, -7.56498e-05, 0.953318, 0.921626, 0.948223, 0.934229
0.501741, 34.4025, 0.790497, 0.4, -7.79309e-05, 0.953297, 0.921613, 0.948213, 0.934217
0.501791, 34.4024, 0.790384, 0.4, -8.02113e-05, 0.953277, 0.921599, 0.948202, 0.934204
0.501841, 34.4024, 0.790272, 0.4, -8.24911e-05, 0.953256, 0.921585, 0.948191, 0.934192
0.501891, 34.4023, 0.790159, 0.4, -8.47702e-05, 0.953236, 0.921572, 0.94818, 0.934179
0.501941, 34.4022, 0.790046, 0.4, -8.70486e-05, 0.953215, 0.921558, 0.948169, 0.934167
0.501991, 34.4021, 0.789933, 0.4, -8.93264e-05, 0.953194, 0.921544, 0.948158, 0.934154
0.502041, 34.4021, 0.789821, 0.4, -9.16035e-05, 0.953174, 0.921531, 0.948148, 0.934142
0.502091, 34.402, 0.789708, 0.4, -9.388e-05, 0.953153, 0.921517, 0.948137, 0.93413
0.502141, 34.4019, 0.789596, 0.4, -9.61557e-05, 0.953133, 0.921503, 0.948126, 0.934117
0.502191, 34.4018, 0.789483, 0.4, -9.84309e-05, 0.953113, 0.92149, 0.948115, 0.934105
0.502241, 34.4017, 0.789371, 0.4, -0.000100705, 0.953092, 0.921476, 0.948104, 0.934092
0.502291, 34.4016, 0.789258, 0.4, -0.000102979, 0.953072, 0.921463, 0.948094, 0.93408
0.502341, 34.4015, 0.789146, 0.4, -0.000105252, 0.953051, 0.921449, 0.948083, 0.934067
0.502391, 34.4014, 0.789034, 0.4, -0.000107525, 0.953031, 0.921436, 0.948072, 0.934055
0.502441, 34.4013, 0.788922, 0.4, -0.000109797, 0.953011, 0.921422, 0.948061, 0.934043
0.502491, 34.4012, 0.78881, 0.4, -0.000112068, 0.95299, 0.921409, 0.948051, 0.93403
0.502541, 34.4011, 0.788698, 0.4, -0.000114338, 0.95297, 0.921395, 0.94804, 0.934018
0.502591, 34.401, 0.788586, 0.4, -0.000116608, 0.95295, 0.921382, 0.948029, 0.934005
0.502641, 34.4009, 0.788474, 0.4, -0.000118877, 0.952929, 0.921368, 0.948018, 0.933993
0.502691, 34.4008, 0.788362, 0.4, -0.000121146, 0.952909, 0.921355, 0.948008, 0.933981
0.502741, 34.4007, 0.78825, 0.4, -0.000123414, 0.952889, 0.921341, 0.947997, 0.933969
0.502791, 34.4006, 0.788138, 0.4, -0.000125681, 0.952869, 0.921328, 0.947986, 0.933956
0.502841, 34.4005, 0.788026, 0.4, -0.000127947, 0.952848, 0.921314, 0.947976, 0.933944
0.502891, 34.4004, 0.787915, 0.4, -0.000130213, 0.952828, 0.921301, 0.947965, 0.933932
0.502941, 34.4002, 0.787803, 0.4, -0.000132478, 0.952808, 0.921288, 0.947954, 0.933919
0.502991, 34.4001, 0.787692, 0.4, -0.000134743, 0.952788, 0.921274, 0.947944, 0.933907
0.503041, 34.4, 0.78758, 0.4, -0.000137007, 0.952768, 0.921261, 0.947933, 0.933895
0.503091, 34.3999, 0.787468, 0.4, -0.00013927, 0.952748, 0.921247, 0.947922, 0.933883
0.503141, 34.3997, 0.787357, 0.4, -0.000141533, 0.952728, 0.921234, 0.947912, 0.93387
0.503191, 34.3996, 0.787246, 0.4, -0.000143795, 0.952708, 0.921221, 0.947901, 0.933858
0.503241, 34.3995, 0.787134, 0.4, -0.000146056, 0.952688, 0.921207, 0.947891, 0.933846
0.503291, 34.3994, 0.787023, 0.4, -0.000148317, 0.952668, 0.921194, 0.94788, 0.933834
0.503341, 34.3992, 0.786912, 0.4, -0.000150577, 0.952648, 0.921181, 0.947869, 0.933822
0.503391, 34.3991, 0.786801, 0.4, -0.000152836, 0.952628, 0.921168, 0.947859, 0.933809
0.503441, 34.3989, 0.78669, 0.4, -0.000155095, 0.952608, 0.921154, 0.947848, 0.933797
0.503491, 34.3988, 0.786579, 0.4, -0.000157353, 0.952588, 0.921141, 0.947838, 0.933785
0.503541, 34.3987, 0.786468, 0.4, -0.00015961, 0.952568, 0.921128, 0.947827, 0.933773
0.503591, 34.3985, 0.786357, 0.4, -0.000161867, 0.952549, 0.921115, 0.947817, 0.933761
0.503641, 34.3984, 0.786246, 0.4, -0.000164123, 0.952529, 0.921101, 0.947806, 0.933749
0.503691, 34.3982, 0.786135, 0.4, -0.000166378, 0.952509, 0.921088, 0.947796, 0.933737
0.503741, 34.3981, 0.786024, 0.4, -0.000168633, 0.952489, 0.921075, 0.947785, 0.933725
0.503791, 34.3979, 0.785913, 0.4, -0.000170887, 0.952469, 0.921062, 0.947775, 0.933712
0.503841, 34.3978, 0.785803, 0.4, -0.00017314, 0.952449, 0.921049, 0.947764, 0.9337
0.503891, 34.3976, 0.785692, 0.4, -0.000175393, 0.95243, 0.921035, 0.947754, 0.933688
0.503941, 34.3974, 0.785581, 0.4, -0.000177645, 0.95241, 0.921022, 0.947743, 0.933676
0.503991, 34.3973, 0.785471, 0.4, -0.000179897, 0.95239, 0.921009, 0.947733, 0.933664
0.504041, 34.3971, 0.78536, 0.4, -0.000182148, 0.952371, 0.920996, 0.947722, 0.933652
0.504091, 34.397, 0.78525, 0.4, -0.000184398, 0.952351, 0.920983, 0.947712, 0.93364
0.504141, 34.3968, 0.78514, 0.4, -0.000186647, 0.952331, 0.92097, 0.947701, 0.933628
0.504191, 34.3966, 0.785029, 0.4, -0.000188896, 0.952312, 0.920957, 0.947691, 0.933616
0.504241, 34.3965, 0.784919, 0.4, -0.000191144, 0.952292, 0.920944, 0.94768, 0.933604
0.504291, 34.3963, 0.784809, 0.4, -0.000193392, 0.952273, 0.920931, 0.94767, 0.933592
0.504341, 34.3961, 0.784699, 0.4, -0.000195639, 0.952253, 0.920918, 0.94766, 0.93358
0.504391, 34.3959, 0.784588, 0.4, -0.000197885, 0.952234, 0.920905, 0.947649, 0.933568
0.504441, 34.3957, 0.784478, 0.4, -0.000200131, 0.952214, 0.920892, 0.947639, 0.933556
0.504492, 34.3956, 0.784369, 0.4, -0.000202376, 0.952195, 0.920879, 0.947629, 0.933544
0.504542, 34.3954, 0.784258, 0.4, -0.00020462, 0.952175, 0.920866, 0.947618, 0.933533
0.504592, 34.3952, 0.784149, 0.4, -0.000206864, 0.952156, 0.920853, 0.947608, 0.933521
0.504642, 34.395, 0.784039, 0.4, -0.000209107, 0.952136, 0.92084, 0.947597, 0.933509
0.504692, 34.3948, 0.783929, 0.4, -0.000211349, 0.952117, 0.920827, 0.947587, 0.933497
0.504742, 34.3946, 0.783819, 0.4, -0.000213591, 0.952097, 0.920814, 0.947577, 0.933485
0.504792, 34.3944, 0.783709, 0.4, -0.000215832, 0.952078, 0.920801, 0.947567, 0.933473
0.504842, 34.3942, 0.7836, 0.4, -0.000218073, 0.952059, 0.920788, 0.947556, 0.933461
0.504892, 34.394, 0.78349, 0.4, -0.000220313, 0.952039, 0.920775, 0.947546, 0.933449
0.504942, 34.3938, 0.783381, 0.4, -0.000222552, 0.95202, 0.920762, 0.947536, 0.933438
0.504992, 34.3936, 0.783271, 0.4, -0.00022479, 0.952001, 0.920749, 0.947525, 0.933426
0.505042, 34.3934, 0.783162, 0.4, -0.000227028, 0.951982, 0.920736, 0.947515, 0.933414
0.505092, 34.3932, 0.783052, 0.4, -0.000229265, 0.951962, 0.920724, 0.947505, 0.933402
0.505142, 34.393, 0.782943, 0.4, -0.000231502, 0.951943, 0.920711, 0.947494, 0.93339
0.505192, 34.3928, 0.782833, 0.4, -0.000233738, 0.951924, 0.920698, 0.947484, 0.933379
0.505242, 34.3926, 0.782724, 0.4, -0.000235973, 0.951905, 0.920685, 0.947474, 0.933367
0.505292, 34.3924, 0.782615, 0.4, -0.000238208, 0.951886, 0.920672, 0.947464, 0.933355
0.505342, 34.3922, 0.782506, 0.4, -0.000240442, 0.951867, 0.92066, 0.947453, 0.933343
0.505392, 34.392, 0.782397, 0.4, -0.000242675, 0.951847, 0.920647, 0.947443, 0.933331
0.505442, 34.3917, 0.782288, 0.4, -0.000244908, 0.951828, 0.920634, 0.947433, 0.93332
0.505492, 34.3915, 0.782179, 0.4, -0.00024714, 0.951809, 0.920621, 0.947423, 0.933308
0.505542, 34.3913, 0.78207, 0.4, -0.000249372, 0.95179, 0.920608, 0.947413, 0.933296
0.505592, 34.3911, 0.781961, 0.4, -0.000251602, 0.951771, 0.920596, 0.947402, 0.933285
0.505642, 34.3908, 0.781852, 0.4, -0.000253833, 0.951752, 0.920583, 0.947392, 0.933273
0.505692, 34.3906, 0.781743, 0.4, -0.000256062, 0.951733, 0.92057, 0.947382, 0.933261
0.505742, 34.3904, 0.781634, 0.4, -0.000258291, 0.951714, 0.920558, 0.947372, 0.93325
0.505792, 34.3901, 0.781525, 0.4, -0.000260519, 0.951695, 0.920545, 0.947362, 0.933238
0.505842, 34.3899, 0.781417, 0.4, -0.000262747, 0.951676, 0.920532, 0.947352, 0.933226
0.505892, 34.3897, 0.781308, 0.4, -0.000264974, 0.951657, 0.92052, 0.947342, 0.933215
0.505942, 34.3894, 0.7812, 0.4, -0.0002672, 0.951638, 0.920507, 0.947331, 0.933203
0.505992, 34.3892, 0.781091, 0.4, -0.000269426, 0.95162, 0.920494, 0.947321, 0.933192
0.506042, 34.389, 0.780983, 0.4, -0.000271651, 0.951601, 0.920482, 0.947311, 0.93318
0.506092, 34.3887, 0.780874, 0.4, -0.000273875, 0.951582, 0.920469, 0.947301, 0.933168
0.506142, 34.3885, 0.780766, 0.4, -0.000276099, 0.951563, 0.920457, 0.947291, 0.933157
0.506192, 34.3882, 0.780658, 0.4, -0.000278322, 0.951544, 0.920444, 0.947281, 0.933145
0.506242, 34.388, 0.780549, 0.4, -0.000280545, 0.951526, 0.920431, 0.947271, 0.933134
0.506292, 34.3877, 0.780441, 0.4, -0.000282767, 0.951507, 0.920419, 0.947261, 0.933122
0.506342, 34.3874, 0.780333, 0.4, -0.000284988, 0.951488, 0.920406, 0.947251, 0.933111
0.506392, 34.3872, 0.780225, 0.4, -0.000287208, 0.951469, 0.920394, 0.947241, 0.933099
0.506442, 34.3869, 0.780117, 0.4, -0.000289428, 0.951451, 0.920381, 0.947231, 0.933087
0.506492, 34.3867, 0.780009, 0.4, -0.000291648, 0.951432, 0.920369, 0.947221, 0.933076
0.506542, 34.3864, 0.779901, 0.4, -0.000293866, 0.951413, 0.920356, 0.947211, 0.933064
0.506592, 34.3861, 0.779793, 0.4, -0.000296084, 0.951395, 0.920344, 0.947201, 0.933053
0.506642, 34.3859, 0.779685, 0.4, -0.000298302, 0.951376, 0.920331, 0.947191, 0.933041
0.506692, 34.3856, 0.779577, 0.4, -0.000300518, 0.951357, 0.920319, 0.947181, 0.93303
0.506742, 34.3853, 0.779469, 0.4, -0.000302735, 0.951339, 0.920306, 0.947171, 0.933019
0.506792, 34.3851, 0.779362, 0.4, -0.00030495, 0.95132, 0.920294, 0.947161, 0.933007
0.506842, 34.3848, 0.779254, 0.4, -0.000307165, 0.951302, 0.920282, 0.947151, 0.932996
0.506892, 34.3845, 0.779146, 0.4, -0.000309379, 0.951283, 0.920269, 0.947141, 0.932984
0.506942, 34.3842, 0.779038, 0.4, -0.000311593, 0.951265, 0.920257, 0.947131, 0.932973
0.506992, 34.3839, 0.778931, 0.4, -0.000313806, 0.951246, 0.920244, 0.947121, 0.932961
0.507042, 34.3837, 0.778823, 0.4, -0.000316018, 0.951228, 0.920232, 0.947111, 0.93295
0.507092, 34.3834, 0.778716, 0.4, -0.00031823, 0.951209, 0.92022, 0.947101, 0.932939
0.507142, 34.3831, 0.778609, 0.4, -0.000320441, 0.951191, 0.920207, 0.947091, 0.932927
0.507192, 34.3828, 0.778501, 0.4, -0.000322651, 0.951173, 0.920195, 0.947081, 0.932916
0.507242, 34.3825, 0.778394, 0.4, -0.000324861, 0.951154, 0.920183, 0.947071, 0.932904
0.507292, 34.3822, 0.778287, 0.4, -0.00032707, 0.951136, 0.92017, 0.947061, 0.932893
0.507342, 34.3819, 0.77818, 0.4, -0.000329279, 0.951118, 0.920158, 0.947051, 0.932882
0.507392, 34.3816, 0.778072, 0.4, -0.000331487, 0.951099, 0.920146, 0.947042, 0.932871
0.507442, 34.3813, 0.777965, 0.4, -0.000333694, 0.951081, 0.920133, 0.947032, 0.932859
0.507492, 34.381, 0.777858, 0.4, -0.000335901, 0.951063, 0.920121, 0.947022, 0.932848
0.507542, 34.3807, 0.777751, 0.4, -0.000338107, 0.951044, 0.920109, 0.947012, 0.932837
0.507592, 34.3804, 0.777644, 0.4, -0.000340312, 0.951026, 0.920097, 0.947002, 0.932825
0.507642, 34.3801, 0.777537, 0.4, -0.000342517, 0.951008, 0.920084, 0.946992, 0.932814
0.507692, 34.3798, 0.77743, 0.4, -0.000344721, 0.95099, 0.920072, 0.946983, 0.932803
0.507742, 34.3795, 0.777324, 0.4, -0.000346924, 0.950972, 0.92006, 0.946973, 0.932792
0.507792, 34.3792, 0.777217, 0.4, -0.000349127, 0.950953, 0.920048, 0.946963, 0.93278
0.507842, 34.3789, 0.77711, 0.4, -0.00035133, 0.950935, 0.920036, 0.946953, 0.932769
0.507892, 34.3785, 0.777003, 0.4, -0.000353531, 0.950917, 0.920023, 0.946943, 0.932758
0.507942, 34.3782, 0.776897, 0.4, -0.000355732, 0.950899, 0.920011, 0.946933, 0.932747
0.507992, 34.3779, 0.77679, 0.4, -0.000357932, 0.950881, 0.919999, 0.946924, 0.932735
0.508042, 34.3776, 0.776683, 0.4, -0.000360132, 0.950863, 0.919987, 0.946914, 0.932724
0.508092, 34.3772, 0.776577, 0.4, -0.000362331, 0.950845, 0.919975, 0.946904, 0.932713
0.508142, 34.3769, 0.77647, 0.4, -0.00036453, 0.950827, 0.919963, 0.946894, 0.932702
0.508192, 34.3766, 0.776364, 0.4, -0.000366728, 0.950809, 0.919951, 0.946885, 0.932691
0.508242, 34.3763, 0.776258, 0.4, -0.000368925, 0.950791, 0.919939, 0.946875, 0.93268
0.508292, 34.3759, 0.776151, 0.4, -0.000371121, 0.950773, 0.919926, 0.946865, 0.932668
0.508342, 34.3756, 0.776045, 0.4, -0.000373317, 0.950755, 0.919914, 0.946855, 0.932657
0.508392, 34.3753, 0.775939, 0.4, -0.000375513, 0.950737, 0.919902, 0.946846, 0.932646
0.508442, 34.3749, 0.775833, 0.4, -0.000377708, 0.950719, 0.91989, 0.946836, 0.932635
0.508492, 34.3746, 0.775726, 0.4, -0.000379902, 0.950701, 0.919878, 0.946826, 0.932624
0.508542, 34.3742, 0.77562, 0.4, -0.000382095, 0.950683, 0.919866, 0.946817, 0.932613
0.508592, 34.3739, 0.775514, 0.4, -0.000384288, 0.950665, 0.919854, 0.946807, 0.932602
0.508642, 34.3735, 0.775408, 0.4, -0.00038648, 0.950647, 0.919842, 0.946797, 0.932591
0.508692, 34.3732, 0.775302, 0.4, -0.000388672, 0.95063, 0.91983, 0.946788, 0.93258
0.508742, 34.3728, 0.775196, 0.4, -0.000390863, 0.950612, 0.919818, 0.946778, 0.932569
0.508792, 34.3725, 0.775091, 0.4, -0.000393053, 0.950594, 0.919806, 0.946768, 0.932558
0.508842, 34.3721, 0.774985, 0.4, -0.000395243, 0.950576, 0.919794, 0.946759, 0.932547
0.508892, 34.3718, 0.774879, 0.4, -0.000397432, 0.950559, 0.919782, 0.946749, 0.932535
0.508942, 34.3714, 0.774773, 0.4, -0.00039962, 0.950541, 0.91977, 0.946739, 0.932525
0.508992, 34.3711, 0.774668, 0.4, -0.000401808, 0.950523, 0.919758, 0.94673, 0.932513
0.509042, 34.3707, 0.774562, 0.4, -0.000403995, 0.950505, 0.919747, 0.94672, 0.932503
0.509092, 34.3703, 0.774456, 0.4, -0.000406182, 0.950488, 0.919735, 0.946711, 0.932492
0.509142, 34.37, 0.774351, 0.4, -0.000408368, 0.95047, 0.919723, 0.946701, 0.932481
0.509192, 34.3696, 0.774245, 0.4, -0.000410553, 0.950452, 0.919711, 0.946691, 0.93247
0.509242, 34.3692, 0.77414, 0.4, -0.000412738, 0.950435, 0.919699, 0.946682, 0.932459
0.509292, 34.3689, 0.774035, 0.4, -0.000414922, 0.950417, 0.919687, 0.946672, 0.932448
0.509342, 34.3685, 0.773929, 0.4, -0.000417106, 0.9504, 0.919675, 0.946663, 0.932437
0.509392, 34.3681, 0.773824, 0.4, -0.000419289, 0.950382, 0.919664, 0.946653, 0.932426
0.509442, 34.3677, 0.773718, 0.4, -0.000421471, 0.950365, 0.919652, 0.946644, 0.932415
0.509492, 34.3673, 0.773613, 0.4, -0.000423652, 0.950347, 0.91964, 0.946634, 0.932404
0.509542, 34.367, 0.773508, 0.4, -0.000425834, 0.95033, 0.919628, 0.946625, 0.932393
0.509592, 34.3666, 0.773403, 0.4, -0.000428014, 0.950312, 0.919616, 0.946615, 0.932382
0.509642, 34.3662, 0.773298, 0.4, -0.000430194, 0.950295, 0.919605, 0.946606, 0.932371
0.509692, 34.3658, 0.773193, 0.4, -0.000432373, 0.950277, 0.919593, 0.946596, 0.93236
0.509742, 34.3654, 0.773088, 0.4, -0.000434551, 0.95026, 0.919581, 0.946587, 0.93235
0.509792, 34.365, 0.772983, 0.4, -0.000436729, 0.950242, 0.919569, 0.946577, 0.932339
0.509842, 34.3646, 0.772878, 0.4, -0.000438907, 0.950225, 0.919558, 0.946568, 0.932328
0.509892, 34.3642, 0.772773, 0.4, -0.000441083, 0.950208, 0.919546, 0.946558, 0.932317
0.509942, 34.3638, 0.772668, 0.4, -0.000443259, 0.95019, 0.919534, 0.946549, 0.932306
0.509992, 34.3634, 0.772563, 0.4, -0.000445435, 0.950173, 0.919523, 0.946539, 0.932296
0.510042, 34.363, 0.772459, 0.4, -0.00044761, 0.950156, 0.919511, 0.94653, 0.932285
0.510092, 34.3626, 0.772354, 0.4, -0.000449784, 0.950138, 0.919499, 0.94652, 0.932274
0.510142, 34.3622, 0.772249, 0.4, -0.000451958, 0.950121, 0.919488, 0.946511, 0.932263
0.510192, 34.3618, 0.772144, 0.4, -0.00045413, 0.950104, 0.919476, 0.946501, 0.932252
0.510242, 34.3614, 0.77204, 0.4, -0.000456303, 0.950087, 0.919464, 0.946492, 0.932242
0.510292, 34.361, 0.771936, 0.4, -0.000458475, 0.950069, 0.919453, 0.946483, 0.932231
0.510342, 34.3606, 0.771831, 0.4, -0.000460646, 0.950052, 0.919441, 0.946473, 0.93222
0.510392, 34.3602, 0.771727, 0.4, -0.000462816, 0.950035, 0.919429, 0.946464, 0.932209
0.510442, 34.3597, 0.771622, 0.4, -0.000464986, 0.950018, 0.919418, 0.946455, 0.932199
0.510493, 34.3593, 0.771518, 0.4, -0.000467156, 0.950001, 0.919406, 0.946445, 0.932188
0.510543, 34.3589, 0.771414, 0.4, -0.000469324, 0.949984, 0.919395, 0.946436, 0.932177
0.510593, 34.3585, 0.771309, 0.4, -0.000471492, 0.949966, 0.919383, 0.946426, 0.932167
0.510643, 34.3581, 0.771205, 0.4, -0.00047366, 0.949949, 0.919372, 0.946417, 0.932156
0.510693, 34.3576, 0.771101, 0.4, -0.000475827, 0.949932, 0.91936, 0.946408, 0.932145
0.510743, 34.3572, 0.770997, 0.4, -0.000477993, 0.949915, 0.919349, 0.946398, 0.932135
0.510793, 34.3568, 0.770893, 0.4, -0.000480158, 0.949898, 0.919337, 0.946389, 0.932124
0.510843, 34.3563, 0.770788, 0.4, -0.000482323, 0.949881, 0.919326, 0.94638, 0.932113
0.510893, 34.3559, 0.770684, 0.4, -0.000484488, 0.949864, 0.919314, 0.94637, 0.932103
0.510943, 34.3555, 0.770581, 0.4, -0.000486652, 0.949847, 0.919303, 0.946361, 0.932092
0.510993, 34.355, 0.770477, 0.4, -0.000488815, 0.94983, 0.919291, 0.946352, 0.932081
0.511043, 34.3546, 0.770373, 0.4, -0.000490977, 0.949813, 0.91928, 0.946342, 0.932071
0.511093, 34.3541, 0.770269, 0.4, -0.000493139, 0.949796, 0.919268, 0.946333, 0.93206
0.511143, 34.3537, 0.770165, 0.4, -0.000495301, 0.949779, 0.919257, 0.946324, 0.93205
0.511193, 34.3532, 0.770061, 0.4, -0.000497461, 0.949763, 0.919245, 0.946315, 0.932039
0.511243, 34.3528, 0.769957, 0.4, -0.000499621, 0.949746, 0.919234, 0.946305, 0.932028
0.511293, 34.3523, 0.769854, 0.4, -0.000501781, 0.949729, 0.919223, 0.946296, 0.932018
0.511343, 34.3519, 0.76975, 0.4, -0.00050394, 0.949712, 0.919211, 0.946287, 0.932007
0.511393, 34.3514, 0.769647, 0.4, -0.000506098, 0.949695, 0.9192, 0.946278, 0.931997
0.511443, 34.351, 0.769543, 0.4, -0.000508256, 0.949678, 0.919188, 0.946268, 0.931986
0.511493, 34.3505, 0.76944, 0.4, -0.000510413, 0.949662, 0.919177, 0.946259, 0.931976
0.511543, 34.3501, 0.769336, 0.4, -0.000512569, 0.949645, 0.919166, 0.94625, 0.931965
0.511593, 34.3496, 0.769233, 0.4, -0.000514725, 0.949628, 0.919154, 0.946241, 0.931955
0.511643, 34.3491, 0.76913, 0.4, -0.00051688, 0.949611, 0.919143, 0.946232, 0.931944
0.511693, 34.3487, 0.769026, 0.4, -0.000519035, 0.949594, 0.919132, 0.946222, 0.931934
0.511743, 34.3482, 0.768923, 0.4, -0.000521189, 0.949578, 0.91912, 0.946213, 0.931923
0.511793, 34.3477, 0.76882, 0.4, -0.000523342, 0.949561, 0.919109, 0.946204, 0.931913
0.511843, 34.3473, 0.768716, 0.4, -0.000525495, 0.949544, 0.919098, 0.946195, 0.931902
0.511893, 34.3468, 0.768613, 0.4, -0.000527647, 0.949528, 0.919087, 0.946186, 0.931892
0.511943, 34.3463, 0.76851, 0.4, -0.000529799, 0.949511, 0.919075, 0.946177, 0.931881
0.511993, 34.3458, 0.768407, 0.4, -0.00053195, 0.949495, 0.919064, 0.946167, 0.931871
0.512043, 34.3454, 0.768304, 0.4, -0.0005341, 0.949478, 0.919053, 0.946158, 0.931861
0.512093, 34.3449, 0.768201, 0.4, -0.00053625, 0.949462, 0.919042, 0.946149, 0.93185
0.512143, 34.3444, 0.768098, 0.4, -0.000538399, 0.949445, 0.91903, 0.94614, 0.93184
0.512193, 34.3439, 0.767995, 0.4, -0.000540548, 0.949428, 0.919019, 0.946131, 0.931829
0.512243, 34.3434, 0.767892, 0.4, -0.000542696, 0.949412, 0.919008, 0.946122, 0.931819
0.512293, 34.3429, 0.76779, 0.4, -0.000544843, 0.949395, 0.918997, 0.946113, 0.931809
0.512343, 34.3424, 0.767687, 0.4, -0.00054699, 0.949379, 0.918986, 0.946104, 0.931798
0.512393, 34.3419, 0.767584, 0.4, -0.000549136, 0.949362, 0.918975, 0.946095, 0.931788
0.512443, 34.3414, 0.767481, 0.4, -0.000551281, 0.949346, 0.918963, 0.946085, 0.931777
0.512493, 34.341, 0.767379, 0.4, -0.000553426, 0.94933, 0.918952, 0.946076, 0.931767
0.512543, 34.3405, 0.767276, 0.4, -0.00055557, 0.949313, 0.918941, 0.946067, 0.931757
0.512593, 34.34, 0.767173, 0.4, -0.000557714, 0.949297, 0.91893, 0.946058, 0.931746
0.512643, 34.3395, 0.767071, 0.4, -0.000559857, 0.94928, 0.918919, 0.946049, 0.931736
0.512693, 34.3389, 0.766969, 0.4, -0.000562, 0.949264, 0.918908, 0.94604, 0.931726
0.512743, 34.3384, 0.766866, 0.4, -0.000564142, 0.949248, 0.918897, 0.946031, 0.931716
0.512793, 34.3379, 0.766764, 0.4, -0.000566283, 0.949231, 0.918886, 0.946022, 0.931705
0.512843, 34.3374, 0.766661, 0.4, -0.000568424, 0.949215, 0.918875, 0.946013, 0.931695
0.512893, 34.3369, 0.766559, 0.4, -0.000570564, 0.949199, 0.918864, 0.946004, 0.931685
0.512943, 34.3364, 0.766457, 0.4, -0.000572703, 0.949183, 0.918852, 0.945995, 0.931675
0.512993, 34.3359, 0.766355, 0.4, -0.000574842, 0.949166, 0.918841, 0.945986, 0.931664
0.513043, 34.3354, 0.766252, 0.4, -0.00057698, 0.94915, 0.91883, 0.945977, 0.931654
0.513093, 34.3348, 0.76615, 0.4, -0.000579118, 0.949134, 0.918819, 0.945968, 0.931644
0.513143, 34.3343, 0.766048, 0.4, -0.000581255, 0.949118, 0.918808, 0.945959, 0.931634
0.513193, 34.3338, 0.765946, 0.4, -0.000583392, 0.949101, 0.918797, 0.94595, 0.931623
0.513243, 34.3333, 0.765844, 0.4, -0.000585527, 0.949085, 0.918786, 0.945941, 0.931613
0.513293, 34.3327, 0.765742, 0.4, -0.000587663, 0.949069, 0.918775, 0.945932, 0.931603
0.513343, 34.3322, 0.76564, 0.4, -0.000589797, 0.949053, 0.918765, 0.945923, 0.931593
0.513393, 34.3317, 0.765538, 0.4, -0.000591931, 0.949037, 0.918754, 0.945914, 0.931583
0.513443, 34.3311, 0.765436, 0.4, -0.000594065, 0.949021, 0.918743, 0.945906, 0.931572
0.513493, 34.3306, 0.765334, 0.4, -0.000596198, 0.949005, 0.918732, 0.945897, 0.931562
0.513543, 34.3301, 0.765232, 0.4, -0.00059833, 0.948988, 0.918721, 0.945888, 0.931552
0.513593, 34.3295, 0.765131, 0.4, -0.000600462, 0.948973, 0.91871, 0.945879, 0.931542
0.513643, 34.329, 0.765029, 0.4, -0.000602593, 0.948956, 0.918699, 0.94587, 0.931532
0.513693, 34.3284, 0.764927, 0.4, -0.000604723, 0.94894, 0.918688, 0.945861, 0.931522
0.513743, 34.3279, 0.764826, 0.4, -0.000606853, 0.948924, 0.918677, 0.945852, 0.931512
0.513793, 34.3274, 0.764724, 0.4, -0.000608982, 0.948908, 0.918666, 0.945843, 0.931502
0.513843, 34.3268, 0.764623, 0.4, -0.000611111, 0.948893, 0.918655, 0.945834, 0.931491
0.513893, 34.3263, 0.764521, 0.4, -0.000613239, 0.948877, 0.918644, 0.945825, 0.931481
0.513943, 34.3257, 0.764419, 0.4, -0.000615367, 0.948861, 0.918634, 0.945817, 0.931471
0.513993, 34.3251, 0.764318, 0.4, -0.000617494, 0.948845, 0.918623, 0.945808, 0.931461
0.514043, 34.3246, 0.764217, 0.4, -0.00061962, 0.948829, 0.918612, 0.945799, 0.931451
0.514093, 34.324, 0.764115, 0.4, -0.000621745, 0.948813, 0.918601, 0.94579, 0.931441
0.514143, 34.3235, 0.764014, 0.4, -0.000623871, 0.948797, 0.91859, 0.945781, 0.931431
0.514193, 34.3229, 0.763913, 0.4, -0.000625995, 0.948781, 0.91858, 0.945772, 0.931421
0.514243, 34.3223, 0.763812, 0.4, -0.000628119, 0.948765, 0.918569, 0.945764, 0.931411
0.514293, 34.3218, 0.76371, 0.4, -0.000630242, 0.94875, 0.918558, 0.945755, 0.931401
0.514343, 34.3212, 0.763609, 0.4, -0.000632365, 0.948734, 0.918547, 0.945746, 0.931391
0.514393, 34.3206, 0.763508, 0.4, -0.000634487, 0.948718, 0.918537, 0.945737, 0.931381
0.514443, 34.3201, 0.763407, 0.4, -0.000636609, 0.948702, 0.918526, 0.945728, 0.931371
0.514493, 34.3195, 0.763306, 0.4, -0.000638729, 0.948687, 0.918515, 0.94572, 0.931361
0.514543, 34.3189, 0.763205, 0.4, -0.00064085, 0.948671, 0.918505, 0.945711, 0.931351
0.514593, 34.3183, 0.763104, 0.4, -0.00064297, 0.948655, 0.918494, 0.945702, 0.931341
0.514643, 34.3178, 0.763003, 0.4, -0.000645089, 0.94864, 0.918483, 0.945693, 0.931331
0.514693, 34.3172, 0.762902, 0.4, -0.000647207, 0.948624, 0.918473, 0.945685, 0.931321
0.514743, 34.3166, 0.762802, 0.4, -0.000649325, 0.948608, 0.918462, 0.945676, 0.931311
0.514793, 34.316, 0.762701, 0.4, -0.000651443, 0.948593, 0.918451, 0.945667, 0.931301
0.514843, 34.3154, 0.7626, 0.4, -0.000653559, 0.948577, 0.918441, 0.945659, 0.931292
0.514893, 34.3148, 0.762499, 0.4, -0.000655675, 0.948561, 0.91843, 0.94565, 0.931282
0.514943, 34.3142, 0.762399, 0.4, -0.000657791, 0.948546, 0.918419, 0.945641, 0.931272
0.514993, 34.3136, 0.762298, 0.4, -0.000659906, 0.94853, 0.918409, 0.945632, 0.931262
0.515043, 34.3131, 0.762197, 0.4, -0.00066202, 0.948515, 0.918398, 0.945624, 0.931252
0.515093, 34.3125, 0.762097, 0.4, -0.000664134, 0.948499, 0.918387, 0.945615, 0.931242
0.515143, 34.3119, 0.761996, 0.4, -0.000666247, 0.948484, 0.918377, 0.945606, 0.931232
0.515193, 34.3113, 0.761896, 0.4, -0.00066836, 0.948468, 0.918366, 0.945598, 0.931222
0.515243, 34.3107, 0.761795, 0.4, -0.000670472, 0.948453, 0.918356, 0.945589, 0.931213
0.515293, 34.3101, 0.761695, 0.4, -0.000672583, 0.948437, 0.918345, 0.94558, 0.931203
0.515343, 34.3094, 0.761594, 0.4, -0.000674694, 0.948422, 0.918335, 0.945572, 0.931193
0.515393, 34.3088, 0.761494, 0.4, -0.000676805, 0.948406, 0.918324, 0.945563, 0.931183
0.515443, 34.3082, 0.761394, 0.4, -0.000678914, 0.948391, 0.918314, 0.945554, 0.931173
0.515493, 34.3076, 0.761294, 0.4, -0.000681023, 0.948375, 0.918303, 0.945546, 0.931163
0.515543, 34.307, 0.761194, 0.4, -0.000683132, 0.94836, 0.918293, 0.945537, 0.931154
0.515593, 34.3064, 0.761093, 0.4, -0.00068524, 0.948345, 0.918282, 0.945529, 0.931144
0.515643, 34.3058, 0.760993, 0.4, -0.000687347, 0.948329, 0.918272, 0.94552, 0.931134
0.515693, 34.3051, 0.760893, 0.4, -0.000689454, 0.948314, 0.918261, 0.945511, 0.931124
0.515743, 34.3045, 0.760793, 0.4, -0.00069156, 0.948299, 0.918251, 0.945503, 0.931115
0.515793, 34.3039, 0.760693, 0.4, -0.000693665, 0.948283, 0.91824, 0.945494, 0.931105
0.515843, 34.3033, 0.760593, 0.4, -0.00069577, 0.948268, 0.91823, 0.945486, 0.931095
0.515893, 34.3027, 0.760493, 0.4, -0.000697875, 0.948253, 0.918219, 0.945477, 0.931085
0.515943, 34.302, 0.760393, 0.4, -0.000699978, 0.948238, 0.918209, 0.945468, 0.931076
0.515993, 34.3014, 0.760293, 0.4, -0.000702081, 0.948222, 0.918199, 0.94546, 0.931066
0.516043, 34.3008, 0.760193, 0.4, -0.000704184, 0.948207, 0.918188, 0.945451, 0.931056
0.516093, 34.3001, 0.760094, 0.4, -0.000706286, 0.948192, 0.918178, 0.945443, 0.931046
0.516143, 34.2995, 0.759994, 0.4, -0.000708387, 0.948177, 0.918167, 0.945434, 0.931037
0.516193, 34.2988, 0.759894, 0.4, -0.000710488, 0.948162, 0.918157, 0.945426, 0.931027
0.516243, 34.2982, 0.759794, 0.4, -0.000712588, 0.948146, 0.918147, 0.945417, 0.931017
0.516293, 34.2976, 0.759695, 0.4, -0.000714688, 0.948131, 0.918136, 0.945409, 0.931008
0.516343, 34.2969, 0.759595, 0.4, -0.000716787, 0.948116, 0.918126, 0.9454, 0.930998
0.516393, 34.2963, 0.759496, 0.4, -0.000718886, 0.948101, 0.918116, 0.945392, 0.930988
0.516443, 34.2956, 0.759396, 0.4, -0.000720983, 0.948086, 0.918105, 0.945383, 0.930979
0.516493, 34.295, 0.759296, 0.4, -0.000723081, 0.948071, 0.918095, 0.945375, 0.930969
0.516544, 34.2943, 0.759197, 0.4, -0.000725177, 0.948056, 0.918085, 0.945366, 0.93096
0.516594, 34.2937, 0.759097, 0.4, -0.000727274, 0.948041, 0.918074, 0.945358, 0.93095
0.516644, 34.293, 0.758998, 0.4, -0.000729369, 0.948026, 0.918064, 0.945349, 0.93094
0.516694, 34.2924, 0.758899, 0.4, -0.000731464, 0.948011, 0.918054, 0.945341, 0.930931
0.516744, 34.2917, 0.758799, 0.4, -0.000733558, 0.947996, 0.918044, 0.945332, 0.930921
0.516794, 34.291, 0.7587, 0.4, -0.000735652, 0.947981, 0.918033, 0.945324, 0.930912
0.516844, 34.2904, 0.758601, 0.4, -0.000737745, 0.947966, 0.918023, 0.945315, 0.930902
0.516894, 34.2897, 0.758502, 0.4, -0.000739838, 0.947951, 0.918013, 0.945307, 0.930892
0.516944, 34.289, 0.758402, 0.4, -0.00074193, 0.947936, 0.918002, 0.945298, 0.930883
0.516994, 34.2884, 0.758303, 0.4, -0.000744022, 0.947921, 0.917992, 0.94529, 0.930873
0.517044, 34.2877, 0.758204, 0.4, -0.000746112, 0.947906, 0.917982, 0.945282, 0.930864
0.517094, 34.287, 0.758105, 0.4, -0.000748203, 0.947891, 0.917972, 0.945273, 0.930854
0.517144, 34.2864, 0.758006, 0.4, -0.000750292, 0.947876, 0.917962, 0.945265, 0.930845
0.517194, 34.2857, 0.757907, 0.4, -0.000752382, 0.947861, 0.917952, 0.945256, 0.930835
0.517244, 34.285, 0.757808, 0.4, -0.00075447, 0.947847, 0.917941, 0.945248, 0.930826
0.517294, 34.2843, 0.757709, 0.4, -0.000756558, 0.947832, 0.917931, 0.94524, 0.930816
0.517344, 34.2836, 0.75761, 0.4, -0.000758645, 0.947817, 0.917921, 0.945231, 0.930807
0.517394, 34.283, 0.757511, 0.4, -0.000760732, 0.947802, 0.917911, 0.945223, 0.930797
0.517444, 34.2823, 0.757412, 0.4, -0.000762818, 0.947787, 0.917901, 0.945215, 0.930788
0.517494, 34.2816, 0.757313, 0.4, -0.000764904, 0.947773, 0.917891, 0.945206, 0.930778
0.517544, 34.2809, 0.757215, 0.4, -0.000766989, 0.947758, 0.917881, 0.945198, 0.930769
0.517594, 34.2802, 0.757116, 0.4, -0.000769074, 0.947743, 0.91787, 0.94519, 0.930759
0.517644, 34.2795, 0.757017, 0.4, -0.000771158, 0.947729, 0.91786, 0.945181, 0.93075
0.517694, 34.2788, 0.756919, 0.4, -0.000773241, 0.947714, 0.91785, 0.945173, 0.930741
0.517744, 34.2781, 0.75682, 0.4, -0.000775324, 0.947699, 0.91784, 0.945165, 0.930731
0.517794, 34.2774, 0.756722, 0.4, -0.000777406, 0.947685, 0.91783, 0.945156, 0.930722
0.517844, 34.2767, 0.756623, 0.4, -0.000779487, 0.94767, 0.91782, 0.945148, 0.930712
0.517894, 34.276, 0.756525, 0.4, -0.000781568, 0.947655, 0.91781, 0.94514, 0.930703
0.517944, 34.2753, 0.756426, 0.4, -0.000783649, 0.947641, 0.9178, 0.945131, 0.930693
0.517994, 34.2746, 0.756328, 0.4, -0.000785729, 0.947626, 0.91779, 0.945123, 0.930684
0.518044, 34.2739, 0.756229, 0.4, -0.000787808, 0.947611, 0.91778, 0.945115, 0.930675
0.518094, 34.2732, 0.756131, 0.4, -0.000789886, 0.947597, 0.91777, 0.945106, 0.930665
0.518144, 34.2725, 0.756033, 0.4, -0.000791964, 0.947582, 0.91776, 0.945098, 0.930656
0.518194, 34.2718, 0.755934, 0.4, -0.000794042, 0.947568, 0.91775, 0.94509, 0.930647
0.518244, 34.271, 0.755836, 0.4, -0.000796119, 0.947553, 0.91774, 0.945082, 0.930637
0.518294, 34.2703, 0.755738, 0.4, -0.000798195, 0.947539, 0.91773, 0.945073, 0.930628
0.518344, 34.2696, 0.75564, 0.4, -0.000800271, 0.947524, 0.91772, 0.945065, 0.930619
0.518394, 34.2689, 0.755542, 0.4, -0.000802346, 0.94751, 0.91771, 0.945057, 0.930609
0.518444, 34.2682, 0.755443, 0.4, -0.000804421, 0.947495, 0.9177, 0.945049, 0.9306
0.518494, 34.2674, 0.755345, 0.4, -0.000806495, 0.947481, 0.91769, 0.94504, 0.930591
0.518544, 34.2667, 0.755247, 0.4, -0.000808568, 0.947466, 0.91768, 0.945032, 0.930581
0.518594, 34.266, 0.755149, 0.4, -0.000810641, 0.947452, 0.91767, 0.945024, 0.930572
0.518644, 34.2653, 0.755051, 0.4, -0.000812713, 0.947438, 0.917661, 0.945016, 0.930563
0.518694, 34.2645, 0.754953, 0.4, -0.000814785, 0.947423, 0.917651, 0.945008, 0.930554
0.518744, 34.2638, 0.754856, 0.4, -0.000816856, 0.947409, 0.917641, 0.945, 0.930544
0.518794, 34.2631, 0.754758, 0.4, -0.000818927, 0.947395, 0.917631, 0.944991, 0.930535
0.518844, 34.2623, 0.75466, 0.4, -0.000820997, 0.94738, 0.917621, 0.944983, 0.930526
0.518894, 34.2616, 0.754562, 0.4, -0.000823066, 0.947366, 0.917611, 0.944975, 0.930517
0.518944, 34.2608, 0.754464, 0.4, -0.000825135, 0.947352, 0.917601, 0.944967, 0.930507
0.518994, 34.2601, 0.754366, 0.4, -0.000827203, 0.947337, 0.917591, 0.944959, 0.930498
0.519044, 34.2593, 0.754269, 0.4, -0.000829271, 0.947323, 0.917582, 0.944951, 0.930489
0.519094, 34.2586, 0.754171, 0.4, -0.000831338, 0.947309, 0.917572, 0.944942, 0.93048
0.519144, 34.2578, 0.754073, 0.4, -0.000833404, 0.947295, 0.917562, 0.944934, 0.930471
0.519194, 34.2571, 0.753976, 0.4, -0.00083547, 0.94728, 0.917552, 0.944926, 0.930461
0.519244, 34.2563, 0.753878, 0.4, -0.000837536, 0.947266, 0.917542, 0.944918, 0.930452
0.519294, 34.2556, 0.753781, 0.4, -0.000839601, 0.947252, 0.917533, 0.94491, 0.930443
0.519344, 34.2548, 0.753683, 0.4, -0.000841665, 0.947238, 0.917523, 0.944902, 0.930434
0.519394, 34.2541, 0.753586, 0.4, -0.000843728, 0.947223, 0.917513, 0.944894, 0.930425
0.519444, 34.2533, 0.753489, 0.4, -0.000845791, 0.947209, 0.917503, 0.944886, 0.930416
0.519494, 34.2526, 0.753391, 0.4, -0.000847854, 0.947195, 0.917494, 0.944878, 0.930406
0.519544, 34.2518, 0.753294, 0.4, -0.000849916, 0.947181, 0.917484, 0.944869, 0.930397
0.519594, 34.251, 0.753196, 0.4, -0.000851977, 0.947167, 0.917474, 0.944861, 0.930388
0.519644, 34.2503, 0.753099, 0.4, -0.000854038, 0.947153, 0.917464, 0.944853, 0.930379
0.519694, 34.2495, 0.753002, 0.4, -0.000856098, 0.947139, 0.917455, 0.944845, 0.93037
0.519744, 34.2487, 0.752905, 0.4, -0.000858158, 0.947125, 0.917445, 0.944837, 0.930361
0.519794, 34.2479, 0.752807, 0.4, -0.000860217, 0.947111, 0.917435, 0.944829, 0.930352
0.519844, 34.2472, 0.75271, 0.4, -0.000862275, 0.947097, 0.917426, 0.944821, 0.930343
0.519894, 34.2464, 0.752613, 0.4, -0.000864333, 0.947083, 0.917416, 0.944813, 0.930333
0.519944, 34.2456, 0.752516, 0.4, -0.000866391, 0.947069, 0.917406, 0.944805, 0.930324
0.519994, 34.2448, 0.752419, 0.4, -0.000868448, 0.947055, 0.917397, 0.944797, 0.930315
0.520044, 34.244, 0.752322, 0.4, -0.000870504, 0.947041, 0.917387, 0.944789, 0.930306
0.520094, 34.2433, 0.752225, 0.4, -0.000872559, 0.947027, 0.917377, 0.944781, 0.930297
0.520144, 34.2425, 0.752128, 0.4, -0.000874614, 0.947013, 0.917368, 0.944773, 0.930288
0.520194, 34.2417, 0.752031, 0.4, -0.000876669, 0.946999, 0.917358, 0.944765, 0.930279
0.520244, 34.2409, 0.751934, 0.4, -0.000878723, 0.946985, 0.917349, 0.944757, 0.93027
0.520294, 34.2401, 0.751837, 0.4, -0.000880776, 0.946971, 0.917339, 0.944749, 0.930261
0.520344, 34.2393, 0.751741, 0.4, -0.000882829, 0.946957, 0.917329, 0.944741, 0.930252
0.520394, 34.2385, 0.751644, 0.4, -0.000884881, 0.946944, 0.91732, 0.944733, 0.930243
0.520444, 34.2377, 0.751547, 0.4, -0.000886933, 0.94693, 0.91731, 0.944725, 0.930234
0.520494, 34.2369, 0.75145, 0.4, -0.000888984, 0.946916, 0.917301, 0.944717, 0.930225
0.520544, 34.2361, 0.751354, 0.4, -0.000891034, 0.946902, 0.917291, 0.944709, 0.930216
0.520594, 34.2353, 0.751257, 0.4, -0.000893084, 0.946888, 0.917282, 0.944701, 0.930207
0.520644, 34.2345, 0.751161, 0.4, -0.000895134, 0.946875, 0.917272, 0.944693, 0.930198
0.520694, 34.2337, 0.751064, 0.4, -0.000897182, 0.946861, 0.917263, 0.944685, 0.930189
0.520744, 34.2329, 0.750968, 0.4, -0.000899231, 0.946847, 0.917253, 0.944677, 0.93018
0.520794, 34.2321, 0.750871, 0.4, -0.000901278, 0.946833, 0.917244, 0.944669, 0.930171
0.520844, 34.2313, 0.750774, 0.4, -0.000903325, 0.946819, 0.917234, 0.944662, 0.930163
0.520894, 34.2305, 0.750678, 0.4, -0.000905372, 0.946806, 0.917225, 0.944654, 0.930154
0.520944, 34.2296, 0.750582, 0.4, -0.000907418, 0.946792, 0.917215, 0.944646, 0.930145
0.520994, 34.2288, 0.750485, 0.4, -0.000909463, 0.946779, 0.917206, 0.944638, 0.930136
0.521044, 34.228, 0.750389, 0.4, -0.000911508, 0.946765, 0.917196, 0.94463, 0.930127
0.521094, 34.2272, 0.750292, 0.4, -0.000913552, 0.946751, 0.917187, 0.944622, 0.930118
0.521144, 34.2264, 0.750196, 0.4, -0.000915596, 0.946737, 0.917177, 0.944614, 0.930109
0.521194, 34.2255, 0.7501, 0.4, -0.000917639, 0.946724, 0.917168, 0.944606, 0.9301
0.521244, 34.2247, 0.750004, 0.4, -0.000919682, 0.94671, 0.917158, 0.944598, 0.930091
0.521294, 34.2239, 0.749908, 0.4, -0.000921724, 0.946697, 0.917149, 0.944591, 0.930082
0.521344, 34.2231, 0.749811, 0.4, -0.000923765, 0.946683, 0.91714, 0.944583, 0.930074
0.521394, 34.2222, 0.749715, 0.4, -0.000925806, 0.946669, 0.91713, 0.944575, 0.930065
0.521444, 34.2214, 0.749619, 0.4, -0.000927846, 0.946656, 0.917121, 0.944567, 0.930056
0.521494, 34.2206, 0.749523, 0.4, -0.000929886, 0.946642, 0.917112, 0.944559, 0.930047
0.521544, 34.2197, 0.749427, 0.4, -0.000931925, 0.946629, 0.917102, 0.944551, 0.930038
0.521594, 34.2189, 0.749331, 0.4, -0.000933964, 0.946615, 0.917093, 0.944544, 0.93003
0.521644, 34.218, 0.749235, 0.4, -0.000936002, 0.946602, 0.917083, 0.944536, 0.930021
0.521694, 34.2172, 0.749139, 0.4, -0.000938039, 0.946588, 0.917074, 0.944528, 0.930012
0.521744, 34.2163, 0.749043, 0.4, -0.000940076, 0.946575, 0.917065, 0.94452, 0.930003
0.521794, 34.2155, 0.748947, 0.4, -0.000942112, 0.946562, 0.917055, 0.944512, 0.929994
0.521844, 34.2146, 0.748851, 0.4, -0.000944148, 0.946548, 0.917046, 0.944505, 0.929986
0.521894, 34.2138, 0.748756, 0.4, -0.000946183, 0.946535, 0.917037, 0.944497, 0.929977
0.521944, 34.2129, 0.74866, 0.4, -0.000948218, 0.946521, 0.917028, 0.944489, 0.929968
0.521994, 34.2121, 0.748564, 0.4, -0.000950252, 0.946508, 0.917018, 0.944481, 0.929959
0.522044, 34.2112, 0.748469, 0.4, -0.000952286, 0.946495, 0.917009, 0.944473, 0.929951
0.522094, 34.2104, 0.748373, 0.4, -0.000954318, 0.946481, 0.917, 0.944466, 0.929942
0.522144, 34.2095, 0.748277, 0.4, -0.000956351, 0.946468, 0.91699, 0.944458, 0.929933
0.522194, 34.2087, 0.748182, 0.4, -0.000958383, 0.946455, 0.916981, 0.94445, 0.929924
0.522244, 34.2078, 0.748086, 0.4, -0.000960414, 0.946441, 0.916972, 0.944442, 0.929916
0.522294, 34.2069, 0.74799, 0.4, -0.000962445, 0.946428, 0.916963, 0.944435, 0.929907
0.522344, 34.2061, 0.747895, 0.4, -0.000964475, 0.946415, 0.916954, 0.944427, 0.929898
0.522394, 34.2052, 0.747799, 0.4, -0.000966504, 0.946401, 0.916944, 0.944419, 0.92989
0.522444, 34.2043, 0.747704, 0.4, -0.000968533, 0.946388, 0.916935, 0.944412, 0.929881
0.522494, 34.2034, 0.747609, 0.4, -0.000970562, 0.946375, 0.916926, 0.944404, 0.929872
0.522545, 34.2026, 0.747513, 0.4, -0.00097259, 0.946362, 0.916917, 0.944396, 0.929864
0.522595, 34.2017, 0.747418, 0.4, -0.000974617, 0.946348, 0.916908, 0.944388, 0.929855
0.522645, 34.2008, 0.747322, 0.4, -0.000976644, 0.946335, 0.916898, 0.944381, 0.929846
0.522695, 34.1999, 0.747227, 0.4, -0.00097867, 0.946322, 0.916889, 0.944373, 0.929838
0.522745, 34.1991, 0.747132, 0.4, -0.000980695, 0.946309, 0.91688, 0.944365, 0.929829
0.522795, 34.1982, 0.747037, 0.4, -0.000982721, 0.946296, 0.916871, 0.944358, 0.92982
0.522845, 34.1973, 0.746941, 0.4, -0.000984745, 0.946283, 0.916862, 0.94435, 0.929812
0.522895, 34.1964, 0.746846, 0.4, -0.000986769, 0.94627, 0.916853, 0.944342, 0.929803
0.522945, 34.1955, 0.746751, 0.4, -0.000988792, 0.946256, 0.916844, 0.944335, 0.929794
0.522995, 34.1946, 0.746656, 0.4, -0.000990815, 0.946243, 0.916834, 0.944327, 0.929786
0.523045, 34.1937, 0.746561, 0.4, -0.000992837, 0.94623, 0.916825, 0.944319, 0.929777
0.523095, 34.1928, 0.746466, 0.4, -0.000994859, 0.946217, 0.916816, 0.944312, 0.929769
0.523145, 34.1919, 0.746371, 0.4, -0.00099688, 0.946204, 0.916807, 0.944304, 0.92976
0.523195, 34.191, 0.746276, 0.4, -0.000998901, 0.946191, 0.916798, 0.944296, 0.929751
0.523245, 34.1901, 0.746181, 0.4, -0.00100092, 0.946178, 0.916789, 0.944289, 0.929743
0.523295, 34.1892, 0.746086, 0.4, -0.00100294, 0.946165, 0.91678, 0.944281, 0.929734
0.523345, 34.1883, 0.745991, 0.4, -0.00100496, 0.946152, 0.916771, 0.944274, 0.929726
0.523395, 34.1874, 0.745896, 0.4, -0.00100698, 0.946139, 0.916762, 0.944266, 0.929717
0.523445, 34.1865, 0.745801, 0.4, -0.001009, 0.946126, 0.916753, 0.944259, 0.929709
0.523495, 34.1856, 0.745706, 0.4, -0.00101101, 0.946113, 0.916744, 0.944251, 0.9297
0.523545, 34.1847, 0.745612, 0.4, -0.00101303, 0.9461, 0.916735, 0.944243, 0.929692
0.523595, 34.1838, 0.745517, 0.4, -0.00101505, 0.946087, 0.916726, 0.944236, 0.929683
0.523645, 34.1829, 0.745422, 0.4, -0.00101706, 0.946074, 0.916717, 0.944228, 0.929675
0.523695, 34.182, 0.745328, 0.4, -0.00101908, 0.946061, 0.916708, 0.944221, 0.929666
0.523745, 34.181, 0.745233, 0.4, -0.00102109, 0.946049, 0.916699, 0.944213, 0.929658
0.523795, 34.1801, 0.745138, 0.4, -0.0010231, 0.946036, 0.91669, 0.944206, 0.929649
0.523845, 34.1792, 0.745044, 0.4, -0.00102512, 0.946023, 0.916681, 0.944198, 0.929641
0.523895, 34.1783, 0.744949, 0.4, -0.00102713, 0.94601, 0.916672, 0.94419, 0.929632
0.523945, 34.1773, 0.744855, 0.4, -0.00102914, 0.945997, 0.916663, 0.944183, 0.929624
0.523995, 34.1764, 0.74476, 0.4, -0.00103115, 0.945984, 0.916654, 0.944175, 0.929615
0.524045, 34.1755, 0.744665, 0.4, -0.00103317, 0.945971, 0.916645, 0.944168, 0.929607
0.524095, 34.1746, 0.744571, 0.4, -0.00103518, 0.945959, 0.916636, 0.94416, 0.929598
0.524145, 34.1736, 0.744477, 0.4, -0.00103719, 0.945946, 0.916627, 0.944153, 0.92959
0.524195, 34.1727, 0.744382, 0.4, -0.0010392, 0.945933, 0.916618, 0.944145, 0.929582
0.524245, 34.1718, 0.744288, 0.4, -0.0010412, 0.945921, 0.916609, 0.944138, 0.929573
0.524295, 34.1708, 0.744194, 0.4, -0.00104321, 0.945908, 0.916601, 0.94413, 0.929565
0.524345, 34.1699, 0.7441, 0.4, -0.00104522, 0.945895, 0.916592, 0.944123, 0.929556
0.524395, 34.1689, 0.744005, 0.4, -0.00104723, 0.945882, 0.916583, 0.944115, 0.929548
0.524445, 34.168, 0.743911, 0.4, -0.00104923, 0.94587, 0.916574, 0.944108, 0.929539
0.524495, 34.167, 0.743817, 0.4, -0.00105124, 0.945857, 0.916565, 0.9441, 0.929531
0.524545, 34.1661, 0.743722, 0.4, -0.00105325, 0.945844, 0.916556, 0.944093, 0.929523
0.524595, 34.1651, 0.743628, 0.4, -0.00105525, 0.945832, 0.916547, 0.944085, 0.929514
0.524645, 34.1642, 0.743534, 0.4, -0.00105725, 0.945819, 0.916539, 0.944078, 0.929506
0.524695, 34.1632, 0.74344, 0.4, -0.00105926, 0.945807, 0.91653, 0.944071, 0.929498
0.524745, 34.1623, 0.743346, 0.4, -0.00106126, 0.945794, 0.916521, 0.944063, 0.929489
0.524795, 34.1613, 0.743252, 0.4, -0.00106327, 0.945781, 0.916512, 0.944056, 0.929481
0.524845, 34.1604, 0.743158, 0.4, -0.00106527, 0.945769, 0.916503, 0.944048, 0.929473
0.524895, 34.1594, 0.743064, 0.4, -0.00106727, 0.945756, 0.916494, 0.944041, 0.929464
0.524945, 34.1585, 0.74297, 0.4, -0.00106927, 0.945744, 0.916486, 0.944033, 0.929456
0.524995, 34.1575, 0.742876, 0.4, -0.00107127, 0.945731, 0.916477, 0.944026, 0.929448
0.525045, 34.1565, 0.742782, 0.4, -0.00107327, 0.945719, 0.916468, 0.944019, 0.929439
0.525095, 34.1556, 0.742688, 0.4, -0.00107527, 0.945706, 0.916459, 0.944011, 0.929431
0.525145, 34.1546, 0.742594, 0.4, -0.00107727, 0.945694, 0.916451, 0.944004, 0.929423
0.525195, 34.1536, 0.742501, 0.4, -0.00107927, 0.945681, 0.916442, 0.943996, 0.929415
0.525245, 34.1527, 0.742407, 0.4, -0.00108126, 0.945669, 0.916433, 0.943989, 0.929406
0.525295, 34.1517, 0.742313, 0.4, -0.00108326, 0.945656, 0.916425, 0.943982, 0.929398
0.525345, 34.1507, 0.742219, 0.4, -0.00108526, 0.945644, 0.916416, 0.943974, 0.92939
0.525395, 34.1497, 0.742126, 0.4, -0.00108725, 0.945631, 0.916407, 0.943967, 0.929381
0.525445, 34.1487, 0.742032, 0.4, -0.00108925, 0.945619, 0.916398, 0.94396, 0.929373
0.525495, 34.1478, 0.741938, 0.4, -0.00109125, 0.945606, 0.91639, 0.943952, 0.929365
0.525545, 34.1468, 0.741845, 0.4, -0.00109324, 0.945594, 0.916381, 0.943945, 0.929357
0.525595, 34.1458, 0.741751, 0.4, -0.00109523, 0.945582, 0.916372, 0.943937, 0.929348
0.525645, 34.1448, 0.741658, 0.4, -0.00109723, 0.945569, 0.916364, 0.94393, 0.92934
0.525695, 34.1438, 0.741564, 0.4, -0.00109922, 0.945557, 0.916355, 0.943923, 0.929332
0.525745, 34.1428, 0.741471, 0.4, -0.00110121, 0.945545, 0.916346, 0.943915, 0.929324
0.525795, 34.1418, 0.741377, 0.4, -0.0011032, 0.945532, 0.916338, 0.943908, 0.929316
0.525845, 34.1408, 0.741284, 0.4, -0.0011052, 0.94552, 0.916329, 0.943901, 0.929307
0.525895, 34.1398, 0.74119, 0.4, -0.00110719, 0.945508, 0.91632, 0.943894, 0.929299
0.525945, 34.1389, 0.741097, 0.4, -0.00110918, 0.945496, 0.916312, 0.943886, 0.929291
0.525995, 34.1379, 0.741004, 0.4, -0.00111117, 0.945483, 0.916303, 0.943879, 0.929283
0.526045, 34.1369, 0.74091, 0.4, -0.00111315, 0.945471, 0.916295, 0.943872, 0.929275
0.526095, 34.1358, 0.740817, 0.4, -0.00111514, 0.945459, 0.916286, 0.943864, 0.929267
0.526145, 34.1348, 0.740724, 0.4, -0.00111713, 0.945447, 0.916278, 0.943857, 0.929258
0.526195, 34.1338, 0.740631, 0.4, -0.00111912, 0.945434, 0.916269, 0.94385, 0.92925
0.526245, 34.1328, 0.740537, 0.4, -0.0011211, 0.945422, 0.91626, 0.943843, 0.929242
0.526295, 34.1318, 0.740444, 0.4, -0.00112309, 0.94541, 0.916252, 0.943835, 0.929234
0.526345, 34.1308, 0.740351, 0.4, -0.00112508, 0.945398, 0.916243, 0.943828, 0.929226
0.526395, 34.1298, 0.740258, 0.4, -0.00112706, 0.945386, 0.916235, 0.943821, 0.929218
0.526445, 34.1288, 0.740165, 0.4, -0.00112905, 0.945374, 0.916226, 0.943814, 0.92921
0.526495, 34.1278, 0.740072, 0.4, -0.00113103, 0.945361, 0.916218, 0.943806, 0.929202
0.526545, 34.1267, 0.739979, 0.4, -0.00113301, 0.945349, 0.916209, 0.943799, 0.929193
0.526595, 34.1257, 0.739886, 0.4, -0.001135, 0.945337, 0.916201, 0.943792, 0.929185
0.526645, 34.1247, 0.739793, 0.4, -0.00113698, 0.945325, 0.916192, 0.943785, 0.929177
0.526695, 34.1237, 0.7397, 0.4, -0.00113896, 0.945313, 0.916184, 0.943777, 0.929169
0.526745, 34.1227, 0.739607, 0.4, -0.00114094, 0.945301, 0.916175, 0.94377, 0.929161
0.526795, 34.1216, 0.739514, 0.4, -0.00114292, 0.945289, 0.916167, 0.943763, 0.929153
0.526845, 34.1206, 0.739421, 0.4, -0.0011449, 0.945277, 0.916158, 0.943756, 0.929145
0.526895, 34.1196, 0.739328, 0.4, -0.00114688, 0.945265, 0.91615, 0.943749, 0.929137
0.526945, 34.1185, 0.739236, 0.4, -0.00114886, 0.945253, 0.916141, 0.943741, 0.929129
0.526995, 34.1175, 0.739143, 0.4, -0.00115084, 0.945241, 0.916133, 0.943734, 0.929121
0.527045, 34.1165, 0.73905, 0.4, -0.00115282, 0.945229, 0.916124, 0.943727, 0.929113
0.527095, 34.1154, 0.738957, 0.4, -0.0011548, 0.945217, 0.916116, 0.94372, 0.929105
0.527145, 34.1144, 0.738865, 0.4, -0.00115677, 0.945205, 0.916108, 0.943713, 0.929097
0.527195, 34.1133, 0.738772, 0.4, -0.00115875, 0.945193, 0.916099, 0.943705, 0.929089
0.527245, 34.1123, 0.738679, 0.4, -0.00116073, 0.945181, 0.916091, 0.943698, 0.929081
0.527295, 34.1113, 0.738587, 0.4, -0.0011627, 0.945169, 0.916082, 0.943691, 0.929073
0.527345, 34.1102, 0.738494, 0.4, -0.00116468, 0.945157, 0.916074, 0.943684, 0.929065
0.527395, 34.1092, 0.738401, 0.4, -0.00116665, 0.945145, 0.916066, 0.943677, 0.929057
0.527445, 34.1081, 0.738309, 0.4, -0.00116862, 0.945134, 0.916057, 0.94367, 0.929049
0.527495, 34.1071, 0.738216, 0.4, -0.0011706, 0.945122, 0.916049, 0.943663, 0.929041
0.527545, 34.106, 0.738124, 0.4, -0.00117257, 0.94511, 0.916041, 0.943656, 0.929033
0.527595, 34.1049, 0.738031, 0.4, -0.00117454, 0.945098, 0.916032, 0.943648, 0.929025
0.527645, 34.1039, 0.737939, 0.4, -0.00117651, 0.945086, 0.916024, 0.943641, 0.929017
0.527695, 34.1028, 0.737847, 0.4, -0.00117848, 0.945074, 0.916016, 0.943634, 0.929009
0.527745, 34.1018, 0.737754, 0.4, -0.00118045, 0.945063, 0.916007, 0.943627, 0.929001
0.527795, 34.1007, 0.737662, 0.4, -0.00118242, 0.945051, 0.915999, 0.94362, 0.928993
0.527845, 34.0996, 0.73757, 0.4, -0.00118439, 0.945039, 0.915991, 0.943613, 0.928985
0.527895, 34.0986, 0.737477, 0.4, -0.00118636, 0.945027, 0.915982, 0.943606, 0.928977
0.527945, 34.0975, 0.737385, 0.4, -0.00118833, 0.945015, 0.915974, 0.943599, 0.92897
0.527995, 34.0964, 0.737293, 0.4, -0.0011903, 0.945004, 0.915966, 0.943592, 0.928962
0.528045, 34.0954, 0.7372, 0.4, -0.00119226, 0.944992, 0.915957, 0.943585, 0.928954
0.528095, 34.0943, 0.737108, 0.4, -0.00119423, 0.94498, 0.915949, 0.943578, 0.928946
0.528145, 34.0932, 0.737016, 0.4, -0.0011962, 0.944969, 0.915941, 0.94357, 0.928938
0.528195, 34.0921, 0.736924, 0.4, -0.00119816, 0.944957, 0.915933, 0.943563, 0.92893
0.528245, 34.091, 0.736832, 0.4, -0.00120013, 0.944945, 0.915924, 0.943556, 0.928922
0.528295, 34.09, 0.73674, 0.4, -0.00120209, 0.944934, 0.915916, 0.943549, 0.928914
0.528345, 34.0889, 0.736648, 0.4, -0.00120406, 0.944922, 0.915908, 0.943542, 0.928907
0.528395, 34.0878, 0.736556, 0.4, -0.00120602, 0.94491, 0.9159, 0.943535, 0.928899
0.528445, 34.0867, 0.736464, 0.4, -0.00120798, 0.944899, 0.915892, 0.943528, 0.928891
0.528495, 34.0856, 0.736372, 0.4, -0.00120994, 0.944887, 0.915883, 0.943521, 0.928883
0.528545, 34.0845, 0.73628, 0.4, -0.00121191, 0.944876, 0.915875, 0.943514, 0.928875
0.528596, 34.0834, 0.736188, 0.4, -0.00121387, 0.944864, 0.915867, 0.943507, 0.928867
0.528646, 34.0824, 0.736096, 0.4, -0.00121583, 0.944852, 0.915859, 0.9435, 0.92886
0.528696, 34.0813, 0.736004, 0.4, -0.00121779, 0.944841, 0.915851, 0.943493, 0.928852
0.528746, 34.0802, 0.735912, 0.4, -0.00121975, 0.944829, 0.915842, 0.943486, 0.928844
0.528796, 34.0791, 0.73582, 0.4, -0.00122171, 0.944818, 0.915834, 0.943479, 0.928836
0.528846, 34.078, 0.735729, 0.4, -0.00122366, 0.944806, 0.915826, 0.943472, 0.928828
0.528896, 34.0769, 0.735637, 0.4, -0.00122562, 0.944795, 0.915818, 0.943465, 0.928821
0.528946, 34.0758, 0.735545, 0.4, -0.00122758, 0.944783, 0.91581, 0.943458, 0.928813
0.528996, 34.0746, 0.735453, 0.4, -0.00122954, 0.944772, 0.915802, 0.943451, 0.928805
0.529046, 34.0735, 0.735362, 0.4, -0.00123149, 0.94476, 0.915794, 0.943444, 0.928797
0.529096, 34.0724, 0.73527, 0.4, -0.00123345, 0.944749, 0.915785, 0.943437, 0.92879
0.529146, 34.0713, 0.735178, 0.4, -0.0012354, 0.944737, 0.915777, 0.94343, 0.928782
0.529196, 34.0702, 0.735087, 0.4, -0.00123736, 0.944726, 0.915769, 0.943424, 0.928774
0.529246, 34.0691, 0.734995, 0.4, -0.00123931, 0.944715, 0.915761, 0.943417, 0.928766
0.529296, 34.068, 0.734903, 0.4, -0.00124127, 0.944703, 0.915753, 0.94341, 0.928759
0.529346, 34.0669, 0.734812, 0.4, -0.00124322, 0.944692, 0.915745, 0.943403, 0.928751
0.529396, 34.0657, 0.73472, 0.4, -0.00124517, 0.94468, 0.915737, 0.943396, 0.928743
0.529446, 34.0646, 0.734629, 0.4, -0.00124712, 0.944669, 0.915729, 0.943389, 0.928735
0.529496, 34.0635, 0.734537, 0.4, -0.00124907, 0.944658, 0.915721, 0.943382, 0.928728
0.529546, 34.0624, 0.734446, 0.4, -0.00125103, 0.944646, 0.915713, 0.943375, 0.92872
0.529596, 34.0612, 0.734354, 0.4, -0.00125298, 0.944635, 0.915705, 0.943368, 0.928712
0.529646, 34.0601, 0.734263, 0.4, -0.00125493, 0.944624, 0.915697, 0.943361, 0.928705
0.529696, 34.059, 0.734172, 0.4, -0.00125687, 0.944613, 0.915689, 0.943354, 0.928697
0.529746, 34.0578, 0.73408, 0.4, -0.00125882, 0.944601, 0.915681, 0.943347, 0.928689
0.529796, 34.0567, 0.733989, 0.4, -0.00126077, 0.94459, 0.915673, 0.943341, 0.928682
0.529846, 34.0556, 0.733898, 0.4, -0.00126272, 0.944579, 0.915665, 0.943334, 0.928674
0.529896, 34.0544, 0.733806, 0.4, -0.00126467, 0.944567, 0.915657, 0.943327, 0.928666
0.529946, 34.0533, 0.733715, 0.4, -0.00126661, 0.944556, 0.915649, 0.94332, 0.928659
0.529996, 34.0522, 0.733624, 0.4, -0.00126856, 0.944545, 0.915641, 0.943313, 0.928651
0.530046, 34.051, 0.733533, 0.4, -0.0012705, 0.944534, 0.915633, 0.943306, 0.928644
0.530096, 34.0499, 0.733442, 0.4, -0.00127245, 0.944522, 0.915625, 0.943299, 0.928636
0.530146, 34.0487, 0.733351, 0.4, -0.00127439, 0.944511, 0.915617, 0.943293, 0.928628
0.530196, 34.0476, 0.733259, 0.4, -0.00127634, 0.9445, 0.915609, 0.943286, 0.928621
0.530246, 34.0464, 0.733168, 0.4, -0.00127828, 0.944489, 0.915601, 0.943279, 0.928613
0.530296, 34.0453, 0.733077, 0.4, -0.00128022, 0.944478, 0.915593, 0.943272, 0.928605
0.530346, 34.0441, 0.732986, 0.4, -0.00128217, 0.944467, 0.915585, 0.943265, 0.928598
0.530396, 34.043, 0.732895, 0.4, -0.00128411, 0.944456, 0.915577, 0.943258, 0.92859
0.530446, 34.0418, 0.732804, 0.4, -0.00128605, 0.944444, 0.915569, 0.943252, 0.928583
0.530496, 34.0407, 0.732713, 0.4, -0.00128799, 0.944433, 0.915561, 0.943245, 0.928575
0.530546, 34.0395, 0.732622, 0.4, -0.00128993, 0.944422, 0.915553, 0.943238, 0.928568
0.530596, 34.0383, 0.732531, 0.4, -0.00129187, 0.944411, 0.915546, 0.943231, 0.92856
0.530646, 34.0372, 0.732441, 0.4, -0.00129381, 0.9444, 0.915538, 0.943224, 0.928552
0.530696, 34.036, 0.73235, 0.4, -0.00129575, 0.944389, 0.91553, 0.943218, 0.928545
0.530746, 34.0348, 0.732259, 0.4, -0.00129769, 0.944378, 0.915522, 0.943211, 0.928537
0.530796, 34.0337, 0.732168, 0.4, -0.00129962, 0.944367, 0.915514, 0.943204, 0.92853
0.530846, 34.0325, 0.732077, 0.4, -0.00130156, 0.944356, 0.915506, 0.943197, 0.928522
0.530896, 34.0313, 0.731987, 0.4, -0.0013035, 0.944345, 0.915498, 0.943191, 0.928515
0.530946, 34.0302, 0.731896, 0.4, -0.00130543, 0.944334, 0.915491, 0.943184, 0.928507
0.530996, 34.029, 0.731805, 0.4, -0.00130737, 0.944323, 0.915483, 0.943177, 0.9285
0.531046, 34.0278, 0.731714, 0.4, -0.0013093, 0.944312, 0.915475, 0.94317, 0.928492
0.531096, 34.0266, 0.731624, 0.4, -0.00131124, 0.944301, 0.915467, 0.943164, 0.928485
0.531146, 34.0254, 0.731533, 0.4, -0.00131317, 0.94429, 0.915459, 0.943157, 0.928477
0.531196, 34.0243, 0.731442, 0.4, -0.0013151, 0.944279, 0.915452, 0.94315, 0.92847
0.531246, 34.0231, 0.731352, 0.4, -0.00131704, 0.944268, 0.915444, 0.943143, 0.928462
0.531296, 34.0219, 0.731261, 0.4, -0.00131897, 0.944258, 0.915436, 0.943137, 0.928455
0.531346, 34.0207, 0.73117, 0.4, -0.0013209, 0.944247, 0.915428, 0.94313, 0.928447
0.531396, 34.0195, 0.73108, 0.4, -0.00132283, 0.944236, 0.91542, 0.943123, 0.92844
0.531446, 34.0183, 0.73099, 0.4, -0.00132476, 0.944225, 0.915413, 0.943116, 0.928433
0.531496, 34.0171, 0.730899, 0.4, -0.00132669, 0.944214, 0.915405, 0.94311, 0.928425
0.531546, 34.0159, 0.730808, 0.4, -0.00132862, 0.944203, 0.915397, 0.943103, 0.928418
0.531596, 34.0147, 0.730718, 0.4, -0.00133055, 0.944192, 0.915389, 0.943096, 0.92841
0.531646, 34.0135, 0.730628, 0.4, -0.00133248, 0.944182, 0.915382, 0.94309, 0.928403
0.531696, 34.0123, 0.730537, 0.4, -0.00133441, 0.944171, 0.915374, 0.943083, 0.928395
0.531746, 34.0111, 0.730447, 0.4, -0.00133633, 0.94416, 0.915366, 0.943076, 0.928388
0.531796, 34.0099, 0.730356, 0.4, -0.00133826, 0.944149, 0.915358, 0.94307, 0.92838
0.531846, 34.0087, 0.730266, 0.4, -0.00134019, 0.944138, 0.915351, 0.943063, 0.928373
0.531896, 34.0075, 0.730176, 0.4, -0.00134211, 0.944128, 0.915343, 0.943056, 0.928366
0.531946, 34.0063, 0.730085, 0.4, -0.00134404, 0.944117, 0.915335, 0.943049, 0.928358
0.531996, 34.0051, 0.729995, 0.4, -0.00134596, 0.944106, 0.915328, 0.943043, 0.928351
0.532046, 34.0039, 0.729905, 0.4, -0.00134789, 0.944095, 0.91532, 0.943036, 0.928343
0.532096, 34.0027, 0.729815, 0.4, -0.00134981, 0.944085, 0.915312, 0.94303, 0.928336
0.532146, 34.0015, 0.729725, 0.4, -0.00135173, 0.944074, 0.915305, 0.943023, 0.928329
0.532196, 34.0002, 0.729635, 0.4, -0.00135366, 0.944063, 0.915297, 0.943016, 0.928321
0.532246, 33.999, 0.729544, 0.4, -0.00135558, 0.944053, 0.915289, 0.94301, 0.928314
0.532296, 33.9978, 0.729454, 0.4, -0.0013575, 0.944042, 0.915282, 0.943003, 0.928307
0.532346, 33.9966, 0.729364, 0.4, -0.00135942, 0.944031, 0.915274, 0.942996, 0.928299
0.532396, 33.9954, 0.729274, 0.4, -0.00136134, 0.944021, 0.915267, 0.94299, 0.928292
0.532446, 33.9941, 0.729184, 0.4, -0.00136326, 0.94401, 0.915259, 0.942983, 0.928285
0.532496, 33.9929, 0.729094, 0.4, -0.00136518, 0.943999, 0.915251, 0.942977, 0.928277
0.532546, 33.9917, 0.729004, 0.4, -0.0013671, 0.943989, 0.915244, 0.94297, 0.92827
0.532596, 33.9904, 0.728914, 0.4, -0.00136902, 0.943978, 0.915236, 0.942963, 0.928263
0.532646, 33.9892, 0.728824, 0.4, -0.00137093, 0.943968, 0.915228, 0.942957, 0.928255
0.532696, 33.988, 0.728734, 0.4, -0.00137285, 0.943957, 0.915221, 0.94295, 0.928248
0.532746, 33.9867, 0.728644, 0.4, -0.00137477, 0.943947, 0.915213, 0.942944, 0.928241
0.532796, 33.9855, 0.728554, 0.4, -0.00137668, 0.943936, 0.915206, 0.942937, 0.928234
0.532846, 33.9843, 0.728465, 0.4, -0.0013786, 0.943925, 0.915198, 0.942931, 0.928226
0.532896, 33.983, 0.728375, 0.4, -0.00138052, 0.943915, 0.915191, 0.942924, 0.928219
0.532946, 33.9818, 0.728285, 0.4, -0.00138243, 0.943904, 0.915183, 0.942917, 0.928212
0.532996, 33.9805, 0.728195, 0.4, -0.00138434, 0.943894, 0.915176, 0.942911, 0.928204
0.533046, 33.9793, 0.728105, 0.4, -0.00138626, 0.943883, 0.915168, 0.942904, 0.928197
0.533096, 33.978, 0.728016, 0.4, -0.00138817, 0.943873, 0.915161, 0.942898, 0.92819
0.533146, 33.9768, 0.727926, 0.4, -0.00139008, 0.943863, 0.915153, 0.942891, 0.928183
0.533196, 33.9755, 0.727836, 0.4, -0.00139199, 0.943852, 0.915146, 0.942885, 0.928175
0.533246, 33.9743, 0.727747, 0.4, -0.00139391, 0.943842, 0.915138, 0.942878, 0.928168
0.533296, 33.973, 0.727657, 0.4, -0.00139582, 0.943831, 0.91513, 0.942872, 0.928161
0.533346, 33.9718, 0.727567, 0.4, -0.00139773, 0.943821, 0.915123, 0.942865, 0.928154
0.533396, 33.9705, 0.727478, 0.4, -0.00139964, 0.943811, 0.915116, 0.942859, 0.928147
0.533446, 33.9692, 0.727388, 0.4, -0.00140155, 0.9438, 0.915108, 0.942852, 0.928139
0.533496, 33.968, 0.727299, 0.4, -0.00140346, 0.94379, 0.915101, 0.942846, 0.928132
0.533546, 33.9667, 0.727209, 0.4, -0.00140536, 0.943779, 0.915093, 0.942839, 0.928125
0.533596, 33.9655, 0.72712, 0.4, -0.00140727, 0.943769, 0.915086, 0.942833, 0.928118
0.533646, 33.9642, 0.72703, 0.4, -0.00140918, 0.943759, 0.915078, 0.942826, 0.928111
0.533696, 33.9629, 0.726941, 0.4, -0.00141108, 0.943748, 0.915071, 0.94282, 0.928103
0.533746, 33.9616, 0.726851, 0.4, -0.00141299, 0.943738, 0.915063, 0.942813, 0.928096
0.533796, 33.9604, 0.726762, 0.4, -0.0014149, 0.943728, 0.915056, 0.942807, 0.928089
0.533846, 33.9591, 0.726672, 0.4, -0.0014168, 0.943717, 0.915049, 0.9428, 0.928082
0.533896, 33.9578, 0.726583, 0.4, -0.00141871, 0.943707, 0.915041, 0.942794, 0.928075
0.533946, 33.9566, 0.726494, 0.4, -0.00142061, 0.943697, 0.915034, 0.942787, 0.928068
0.533996, 33.9553, 0.726404, 0.4, -0.00142251, 0.943686, 0.915026, 0.942781, 0.92806
0.534046, 33.954, 0.726315, 0.4, -0.00142442, 0.943676, 0.915019, 0.942774, 0.928053
0.534096, 33.9527, 0.726226, 0.4, -0.00142632, 0.943666, 0.915012, 0.942768, 0.928046
0.534146, 33.9514, 0.726136, 0.4, -0.00142822, 0.943656, 0.915004, 0.942761, 0.928039
0.534196, 33.9501, 0.726047, 0.4, -0.00143012, 0.943646, 0.914997, 0.942755, 0.928032
0.534246, 33.9489, 0.725958, 0.4, -0.00143202, 0.943635, 0.91499, 0.942749, 0.928025
0.534296, 33.9476, 0.725869, 0.4, -0.00143392, 0.943625, 0.914982, 0.942742, 0.928018
0.534346, 33.9463, 0.72578, 0.4, -0.00143582, 0.943615, 0.914975, 0.942736, 0.928011
0.534396, 33.945, 0.72569, 0.4, -0.00143772, 0.943605, 0.914967, 0.942729, 0.928003
0.534446, 33.9437, 0.725601, 0.4, -0.00143962, 0.943595, 0.91496, 0.942723, 0.927996
0.534496, 33.9424, 0.725512, 0.4, -0.00144152, 0.943585, 0.914953, 0.942716, 0.927989
0.534546, 33.9411, 0.725423, 0.4, -0.00144342, 0.943574, 0.914945, 0.94271, 0.927982
0.534597, 33.9398, 0.725334, 0.4, -0.00144532, 0.943564, 0.914938, 0.942704, 0.927975
0.534647, 33.9385, 0.725245, 0.4, -0.00144721, 0.943554, 0.914931, 0.942697, 0.927968
0.534697, 33.9372, 0.725156, 0.4, -0.00144911, 0.943544, 0.914923, 0.942691, 0.927961
0.534747, 33.9359, 0.725067, 0.4, -0.001451, 0.943534, 0.914916, 0.942684, 0.927954
0.534797, 33.9346, 0.724978, 0.4, -0.0014529, 0.943524, 0.914909, 0.942678, 0.927947
0.534847, 33.9333, 0.724889, 0.4, -0.00145479, 0.943514, 0.914902, 0.942672, 0.92794
0.534897, 33.932, 0.7248, 0.4, -0.00145669, 0.943504, 0.914894, 0.942665, 0.927933
0.534947, 33.9306, 0.724711, 0.4, -0.00145858, 0.943494, 0.914887, 0.942659, 0.927926
0.534997, 33.9293, 0.724622, 0.4, -0.00146047, 0.943484, 0.91488, 0.942653, 0.927919
0.535047, 33.928, 0.724533, 0.4, -0.00146237, 0.943474, 0.914873, 0.942646, 0.927912
0.535097, 33.9267, 0.724445, 0.4, -0.00146426, 0.943464, 0.914865, 0.94264, 0.927905
0.535147, 33.9254, 0.724356, 0.4, -0.00146615, 0.943454, 0.914858, 0.942633, 0.927898
0.535197, 33.9241, 0.724267, 0.4, -0.00146804, 0.943444, 0.914851, 0.942627, 0.927891
0.535247, 33.9227, 0.724178, 0.4, -0.00146993, 0.943434, 0.914844, 0.942621, 0.927884
0.535297, 33.9214, 0.724089, 0.4, -0.00147182, 0.943424, 0.914836, 0.942614, 0.927877
0.535347, 33.9201, 0.724001, 0.4, -0.00147371, 0.943414, 0.914829, 0.942608, 0.92787
0.535397, 33.9188, 0.723912, 0.4, -0.0014756, 0.943404, 0.914822, 0.942602, 0.927863
0.535447, 33.9174, 0.723823, 0.4, -0.00147749, 0.943394, 0.914815, 0.942595, 0.927856
0.535497, 33.9161, 0.723734, 0.4, -0.00147938, 0.943384, 0.914808, 0.942589, 0.927849
0.535547, 33.9148, 0.723646, 0.4, -0.00148126, 0.943374, 0.914801, 0.942583, 0.927842
0.535597, 33.9134, 0.723557, 0.4, -0.00148315, 0.943364, 0.914793, 0.942577, 0.927835
0.535647, 33.9121, 0.723469, 0.4, -0.00148504, 0.943354, 0.914786, 0.94257, 0.927828
0.535697, 33.9108, 0.72338, 0.4, -0.00148692, 0.943345, 0.914779, 0.942564, 0.927821
0.535747, 33.9094, 0.723292, 0.4, -0.00148881, 0.943335, 0.914772, 0.942558, 0.927814
0.535797, 33.9081, 0.723203, 0.4, -0.00149069, 0.943325, 0.914765, 0.942551, 0.927807
0.535847, 33.9067, 0.723114, 0.4, -0.00149258, 0.943315, 0.914758, 0.942545, 0.9278
0.535897, 33.9054, 0.723026, 0.4, -0.00149446, 0.943305, 0.91475, 0.942539, 0.927793
0.535947, 33.9041, 0.722937, 0.4, -0.00149634, 0.943295, 0.914743, 0.942533, 0.927786
0.535997, 33.9027, 0.722849, 0.4, -0.00149822, 0.943285, 0.914736, 0.942526, 0.92778
0.536047, 33.9014, 0.72276, 0.4, -0.00150011, 0.943276, 0.914729, 0.94252, 0.927773
0.536097, 33.9, 0.722672, 0.4, -0.00150199, 0.943266, 0.914722, 0.942514, 0.927766
0.536147, 33.8987, 0.722583, 0.4, -0.00150387, 0.943256, 0.914715, 0.942508, 0.927759
0.536197, 33.8973, 0.722495, 0.4, -0.00150575, 0.943246, 0.914708, 0.942501, 0.927752
0.536247, 33.896, 0.722407, 0.4, -0.00150763, 0.943237, 0.914701, 0.942495, 0.927745
0.536297, 33.8946, 0.722318, 0.4, -0.00150951, 0.943227, 0.914694, 0.942489, 0.927738
0.536347, 33.8932, 0.72223, 0.4, -0.00151139, 0.943217, 0.914687, 0.942483, 0.927731
0.536397, 33.8919, 0.722142, 0.4, -0.00151327, 0.943207, 0.914679, 0.942476, 0.927724
0.536447, 33.8905, 0.722053, 0.4, -0.00151514, 0.943198, 0.914672, 0.94247, 0.927718
0.536497, 33.8891, 0.721965, 0.4, -0.00151702, 0.943188, 0.914665, 0.942464, 0.927711
0.536547, 33.8878, 0.721877, 0.4, -0.0015189, 0.943178, 0.914658, 0.942458, 0.927704
0.536597, 33.8864, 0.721789, 0.4, -0.00152077, 0.943169, 0.914651, 0.942451, 0.927697
0.536647, 33.885, 0.721701, 0.4, -0.00152265, 0.943159, 0.914644, 0.942445, 0.92769
0.536697, 33.8837, 0.721612, 0.4, -0.00152453, 0.943149, 0.914637, 0.942439, 0.927683
0.536747, 33.8823, 0.721524, 0.4, -0.0015264, 0.94314, 0.91463, 0.942433, 0.927677
0.536797, 33.8809, 0.721436, 0.4, -0.00152827, 0.94313, 0.914623, 0.942427, 0.92767
0.536847, 33.8796, 0.721348, 0.4, -0.00153015, 0.94312, 0.914616, 0.94242, 0.927663
0.536897, 33.8782, 0.72126, 0.4, -0.00153202, 0.943111, 0.914609, 0.942414, 0.927656
0.536947, 33.8768, 0.721171, 0.4, -0.00153389, 0.943101, 0.914602, 0.942408, 0.927649
0.536997, 33.8754, 0.721083, 0.4, -0.00153577, 0.943092, 0.914595, 0.942402, 0.927643
0.537047, 33.874, 0.720995, 0.4, -0.00153764, 0.943082, 0.914588, 0.942396, 0.927636
0.537097, 33.8726, 0.720907, 0.4, -0.00153951, 0.943073, 0.914581, 0.942389, 0.927629
0.537147, 33.8713, 0.720819, 0.4, -0.00154138, 0.943063, 0.914574, 0.942383, 0.927622
0.537197, 33.8699, 0.720731, 0.4, -0.00154325, 0.943053, 0.914567, 0.942377, 0.927615
0.537247, 33.8685, 0.720643, 0.4, -0.00154512, 0.943044, 0.91456, 0.942371, 0.927609
0.537297, 33.8671, 0.720555, 0.4, -0.00154699, 0.943034, 0.914553, 0.942365, 0.927602
0.537347, 33.8657, 0.720467, 0.4, -0.00154886, 0.943025, 0.914546, 0.942359, 0.927595
0.537397, 33.8643, 0.720379, 0.4, -0.00155072, 0.943015, 0.914539, 0.942353, 0.927588
0.537447, 33.8629, 0.720292, 0.4, -0.00155259, 0.943006, 0.914532, 0.942346, 0.927582
0.537497, 33.8615, 0.720204, 0.4, -0.00155446, 0.942996, 0.914526, 0.94234, 0.927575
0.537547, 33.8601, 0.720116, 0.4, -0.00155633, 0.942987, 0.914519, 0.942334, 0.927568
0.537597, 33.8587, 0.720028, 0.4, -0.00155819, 0.942978, 0.914512, 0.942328, 0.927561
0.537647, 33.8573, 0.71994, 0.4, -0.00156006, 0.942968, 0.914505, 0.942322, 0.927555
0.537697, 33.8559, 0.719852, 0.4, -0.00156192, 0.942959, 0.914498, 0.942316, 0.927548
0.537747, 33.8545, 0.719764, 0.4, -0.00156379, 0.942949, 0.914491, 0.94231, 0.927541
0.537797, 33.8531, 0.719677, 0.4, -0.00156565, 0.94294, 0.914484, 0.942304, 0.927535
0.537847, 33.8517, 0.719589, 0.4, -0.00156751, 0.94293, 0.914477, 0.942297, 0.927528
0.537897, 33.8503, 0.719501, 0.4, -0.00156938, 0.942921, 0.91447, 0.942291, 0.927521
0.537947, 33.8488, 0.719413, 0.4, -0.00157124, 0.942912, 0.914464, 0.942285, 0.927514
0.537997, 33.8474, 0.719326, 0.4, -0.0015731, 0.942902, 0.914457, 0.942279, 0.927508
0.538047, 33.846, 0.719238, 0.4, -0.00157496, 0.942893, 0.91445, 0.942273, 0.927501
0.538097, 33.8446, 0.71915, 0.4, -0.00157682, 0.942884, 0.914443, 0.942267, 0.927494
0.538147, 33.8432, 0.719063, 0.4, -0.00157868, 0.942874, 0.914436, 0.942261, 0.927488
0.538197, 33.8417, 0.718975, 0.4, -0.00158054, 0.942865, 0.914429, 0.942255, 0.927481
0.538247, 33.8403, 0.718888, 0.4, -0.0015824, 0.942856, 0.914423, 0.942249, 0.927474
0.538297, 33.8389, 0.7188, 0.4, -0.00158426, 0.942846, 0.914416, 0.942243, 0.927468
0.538347, 33.8375, 0.718713, 0.4, -0.00158612, 0.942837, 0.914409, 0.942237, 0.927461
0.538397, 33.836, 0.718625, 0.4, -0.00158798, 0.942828, 0.914402, 0.942231, 0.927454
0.538447, 33.8346, 0.718538, 0.4, -0.00158983, 0.942818, 0.914395, 0.942225, 0.927448
0.538497, 33.8332, 0.71845, 0.4, -0.00159169, 0.942809, 0.914388, 0.942219, 0.927441
0.538547, 33.8317, 0.718362, 0.4, -0.00159355, 0.9428, 0.914382, 0.942213, 0.927434
0.538597, 33.8303, 0.718275, 0.4, -0.0015954, 0.942791, 0.914375, 0.942207, 0.927428
0.538647, 33.8289, 0.718188, 0.4, -0.00159726, 0.942781, 0.914368, 0.9422, 0.927421
0.538697, 33.8274, 0.7181, 0.4, -0.00159911, 0.942772, 0.914361, 0.942194, 0.927415
0.538747, 33.826, 0.718013, 0.4, -0.00160097, 0.942763, 0.914355, 0.942188, 0.927408
0.538797, 33.8246, 0.717925, 0.4, -0.00160282, 0.942754, 0.914348, 0.942182, 0.927401
0.538847, 33.8231, 0.717838, 0.4, -0.00160467, 0.942745, 0.914341, 0.942176, 0.927395
0.538897, 33.8217, 0.717751, 0.4, -0.00160652, 0.942736, 0.914334, 0.94217, 0.927388
0.538947, 33.8202, 0.717664, 0.4, -0.00160838, 0.942726, 0.914328, 0.942164, 0.927382
0.538997, 33.8188, 0.717576, 0.4, -0.00161023, 0.942717, 0.914321, 0.942158, 0.927375
0.539047, 33.8173, 0.717489, 0.4, -0.00161208, 0.942708, 0.914314, 0.942152, 0.927369
0.539097, 33.8159, 0.717402, 0.4, -0.00161393, 0.942699, 0.914307, 0.942146, 0.927362
0.539147, 33.8144, 0.717314, 0.4, -0.00161578, 0.94269, 0.914301, 0.94214, 0.927355
0.539197, 33.813, 0.717227, 0.4, -0.00161763, 0.942681, 0.914294, 0.942134, 0.927349
0.539247, 33.8115, 0.71714, 0.4, -0.00161948, 0.942672, 0.914287, 0.942128, 0.927342
0.539297, 33.8101, 0.717053, 0.4, -0.00162133, 0.942662, 0.914281, 0.942122, 0.927336
0.539347, 33.8086, 0.716965, 0.4, -0.00162317, 0.942653, 0.914274, 0.942116, 0.927329
0.539397, 33.8071, 0.716878, 0.4, -0.00162502, 0.942644, 0.914267, 0.94211, 0.927323
0.539447, 33.8057, 0.716791, 0.4, -0.00162687, 0.942635, 0.914261, 0.942105, 0.927316
0.539497, 33.8042, 0.716704, 0.4, -0.00162871, 0.942626, 0.914254, 0.942099, 0.92731
0.539547, 33.8027, 0.716617, 0.4, -0.00163056, 0.942617, 0.914247, 0.942093, 0.927303
0.539597, 33.8013, 0.71653, 0.4, -0.00163241, 0.942608, 0.914241, 0.942087, 0.927297
0.539647, 33.7998, 0.716443, 0.4, -0.00163425, 0.942599, 0.914234, 0.942081, 0.92729
0.539697, 33.7983, 0.716356, 0.4, -0.00163609, 0.94259, 0.914227, 0.942075, 0.927284
0.539747, 33.7968, 0.716269, 0.4, -0.00163794, 0.942581, 0.914221, 0.942069, 0.927277
0.539797, 33.7954, 0.716182, 0.4, -0.00163978, 0.942572, 0.914214, 0.942063, 0.92727
0.539847, 33.7939, 0.716095, 0.4, -0.00164162, 0.942563, 0.914207, 0.942057, 0.927264
0.539897, 33.7924, 0.716008, 0.4, -0.00164347, 0.942554, 0.914201, 0.942051, 0.927257
0.539947, 33.7909, 0.715921, 0.4, -0.00164531, 0.942545, 0.914194, 0.942045, 0.927251
0.539997, 33.7895, 0.715834, 0.4, -0.00164715, 0.942536, 0.914188, 0.942039, 0.927245
0.540047, 33.788, 0.715747, 0.4, -0.00164899, 0.942527, 0.914181, 0.942033, 0.927238
0.540097, 33.7865, 0.71566, 0.4, -0.00165083, 0.942518, 0.914174, 0.942027, 0.927232
0.540147, 33.785, 0.715573, 0.4, -0.00165267, 0.942509, 0.914168, 0.942021, 0.927225
0.540197, 33.7835, 0.715486, 0.4, -0.00165451, 0.9425, 0.914161, 0.942016, 0.927219
0.540247, 33.782, 0.715399, 0.4, -0.00165635, 0.942492, 0.914155, 0.94201, 0.927212
0.540297, 33.7805, 0.715313, 0.4, -0.00165819, 0.942483, 0.914148, 0.942004, 0.927206
0.540347, 33.779, 0.715226, 0.4, -0.00166002, 0.942474, 0.914141, 0.941998, 0.927199
0.540397, 33.7775, 0.715139, 0.4, -0.00166186, 0.942465, 0.914135, 0.941992, 0.927193
0.540447, 33.776, 0.715052, 0.4, -0.0016637, 0.942456, 0.914128, 0.941986, 0.927186
0.540497, 33.7745, 0.714965, 0.4, -0.00166553, 0.942447, 0.914122, 0.94198, 0.92718
0.540547, 33.773, 0.714879, 0.4, -0.00166737, 0.942438, 0.914115, 0.941974, 0.927174
0.540597, 33.7715, 0.714792, 0.4, -0.0016692, 0.94243, 0.914109, 0.941968, 0.927167
0.540648, 33.77, 0.714705, 0.4, -0.00167104, 0.942421, 0.914102, 0.941963, 0.927161
0.540698, 33.7685, 0.714619, 0.4, -0.00167287, 0.942412, 0.914096, 0.941957, 0.927154
0.540748, 33.767, 0.714532, 0.4, -0.00167471, 0.942403, 0.914089, 0.941951, 0.927148
0.540798, 33.7655, 0.714445, 0.4, -0.00167654, 0.942394, 0.914083, 0.941945, 0.927142
0.540848, 33.764, 0.714359, 0.4, -0.00167837, 0.942386, 0.914076, 0.941939, 0.927135
0.540898, 33.7625, 0.714272, 0.4, -0.0016802, 0.942377, 0.91407, 0.941933, 0.927129
0.540948, 33.761, 0.714186, 0.4, -0.00168204, 0.942368, 0.914063, 0.941927, 0.927122
0.540998, 33.7595, 0.714099, 0.4, -0.00168387, 0.942359, 0.914057, 0.941922, 0.927116
0.541048, 33.758, 0.714012, 0.4, -0.0016857, 0.942351, 0.91405, 0.941916, 0.92711
0.541098, 33.7564, 0.713926, 0.4, -0.00168753, 0.942342, 0.914044, 0.94191, 0.927103
0.541148, 33.7549, 0.713839, 0.4, -0.00168936, 0.942333, 0.914037, 0.941904, 0.927097
0.541198, 33.7534, 0.713753, 0.4, -0.00169119, 0.942325, 0.914031, 0.941898, 0.927091
0.541248, 33.7519, 0.713666, 0.4, -0.00169301, 0.942316, 0.914024, 0.941893, 0.927084
0.541298, 33.7504, 0.71358, 0.4, -0.00169484, 0.942307, 0.914018, 0.941887, 0.927078
0.541348, 33.7488, 0.713493, 0.4, -0.00169667, 0.942298, 0.914011, 0.941881, 0.927072
0.541398, 33.7473, 0.713407, 0.4, -0.0016985, 0.94229, 0.914005, 0.941875, 0.927065
0.541448, 33.7458, 0.71332, 0.4, -0.00170032, 0.942281, 0.913998, 0.941869, 0.927059
0.541498, 33.7442, 0.713234, 0.4, -0.00170215, 0.942272, 0.913992, 0.941864, 0.927053
0.541548, 33.7427, 0.713148, 0.4, -0.00170397, 0.942264, 0.913986, 0.941858, 0.927046
0.541598, 33.7412, 0.713061, 0.4, -0.0017058, 0.942255, 0.913979, 0.941852, 0.92704
0.541648, 33.7396, 0.712975, 0.4, -0.00170762, 0.942247, 0.913973, 0.941846, 0.927034
0.541698, 33.7381, 0.712888, 0.4, -0.00170945, 0.942238, 0.913966, 0.94184, 0.927027
0.541748, 33.7366, 0.712802, 0.4, -0.00171127, 0.942229, 0.91396, 0.941835, 0.927021
0.541798, 33.735, 0.712716, 0.4, -0.00171309, 0.942221, 0.913954, 0.941829, 0.927015
0.541848, 33.7335, 0.71263, 0.4, -0.00171492, 0.942212, 0.913947, 0.941823, 0.927009
0.541898, 33.7319, 0.712543, 0.4, -0.00171674, 0.942204, 0.913941, 0.941817, 0.927002
0.541948, 33.7304, 0.712457, 0.4, -0.00171856, 0.942195, 0.913935, 0.941812, 0.926996
0.541998, 33.7288, 0.712371, 0.4, -0.00172038, 0.942187, 0.913928, 0.941806, 0.92699
0.542048, 33.7273, 0.712285, 0.4, -0.0017222, 0.942178, 0.913922, 0.9418, 0.926983
0.542098, 33.7257, 0.712198, 0.4, -0.00172402, 0.94217, 0.913915, 0.941794, 0.926977
0.542148, 33.7242, 0.712112, 0.4, -0.00172584, 0.942161, 0.913909, 0.941789, 0.926971
0.542198, 33.7226, 0.712026, 0.4, -0.00172766, 0.942153, 0.913903, 0.941783, 0.926965
0.542248, 33.7211, 0.71194, 0.4, -0.00172948, 0.942144, 0.913897, 0.941777, 0.926959
0.542298, 33.7195, 0.711854, 0.4, -0.00173129, 0.942136, 0.91389, 0.941772, 0.926952
0.542348, 33.718, 0.711768, 0.4, -0.00173311, 0.942127, 0.913884, 0.941766, 0.926946
0.542398, 33.7164, 0.711681, 0.4, -0.00173493, 0.942119, 0.913878, 0.94176, 0.92694
0.542448, 33.7148, 0.711595, 0.4, -0.00173674, 0.94211, 0.913871, 0.941754, 0.926934
0.542498, 33.7133, 0.711509, 0.4, -0.00173856, 0.942102, 0.913865, 0.941749, 0.926927
0.542548, 33.7117, 0.711423, 0.4, -0.00174038, 0.942093, 0.913859, 0.941743, 0.926921
0.542598, 33.7101, 0.711337, 0.4, -0.00174219, 0.942085, 0.913852, 0.941737, 0.926915
0.542648, 33.7086, 0.711251, 0.4, -0.001744, 0.942077, 0.913846, 0.941732, 0.926909
0.542698, 33.707, 0.711165, 0.4, -0.00174582, 0.942068, 0.91384, 0.941726, 0.926902
0.542748, 33.7054, 0.711079, 0.4, -0.00174763, 0.94206, 0.913833, 0.94172, 0.926896
0.542798, 33.7039, 0.710993, 0.4, -0.00174944, 0.942051, 0.913827, 0.941714, 0.92689
0.542848, 33.7023, 0.710907, 0.4, -0.00175126, 0.942043, 0.913821, 0.941709, 0.926884
0.542898, 33.7007, 0.710821, 0.4, -0.00175307, 0.942035, 0.913815, 0.941703, 0.926878
0.542948, 33.6991, 0.710735, 0.4, -0.00175488, 0.942026, 0.913808, 0.941697, 0.926872
0.542998, 33.6975, 0.710649, 0.4, -0.00175669, 0.942018, 0.913802, 0.941692, 0.926865
0.543048, 33.696, 0.710563, 0.4, -0.0017585, 0.94201, 0.913796, 0.941686, 0.926859
0.543098, 33.6944, 0.710478, 0.4, -0.00176031, 0.942001, 0.91379, 0.94168, 0.926853
0.543148, 33.6928, 0.710392, 0.4, -0.00176212, 0.941993, 0.913783, 0.941675, 0.926847
0.543198, 33.6912, 0.710306, 0.4, -0.00176393, 0.941985, 0.913777, 0.941669, 0.926841
0.543248, 33.6896, 0.71022, 0.4, -0.00176574, 0.941976, 0.913771, 0.941663, 0.926835
0.543298, 33.688, 0.710134, 0.4, -0.00176754, 0.941968, 0.913765, 0.941658, 0.926828
0.543348, 33.6864, 0.710048, 0.4, -0.00176935, 0.94196, 0.913758, 0.941652, 0.926822
0.543398, 33.6848, 0.709963, 0.4, -0.00177116, 0.941951, 0.913752, 0.941647, 0.926816
0.543448, 33.6833, 0.709877, 0.4, -0.00177296, 0.941943, 0.913746, 0.941641, 0.92681
0.543498, 33.6817, 0.709791, 0.4, -0.00177477, 0.941935, 0.91374, 0.941635, 0.926804
0.543548, 33.6801, 0.709705, 0.4, -0.00177657, 0.941927, 0.913734, 0.94163, 0.926798
0.543598, 33.6785, 0.70962, 0.4, -0.00177838, 0.941918, 0.913728, 0.941624, 0.926792
0.543648, 33.6769, 0.709534, 0.4, -0.00178018, 0.94191, 0.913721, 0.941618, 0.926786
0.543698, 33.6752, 0.709448, 0.4, -0.00178199, 0.941902, 0.913715, 0.941613, 0.926779
0.543748, 33.6736, 0.709362, 0.4, -0.00178379, 0.941894, 0.913709, 0.941607, 0.926773
0.543798, 33.672, 0.709277, 0.4, -0.00178559, 0.941886, 0.913703, 0.941602, 0.926767
0.543848, 33.6704, 0.709191, 0.4, -0.00178739, 0.941877, 0.913697, 0.941596, 0.926761
0.543898, 33.6688, 0.709105, 0.4, -0.0017892, 0.941869, 0.913691, 0.94159, 0.926755
0.543948, 33.6672, 0.70902, 0.4, -0.001791, 0.941861, 0.913684, 0.941585, 0.926749
0.543998, 33.6656, 0.708934, 0.4, -0.0017928, 0.941853, 0.913678, 0.941579, 0.926743
0.544048, 33.664, 0.708849, 0.4, -0.0017946, 0.941845, 0.913672, 0.941574, 0.926737
0.544098, 33.6624, 0.708763, 0.4, -0.0017964, 0.941837, 0.913666, 0.941568, 0.926731
0.544148, 33.6607, 0.708678, 0.4, -0.0017982, 0.941828, 0.91366, 0.941562, 0.926725
0.544198, 33.6591, 0.708592, 0.4, -0.00179999, 0.941821, 0.913654, 0.941557, 0.926719
0.544248, 33.6575, 0.708507, 0.4, -0.00180179, 0.941812, 0.913648, 0.941551, 0.926713
0.544298, 33.6559, 0.708421, 0.4, -0.00180359, 0.941804, 0.913642, 0.941546, 0.926707
0.544348, 33.6543, 0.708336, 0.4, -0.00180539, 0.941796, 0.913636, 0.94154, 0.926701
0.544398, 33.6526, 0.70825, 0.4, -0.00180718, 0.941788, 0.913629, 0.941535, 0.926695
0.544448, 33.651, 0.708165, 0.4, -0.00180898, 0.94178, 0.913623, 0.941529, 0.926688
0.544498, 33.6494, 0.708079, 0.4, -0.00181078, 0.941772, 0.913617, 0.941523, 0.926683
0.544548, 33.6478, 0.707994, 0.4, -0.00181257, 0.941764, 0.913611, 0.941518, 0.926676
0.544598, 33.6461, 0.707908, 0.4, -0.00181437, 0.941756, 0.913605, 0.941512, 0.92667
0.544648, 33.6445, 0.707823, 0.4, -0.00181616, 0.941748, 0.913599, 0.941507, 0.926665
0.544698, 33.6428, 0.707738, 0.4, -0.00181795, 0.94174, 0.913593, 0.941501, 0.926658
0.544748, 33.6412, 0.707652, 0.4, -0.00181975, 0.941732, 0.913587, 0.941496, 0.926652
0.544798, 33.6396, 0.707567, 0.4, -0.00182154, 0.941724, 0.913581, 0.94149, 0.926646
0.544848, 33.6379, 0.707482, 0.4, -0.00182333, 0.941716, 0.913575, 0.941485, 0.92664
0.544898, 33.6363, 0.707396, 0.4, -0.00182512, 0.941708, 0.913569, 0.941479, 0.926634
0.544948, 33.6346, 0.707311, 0.4, -0.00182691, 0.9417, 0.913563, 0.941474, 0.926628
0.544998, 33.633, 0.707226, 0.4, -0.0018287, 0.941692, 0.913557, 0.941468, 0.926623
0.545048, 33.6314, 0.70714, 0.4, -0.00183049, 0.941684, 0.913551, 0.941463, 0.926617
0.545098, 33.6297, 0.707055, 0.4, -0.00183228, 0.941676, 0.913545, 0.941457, 0.926611
0.545148, 33.6281, 0.70697, 0.4, -0.00183407, 0.941668, 0.913539, 0.941452, 0.926605
0.545198, 33.6264, 0.706885, 0.4, -0.00183586, 0.94166, 0.913533, 0.941446, 0.926599
0.545248, 33.6248, 0.7068, 0.4, -0.00183765, 0.941652, 0.913527, 0.941441, 0.926593
0.545298, 33.6231, 0.706714, 0.4, -0.00183944, 0.941644, 0.913521, 0.941435, 0.926587
0.545348, 33.6214, 0.706629, 0.4, -0.00184122, 0.941637, 0.913515, 0.94143, 0.926581
0.545398, 33.6198, 0.706544, 0.4, -0.00184301, 0.941629, 0.913509, 0.941424, 0.926575
0.545448, 33.6181, 0.706459, 0.4, -0.0018448, 0.941621, 0.913503, 0.941419, 0.926569
0.545498, 33.6165, 0.706374, 0.4, -0.00184658, 0.941613, 0.913497, 0.941413, 0.926563
0.545548, 33.6148, 0.706289, 0.4, -0.00184837, 0.941605, 0.913491, 0.941408, 0.926557
0.545598, 33.6131, 0.706204, 0.4, -0.00185015, 0.941597, 0.913485, 0.941402, 0.926551
0.545648, 33.6115, 0.706118, 0.4, -0.00185193, 0.941589, 0.913479, 0.941397, 0.926545
0.545698, 33.6098, 0.706033, 0.4, -0.00185372, 0.941581, 0.913473, 0.941391, 0.926539
0.545748, 33.6081, 0.705948, 0.4, -0.0018555, 0.941574, 0.913467, 0.941386, 0.926533
0.545798, 33.6065, 0.705863, 0.4, -0.00185728, 0.941566, 0.913461, 0.94138, 0.926527
0.545848, 33.6048, 0.705778, 0.4, -0.00185907, 0.941558, 0.913455, 0.941375, 0.926522
0.545898, 33.6031, 0.705693, 0.4, -0.00186085, 0.94155, 0.91345, 0.941369, 0.926516
0.545948, 33.6014, 0.705608, 0.4, -0.00186263, 0.941542, 0.913444, 0.941364, 0.92651
0.545998, 33.5998, 0.705523, 0.4, -0.00186441, 0.941535, 0.913438, 0.941359, 0.926504
0.546048, 33.5981, 0.705438, 0.4, -0.00186619, 0.941527, 0.913432, 0.941353, 0.926498
0.546098, 33.5964, 0.705353, 0.4, -0.00186797, 0.941519, 0.913426, 0.941348, 0.926492
0.546148, 33.5947, 0.705268, 0.4, -0.00186975, 0.941511, 0.91342, 0.941342, 0.926486
0.546198, 33.593, 0.705183, 0.4, -0.00187152, 0.941504, 0.913414, 0.941337, 0.92648
0.546248, 33.5914, 0.705098, 0.4, -0.0018733, 0.941496, 0.913408, 0.941331, 0.926474
0.546298, 33.5897, 0.705013, 0.4, -0.00187508, 0.941488, 0.913402, 0.941326, 0.926469
0.546348, 33.588, 0.704929, 0.4, -0.00187686, 0.941481, 0.913396, 0.941321, 0.926463
0.546398, 33.5863, 0.704844, 0.4, -0.00187863, 0.941473, 0.913391, 0.941315, 0.926457
0.546448, 33.5846, 0.704759, 0.4, -0.00188041, 0.941465, 0.913385, 0.94131, 0.926451
0.546498, 33.5829, 0.704674, 0.4, -0.00188219, 0.941457, 0.913379, 0.941304, 0.926445
0.546548, 33.5812, 0.704589, 0.4, -0.00188396, 0.94145, 0.913373, 0.941299, 0.926439
0.546598, 33.5795, 0.704504, 0.4, -0.00188573, 0.941442, 0.913367, 0.941294, 0.926434
0.546649, 33.5778, 0.704419, 0.4, -0.00188751, 0.941434, 0.913361, 0.941288, 0.926428
0.546699, 33.5761, 0.704335, 0.4, -0.00188928, 0.941427, 0.913356, 0.941283, 0.926422
0.546749, 33.5744, 0.70425, 0.4, -0.00189106, 0.941419, 0.91335, 0.941277, 0.926416
0.546799, 33.5727, 0.704165, 0.4, -0.00189283, 0.941411, 0.913344, 0.941272, 0.92641
0.546849, 33.571, 0.704081, 0.4, -0.0018946, 0.941404, 0.913338, 0.941267, 0.926405
0.546899, 33.5693, 0.703996, 0.4, -0.00189637, 0.941396, 0.913332, 0.941261, 0.926399
0.546949, 33.5676, 0.703911, 0.4, -0.00189814, 0.941389, 0.913326, 0.941256, 0.926393
0.546999, 33.5659, 0.703826, 0.4, -0.00189991, 0.941381, 0.913321, 0.941251, 0.926387
0.547049, 33.5642, 0.703742, 0.4, -0.00190168, 0.941373, 0.913315, 0.941245, 0.926381
0.547099, 33.5625, 0.703657, 0.4, -0.00190345, 0.941366, 0.913309, 0.94124, 0.926376
0.547149, 33.5607, 0.703572, 0.4, -0.00190522, 0.941358, 0.913303, 0.941234, 0.92637
0.547199, 33.559, 0.703488, 0.4, -0.00190699, 0.941351, 0.913297, 0.941229, 0.926364
0.547249, 33.5573, 0.703403, 0.4, -0.00190876, 0.941343, 0.913292, 0.941224, 0.926358
0.547299, 33.5556, 0.703318, 0.4, -0.00191053, 0.941336, 0.913286, 0.941218, 0.926352
0.547349, 33.5539, 0.703234, 0.4, -0.00191229, 0.941328, 0.91328, 0.941213, 0.926347
0.547399, 33.5522, 0.703149, 0.4, -0.00191406, 0.941321, 0.913274, 0.941208, 0.926341
0.547449, 33.5504, 0.703065, 0.4, -0.00191582, 0.941313, 0.913269, 0.941202, 0.926335
0.547499, 33.5487, 0.70298, 0.4, -0.00191759, 0.941306, 0.913263, 0.941197, 0.926329
0.547549, 33.547, 0.702895, 0.4, -0.00191936, 0.941298, 0.913257, 0.941192, 0.926324
0.547599, 33.5453, 0.702811, 0.4, -0.00192112, 0.941291, 0.913251, 0.941186, 0.926318
0.547649, 33.5435, 0.702726, 0.4, -0.00192288, 0.941283, 0.913246, 0.941181, 0.926312
0.547699, 33.5418, 0.702642, 0.4, -0.00192465, 0.941276, 0.91324, 0.941176, 0.926306
0.547749, 33.5401, 0.702557, 0.4, -0.00192641, 0.941268, 0.913234, 0.94117, 0.926301
0.547799, 33.5383, 0.702473, 0.4, -0.00192817, 0.941261, 0.913229, 0.941165, 0.926295
0.547849, 33.5366, 0.702389, 0.4, -0.00192993, 0.941253, 0.913223, 0.94116, 0.926289
0.547899, 33.5349, 0.702304, 0.4, -0.0019317, 0.941246, 0.913217, 0.941155, 0.926284
0.547949, 33.5331, 0.70222, 0.4, -0.00193346, 0.941239, 0.913211, 0.941149, 0.926278
0.547999, 33.5314, 0.702135, 0.4, -0.00193522, 0.941231, 0.913206, 0.941144, 0.926272
0.548049, 33.5296, 0.702051, 0.4, -0.00193698, 0.941224, 0.9132, 0.941139, 0.926266
0.548099, 33.5279, 0.701966, 0.4, -0.00193874, 0.941216, 0.913194, 0.941133, 0.926261
0.548149, 33.5261, 0.701882, 0.4, -0.0019405, 0.941209, 0.913189, 0.941128, 0.926255
0.548199, 33.5244, 0.701798, 0.4, -0.00194225, 0.941202, 0.913183, 0.941123, 0.926249
0.548249, 33.5226, 0.701713, 0.4, -0.00194401, 0.941194, 0.913177, 0.941118, 0.926244
0.548299, 33.5209, 0.701629, 0.4, -0.00194577, 0.941187, 0.913172, 0.941112, 0.926238
0.548349, 33.5191, 0.701545, 0.4, -0.00194753, 0.941179, 0.913166, 0.941107, 0.926232
0.548399, 33.5174, 0.70146, 0.4, -0.00194928, 0.941172, 0.91316, 0.941102, 0.926227
0.548449, 33.5156, 0.701376, 0.4, -0.00195104, 0.941165, 0.913155, 0.941096, 0.926221
0.548499, 33.5139, 0.701292, 0.4, -0.0019528, 0.941158, 0.913149, 0.941091, 0.926215
0.548549, 33.5121, 0.701207, 0.4, -0.00195455, 0.94115, 0.913143, 0.941086, 0.92621
0.548599, 33.5104, 0.701123, 0.4, -0.00195631, 0.941143, 0.913138, 0.941081, 0.926204
0.548649, 33.5086, 0.701039, 0.4, -0.00195806, 0.941136, 0.913132, 0.941076, 0.926198
0.548699, 33.5068, 0.700955, 0.4, -0.00195981, 0.941128, 0.913127, 0.94107, 0.926193
0.548749, 33.5051, 0.700871, 0.4, -0.00196157, 0.941121, 0.913121, 0.941065, 0.926187
0.548799, 33.5033, 0.700786, 0.4, -0.00196332, 0.941114, 0.913115, 0.94106, 0.926181
0.548849, 33.5015, 0.700702, 0.4, -0.00196507, 0.941106, 0.91311, 0.941055, 0.926176
0.548899, 33.4998, 0.700618, 0.4, -0.00196682, 0.941099, 0.913104, 0.941049, 0.92617
0.548949, 33.498, 0.700534, 0.4, -0.00196857, 0.941092, 0.913099, 0.941044, 0.926165
0.548999, 33.4962, 0.70045, 0.4, -0.00197032, 0.941085, 0.913093, 0.941039, 0.926159
0.549049, 33.4944, 0.700365, 0.4, -0.00197207, 0.941078, 0.913087, 0.941034, 0.926153
0.549099, 33.4927, 0.700281, 0.4, -0.00197382, 0.94107, 0.913082, 0.941028, 0.926148
0.549149, 33.4909, 0.700197, 0.4, -0.00197557, 0.941063, 0.913076, 0.941023, 0.926142
0.549199, 33.4891, 0.700113, 0.4, -0.00197732, 0.941056, 0.913071, 0.941018, 0.926137
0.549249, 33.4873, 0.700029, 0.4, -0.00197907, 0.941049, 0.913065, 0.941013, 0.926131
0.549299, 33.4855, 0.699945, 0.4, -0.00198082, 0.941041, 0.913059, 0.941008, 0.926125
0.549349, 33.4838, 0.699861, 0.4, -0.00198256, 0.941034, 0.913054, 0.941002, 0.92612
0.549399, 33.482, 0.699777, 0.4, -0.00198431, 0.941027, 0.913048, 0.940997, 0.926114
0.549449, 33.4802, 0.699693, 0.4, -0.00198606, 0.94102, 0.913043, 0.940992, 0.926109
0.549499, 33.4784, 0.699609, 0.4, -0.0019878, 0.941013, 0.913037, 0.940987, 0.926103
0.549549, 33.4766, 0.699524, 0.4, -0.00198955, 0.941006, 0.913032, 0.940982, 0.926097
0.549599, 33.4748, 0.699441, 0.4, -0.00199129, 0.940998, 0.913026, 0.940976, 0.926092
0.549649, 33.473, 0.699356, 0.4, -0.00199304, 0.940991, 0.913021, 0.940971, 0.926086
0.549699, 33.4712, 0.699273, 0.4, -0.00199478, 0.940984, 0.913015, 0.940966, 0.926081
0.549749, 33.4694, 0.699189, 0.4, -0.00199652, 0.940977, 0.91301, 0.940961, 0.926075
0.549799, 33.4676, 0.699104, 0.4, -0.00199827, 0.94097, 0.913004, 0.940956, 0.92607
0.549849, 33.4658, 0.699021, 0.4, -0.00200001, 0.940963, 0.912999, 0.94095, 0.926064
0.549899, 33.464, 0.698937, 0.4, -0.00200175, 0.940956, 0.912993, 0.940945, 0.926059
0.549949, 33.4622, 0.698853, 0.4, -0.00200349, 0.940949, 0.912988, 0.94094, 0.926053
0.549999, 33.4604, 0.698769, 0.4, -0.00200523, 0.940942, 0.912982, 0.940935, 0.926048
0.550049, 33.4586, 0.698685, 0.4, -0.00200697, 0.940935, 0.912977, 0.94093, 0.926042
0.550099, 33.4568, 0.698601, 0.4, -0.00200871, 0.940928, 0.912971, 0.940925, 0.926036
0.550149, 33.455, 0.698517, 0.4, -0.00201045, 0.940921, 0.912966, 0.94092, 0.926031
0.550199, 33.4532, 0.698433, 0.4, -0.00201219, 0.940913, 0.91296, 0.940914, 0.926025
0.550249, 33.4514, 0.698349, 0.4, -0.00201393, 0.940906, 0.912955, 0.940909, 0.92602
0.550299, 33.4496, 0.698266, 0.4, -0.00201567, 0.940899, 0.912949, 0.940904, 0.926014
0.550349, 33.4478, 0.698182, 0.4, -0.0020174, 0.940892, 0.912944, 0.940899, 0.926009
0.550399, 33.446, 0.698098, 0.4, -0.00201914, 0.940885, 0.912938, 0.940894, 0.926003
0.550449, 33.4441, 0.698014, 0.4, -0.00202088, 0.940878, 0.912933, 0.940889, 0.925998
0.550499, 33.4423, 0.69793, 0.4, -0.00202261, 0.940871, 0.912928, 0.940884, 0.925992
0.550549, 33.4405, 0.697847, 0.4, -0.00202435, 0.940865, 0.912922, 0.940878, 0.925987
0.550599, 33.4387, 0.697763, 0.4, -0.00202608, 0.940858, 0.912917, 0.940873, 0.925981
0.550649, 33.4368, 0.697679, 0.4, -0.00202782, 0.940851, 0.912911, 0.940868, 0.925976
0.550699, 33.435, 0.697595, 0.4, -0.00202955, 0.940844, 0.912906, 0.940863, 0.92597
0.550749, 33.4332, 0.697512, 0.4, -0.00203128, 0.940837, 0.9129, 0.940858, 0.925965
0.550799, 33.4314, 0.697428, 0.4, -0.00203302, 0.94083, 0.912895, 0.940853, 0.92596
0.550849, 33.4295, 0.697344, 0.4, -0.00203475, 0.940823, 0.91289, 0.940848, 0.925954
0.550899, 33.4277, 0.697261, 0.4, -0.00203648, 0.940816, 0.912884, 0.940843, 0.925949
0.550949, 33.4259, 0.697177, 0.4, -0.00203821, 0.940809, 0.912879, 0.940838, 0.925943
0.550999, 33.424, 0.697093, 0.4, -0.00203994, 0.940802, 0.912873, 0.940833, 0.925938
0.551049, 33.4222, 0.69701, 0.4, -0.00204167, 0.940795, 0.912868, 0.940827, 0.925932
0.551099, 33.4204, 0.696926, 0.4, -0.0020434, 0.940788, 0.912863, 0.940822, 0.925927
0.551149, 33.4185, 0.696842, 0.4, -0.00204513, 0.940781, 0.912857, 0.940817, 0.925921
0.551199, 33.4167, 0.696759, 0.4, -0.00204686, 0.940775, 0.912852, 0.940812, 0.925916
0.551249, 33.4148, 0.696675, 0.4, -0.00204859, 0.940768, 0.912847, 0.940807, 0.92591
0.551299, 33.413, 0.696591, 0.4, -0.00205032, 0.940761, 0.912841, 0.940802, 0.925905
0.551349, 33.4111, 0.696508, 0.4, -0.00205204, 0.940754, 0.912836, 0.940797, 0.9259
0.551399, 33.4093, 0.696424, 0.4, -0.00205377, 0.940747, 0.91283, 0.940792, 0.925894
0.551449, 33.4074, 0.696341, 0.4, -0.0020555, 0.940741, 0.912825, 0.940787, 0.925889
0.551499, 33.4056, 0.696257, 0.4, -0.00205722, 0.940734, 0.91282, 0.940782, 0.925883
0.551549, 33.4037, 0.696174, 0.4, -0.00205895, 0.940727, 0.912814, 0.940777, 0.925878
0.551599, 33.4019, 0.69609, 0.4, -0.00206067, 0.94072, 0.912809, 0.940772, 0.925873
0.551649, 33.4, 0.696006, 0.4, -0.0020624, 0.940713, 0.912804, 0.940767, 0.925867
0.551699, 33.3982, 0.695923, 0.4, -0.00206412, 0.940707, 0.912798, 0.940762, 0.925862
0.551749, 33.3963, 0.69584, 0.4, -0.00206585, 0.9407, 0.912793, 0.940757, 0.925856
0.551799, 33.3945, 0.695756, 0.4, -0.00206757, 0.940693, 0.912788, 0.940752, 0.925851
0.551849, 33.3926, 0.695673, 0.4, -0.00206929, 0.940686, 0.912782, 0.940747, 0.925846
0.551899, 33.3907, 0.695589, 0.4, -0.00207101, 0.940679, 0.912777, 0.940742, 0.92584
0.551949, 33.3889, 0.695506, 0.4, -0.00207273, 0.940673, 0.912772, 0.940736, 0.925835
0.551999, 33.387, 0.695422, 0.4, -0.00207446, 0.940666, 0.912767, 0.940731, 0.92583
0.552049, 33.3851, 0.695339, 0.4, -0.00207618, 0.940659, 0.912761, 0.940726, 0.925824
0.552099, 33.3833, 0.695256, 0.4, -0.0020779, 0.940653, 0.912756, 0.940721, 0.925819
0.552149, 33.3814, 0.695172, 0.4, -0.00207962, 0.940646, 0.912751, 0.940716, 0.925813
0.552199, 33.3795, 0.695089, 0.4, -0.00208133, 0.940639, 0.912745, 0.940711, 0.925808
0.552249, 33.3776, 0.695005, 0.4, -0.00208305, 0.940632, 0.91274, 0.940706, 0.925803
0.552299, 33.3758, 0.694922, 0.4, -0.00208477, 0.940626, 0.912735, 0.940701, 0.925797
0.552349, 33.3739, 0.694839, 0.4, -0.00208649, 0.940619, 0.91273, 0.940696, 0.925792
0.552399, 33.372, 0.694755, 0.4, -0.00208821, 0.940612, 0.912724, 0.940691, 0.925787
0.552449, 33.3701, 0.694672, 0.4, -0.00208992, 0.940606, 0.912719, 0.940686, 0.925781
0.552499, 33.3683, 0.694589, 0.4, -0.00209164, 0.940599, 0.912714, 0.940681, 0.925776
0.552549, 33.3664, 0.694505, 0.4, -0.00209335, 0.940592, 0.912709, 0.940676, 0.925771
0.552599, 33.3645, 0.694422, 0.4, -0.00209507, 0.940586, 0.912704, 0.940671, 0.925766
0.552649, 33.3626, 0.694339, 0.4, -0.00209678, 0.940579, 0.912698, 0.940666, 0.92576
0.5527, 33.3607, 0.694256, 0.4, -0.0020985, 0.940573, 0.912693, 0.940661, 0.925755
0.55275, 33.3588, 0.694172, 0.4, -0.00210021, 0.940566, 0.912688, 0.940656, 0.925749
0.5528, 33.3569, 0.694089, 0.4, -0.00210192, 0.940559, 0.912683, 0.940652, 0.925744
0.55285, 33.355, 0.694006, 0.4, -0.00210364, 0.940553, 0.912677, 0.940647, 0.925739
0.5529, 33.3531, 0.693923, 0.4, -0.00210535, 0.940546, 0.912672, 0.940642, 0.925734
0.55295, 33.3512, 0.693839, 0.4, -0.00210706, 0.94054, 0.912667, 0.940637, 0.925728
0.553, 33.3494, 0.693756, 0.4, -0.00210877, 0.940533, 0.912662, 0.940632, 0.925723
0.55305, 33.3475, 0.693673, 0.4, -0.00211048, 0.940527, 0.912657, 0.940627, 0.925718
0.5531, 33.3456, 0.69359, 0.4, -0.00211219, 0.94052, 0.912651, 0.940622, 0.925712
0.55315, 33.3437, 0.693507, 0.4, -0.0021139, 0.940513, 0.912646, 0.940617, 0.925707
0.5532, 33.3417, 0.693423, 0.4, -0.00211561, 0.940507, 0.912641, 0.940612, 0.925702
0.55325, 33.3398, 0.69334, 0.4, -0.00211732, 0.9405, 0.912636, 0.940607, 0.925697
0.5533, 33.3379, 0.693257, 0.4, -0.00211903, 0.940494, 0.912631, 0.940602, 0.925691
0.55335, 33.336, 0.693174, 0.4, -0.00212074, 0.940487, 0.912626, 0.940597, 0.925686
0.5534, 33.3341, 0.693091, 0.4, -0.00212244, 0.940481, 0.91262, 0.940592, 0.925681
0.55345, 33.3322, 0.693008, 0.4, -0.00212415, 0.940474, 0.912615, 0.940587, 0.925676
0.5535, 33.3303, 0.692925, 0.4, -0.00212586, 0.940468, 0.91261, 0.940582, 0.92567
0.55355, 33.3284, 0.692842, 0.4, -0.00212756, 0.940462, 0.912605, 0.940577, 0.925665
0.5536, 33.3265, 0.692759, 0.4, -0.00212927, 0.940455, 0.9126, 0.940572, 0.92566
0.55365, 33.3246, 0.692676, 0.4, -0.00213097, 0.940449, 0.912595, 0.940567, 0.925655
0.5537, 33.3226, 0.692593, 0.4, -0.00213268, 0.940442, 0.91259, 0.940563, 0.925649
0.55375, 33.3207, 0.692509, 0.4, -0.00213438, 0.940436, 0.912584, 0.940558, 0.925644
0.5538, 33.3188, 0.692426, 0.4, -0.00213608, 0.940429, 0.912579, 0.940553, 0.925639
0.55385, 33.3169, 0.692343, 0.4, -0.00213779, 0.940423, 0.912574, 0.940548, 0.925634
0.5539, 33.3149, 0.69226, 0.4, -0.00213949, 0.940416, 0.912569, 0.940543, 0.925629
0.55395, 33.313, 0.692177, 0.4, -0.00214119, 0.94041, 0.912564, 0.940538, 0.925623
0.554, 33.3111, 0.692094, 0.4, -0.00214289, 0.940404, 0.912559, 0.940533, 0.925618
0.55405, 33.3092, 0.692011, 0.4, -0.00214459, 0.940397, 0.912554, 0.940528, 0.925613
0.5541, 33.3072, 0.691928, 0.4, -0.00214629, 0.940391, 0.912549, 0.940523, 0.925608
0.55415, 33.3053, 0.691845, 0.4, -0.00214799, 0.940384, 0.912544, 0.940518, 0.925602
0.5542, 33.3034, 0.691762, 0.4, -0.00214969, 0.940378, 0.912538, 0.940514, 0.925597
0.55425, 33.3014, 0.69168, 0.4, -0.00215139, 0.940372, 0.912533, 0.940509, 0.925592
0.5543, 33.2995, 0.691597, 0.4, -0.00215309, 0.940365, 0.912528, 0.940504, 0.925587
0.55435, 33.2976, 0.691514, 0.4, -0.00215479, 0.940359, 0.912523, 0.940499, 0.925582
0.5544, 33.2956, 0.691431, 0.4, -0.00215649, 0.940353, 0.912518, 0.940494, 0.925577
0.55445, 33.2937, 0.691348, 0.4, -0.00215818, 0.940346, 0.912513, 0.940489, 0.925571
0.5545, 33.2917, 0.691265, 0.4, -0.00215988, 0.94034, 0.912508, 0.940484, 0.925566
0.55455, 33.2898, 0.691182, 0.4, -0.00216158, 0.940334, 0.912503, 0.940479, 0.925561
0.5546, 33.2878, 0.691099, 0.4, -0.00216327, 0.940327, 0.912498, 0.940475, 0.925556
0.55465, 33.2859, 0.691016, 0.4, -0.00216497, 0.940321, 0.912493, 0.94047, 0.925551
0.5547, 33.2839, 0.690933, 0.4, -0.00216666, 0.940315, 0.912488, 0.940465, 0.925546
0.55475, 33.282, 0.690851, 0.4, -0.00216835, 0.940308, 0.912483, 0.94046, 0.92554
0.5548, 33.28, 0.690768, 0.4, -0.00217005, 0.940302, 0.912478, 0.940455, 0.925535
0.55485, 33.2781, 0.690685, 0.4, -0.00217174, 0.940296, 0.912473, 0.94045, 0.92553
0.5549, 33.2761, 0.690602, 0.4, -0.00217343, 0.94029, 0.912468, 0.940445, 0.925525
0.55495, 33.2742, 0.690519, 0.4, -0.00217513, 0.940283, 0.912463, 0.940441, 0.92552
0.555, 33.2722, 0.690437, 0.4, -0.00217682, 0.940277, 0.912458, 0.940436, 0.925515
0.55505, 33.2702, 0.690354, 0.4, -0.00217851, 0.940271, 0.912453, 0.940431, 0.92551
0.5551, 33.2683, 0.690271, 0.4, -0.0021802, 0.940265, 0.912448, 0.940426, 0.925504
0.55515, 33.2663, 0.690188, 0.4, -0.00218189, 0.940258, 0.912443, 0.940421, 0.925499
0.5552, 33.2644, 0.690106, 0.4, -0.00218358, 0.940252, 0.912438, 0.940417, 0.925494
0.55525, 33.2624, 0.690023, 0.4, -0.00218527, 0.940246, 0.912433, 0.940412, 0.925489
0.5553, 33.2604, 0.68994, 0.4, -0.00218696, 0.94024, 0.912428, 0.940407, 0.925484
0.55535, 33.2585, 0.689858, 0.4, -0.00218865, 0.940233, 0.912423, 0.940402, 0.925479
0.5554, 33.2565, 0.689775, 0.4, -0.00219033, 0.940227, 0.912418, 0.940397, 0.925474
0.55545, 33.2545, 0.689692, 0.4, -0.00219202, 0.940221, 0.912413, 0.940392, 0.925469
0.5555, 33.2525, 0.689609, 0.4, -0.00219371, 0.940215, 0.912408, 0.940388, 0.925463
0.55555, 33.2506, 0.689527, 0.4, -0.00219539, 0.940209, 0.912403, 0.940383, 0.925458
0.5556, 33.2486, 0.689444, 0.4, -0.00219708, 0.940203, 0.912398, 0.940378, 0.925453
0.55565, 33.2466, 0.689361, 0.4, -0.00219876, 0.940196, 0.912393, 0.940373, 0.925448
0.5557, 33.2446, 0.689279, 0.4, -0.00220045, 0.94019, 0.912388, 0.940368, 0.925443
0.55575, 33.2427, 0.689196, 0.4, -0.00220213, 0.940184, 0.912383, 0.940364, 0.925438
0.5558, 33.2407, 0.689114, 0.4, -0.00220382, 0.940178, 0.912378, 0.940359, 0.925433
0.55585, 33.2387, 0.689031, 0.4, -0.0022055, 0.940172, 0.912373, 0.940354, 0.925428
0.5559, 33.2367, 0.688949, 0.4, -0.00220718, 0.940166, 0.912368, 0.940349, 0.925423
0.55595, 33.2347, 0.688866, 0.4, -0.00220887, 0.94016, 0.912363, 0.940344, 0.925418
0.556, 33.2327, 0.688783, 0.4, -0.00221055, 0.940154, 0.912358, 0.94034, 0.925413
0.55605, 33.2307, 0.688701, 0.4, -0.00221223, 0.940148, 0.912354, 0.940335, 0.925408
0.5561, 33.2287, 0.688618, 0.4, -0.00221391, 0.940141, 0.912349, 0.94033, 0.925403
0.55615, 33.2267, 0.688535, 0.4, -0.00221559, 0.940135, 0.912344, 0.940325, 0.925398
0.5562, 33.2248, 0.688453, 0.4, -0.00221727, 0.940129, 0.912339, 0.940321, 0.925393
0.55625, 33.2228, 0.68837, 0.4, -0.00221895, 0.940123, 0.912334, 0.940316, 0.925388
0.5563, 33.2208, 0.688288, 0.4, -0.00222063, 0.940117, 0.912329, 0.940311, 0.925382
0.55635, 33.2188, 0.688205, 0.4, -0.00222231, 0.940111, 0.912324, 0.940306, 0.925377
0.5564, 33.2168, 0.688123, 0.4, -0.00222399, 0.940105, 0.912319, 0.940302, 0.925372
0.55645, 33.2148, 0.68804, 0.4, -0.00222566, 0.940099, 0.912314, 0.940297, 0.925367
0.5565, 33.2128, 0.687958, 0.4, -0.00222734, 0.940093, 0.912309, 0.940292, 0.925362
0.55655, 33.2107, 0.687876, 0.4, -0.00222902, 0.940087, 0.912305, 0.940287, 0.925357
0.5566, 33.2087, 0.687793, 0.4, -0.00223069, 0.940081, 0.9123, 0.940283, 0.925352
0.55665, 33.2067, 0.687711, 0.4, -0.00223237, 0.940075, 0.912295, 0.940278, 0.925347
0.5567, 33.2047, 0.687628, 0.4, -0.00223404, 0.940069, 0.91229, 0.940273, 0.925342
0.55675, 33.2027, 0.687546, 0.4, -0.00223572, 0.940063, 0.912285, 0.940268, 0.925337
0.5568, 33.2007, 0.687463, 0.4, -0.00223739, 0.940057, 0.91228, 0.940264, 0.925332
0.55685, 33.1987, 0.687381, 0.4, -0.00223907, 0.940051, 0.912275, 0.940259, 0.925327
0.5569, 33.1967, 0.687298, 0.4, -0.00224074, 0.940045, 0.912271, 0.940254, 0.925322
0.55695, 33.1946, 0.687216, 0.4, -0.00224241, 0.940039, 0.912266, 0.94025, 0.925317
0.557, 33.1926, 0.687134, 0.4, -0.00224408, 0.940033, 0.912261, 0.940245, 0.925312
0.55705, 33.1906, 0.687051, 0.4, -0.00224576, 0.940027, 0.912256, 0.94024, 0.925307
0.5571, 33.1886, 0.686969, 0.4, -0.00224743, 0.940022, 0.912251, 0.940235, 0.925302
0.55715, 33.1866, 0.686887, 0.4, -0.0022491, 0.940016, 0.912246, 0.940231, 0.925297
0.5572, 33.1845, 0.686804, 0.4, -0.00225077, 0.94001, 0.912242, 0.940226, 0.925293
0.55725, 33.1825, 0.686722, 0.4, -0.00225244, 0.940004, 0.912237, 0.940221, 0.925288
0.5573, 33.1805, 0.68664, 0.4, -0.00225411, 0.939998, 0.912232, 0.940217, 0.925283
0.55735, 33.1785, 0.686557, 0.4, -0.00225578, 0.939992, 0.912227, 0.940212, 0.925278
0.5574, 33.1764, 0.686475, 0.4, -0.00225744, 0.939986, 0.912222, 0.940207, 0.925273
0.55745, 33.1744, 0.686393, 0.4, -0.00225911, 0.93998, 0.912218, 0.940203, 0.925268
0.5575, 33.1724, 0.68631, 0.4, -0.00226078, 0.939974, 0.912213, 0.940198, 0.925263
0.55755, 33.1703, 0.686228, 0.4, -0.00226245, 0.939969, 0.912208, 0.940193, 0.925258
0.5576, 33.1683, 0.686146, 0.4, -0.00226411, 0.939963, 0.912203, 0.940188, 0.925253
0.55765, 33.1662, 0.686064, 0.4, -0.00226578, 0.939957, 0.912198, 0.940184, 0.925248
0.5577, 33.1642, 0.685981, 0.4, -0.00226744, 0.939951, 0.912194, 0.940179, 0.925243
0.55775, 33.1622, 0.685899, 0.4, -0.00226911, 0.939945, 0.912189, 0.940175, 0.925238
0.5578, 33.1601, 0.685817, 0.4, -0.00227077, 0.939939, 0.912184, 0.94017, 0.925233
0.55785, 33.1581, 0.685734, 0.4, -0.00227244, 0.939933, 0.912179, 0.940165, 0.925228
0.5579, 33.156, 0.685652, 0.4, -0.0022741, 0.939928, 0.912175, 0.94016, 0.925223
0.55795, 33.154, 0.68557, 0.4, -0.00227576, 0.939922, 0.91217, 0.940156, 0.925218
0.558, 33.1519, 0.685488, 0.4, -0.00227743, 0.939916, 0.912165, 0.940151, 0.925214
0.55805, 33.1499, 0.685406, 0.4, -0.00227909, 0.93991, 0.91216, 0.940147, 0.925209
0.5581, 33.1478, 0.685324, 0.4, -0.00228075, 0.939905, 0.912156, 0.940142, 0.925204
0.55815, 33.1458, 0.685241, 0.4, -0.00228241, 0.939899, 0.912151, 0.940137, 0.925199
0.5582, 33.1437, 0.685159, 0.4, -0.00228407, 0.939893, 0.912146, 0.940132, 0.925194
0.55825, 33.1417, 0.685077, 0.4, -0.00228573, 0.939887, 0.912141, 0.940128, 0.925189
0.5583, 33.1396, 0.684995, 0.4, -0.00228739, 0.939882, 0.912137, 0.940123, 0.925184
0.55835, 33.1376, 0.684913, 0.4, -0.00228905, 0.939876, 0.912132, 0.940119, 0.925179
0.5584, 33.1355, 0.684831, 0.4, -0.00229071, 0.93987, 0.912127, 0.940114, 0.925174
0.55845, 33.1334, 0.684748, 0.4, -0.00229237, 0.939864, 0.912123, 0.940109, 0.925169
0.5585, 33.1314, 0.684666, 0.4, -0.00229402, 0.939858, 0.912118, 0.940105, 0.925164
0.55855, 33.1293, 0.684584, 0.4, -0.00229568, 0.939853, 0.912113, 0.9401, 0.92516
0.5586, 33.1272, 0.684502, 0.4, -0.00229734, 0.939847, 0.912108, 0.940095, 0.925155
0.55865, 33.1252, 0.68442, 0.4, -0.00229899, 0.939841, 0.912104, 0.940091, 0.92515
0.558701, 33.1231, 0.684338, 0.4, -0.00230065, 0.939836, 0.912099, 0.940086, 0.925145
0.558751, 33.121, 0.684256, 0.4, -0.0023023, 0.93983, 0.912094, 0.940081, 0.92514
0.558801, 33.119, 0.684174, 0.4, -0.00230396, 0.939824, 0.91209, 0.940077, 0.925135
0.558851, 33.1169, 0.684092, 0.4, -0.00230561, 0.939819, 0.912085, 0.940072, 0.92513
0.558901, 33.1148, 0.68401, 0.4, -0.00230727, 0.939813, 0.91208, 0.940068, 0.925126
0.558951, 33.1127, 0.683927, 0.4, -0.00230892, 0.939807, 0.912076, 0.940063, 0.925121
0.559001, 33.1106, 0.683845, 0.4, -0.00231057, 0.939802, 0.912071, 0.940058, 0.925116
0.559051, 33.1086, 0.683763, 0.4, -0.00231223, 0.939796, 0.912066, 0.940054, 0.925111
0.559101, 33.1065, 0.683681, 0.4, -0.00231388, 0.93979, 0.912062, 0.940049, 0.925106
0.559151, 33.1044, 0.683599, 0.4, -0.00231553, 0.939785, 0.912057, 0.940045, 0.925101
0.559201, 33.1023, 0.683517, 0.4, -0.00231718, 0.939779, 0.912052, 0.94004, 0.925097
0.559251, 33.1002, 0.683435, 0.4, -0.00231883, 0.939773, 0.912048, 0.940035, 0.925092
0.559301, 33.0981, 0.683353, 0.4, -0.00232048, 0.939768, 0.912043, 0.940031, 0.925087
0.559351, 33.0961, 0.683271, 0.4, -0.00232213, 0.939762, 0.912038, 0.940026, 0.925082
0.559401, 33.094, 0.683189, 0.4, -0.00232378, 0.939757, 0.912034, 0.940022, 0.925077
0.559451, 33.0919, 0.683108, 0.4, -0.00232543, 0.939751, 0.912029, 0.940017, 0.925072
0.559501, 33.0898, 0.683025, 0.4, -0.00232707, 0.939745, 0.912025, 0.940013, 0.925068
0.559551, 33.0877, 0.682944, 0.4, -0.00232872, 0.93974, 0.91202, 0.940008, 0.925063
0.559601, 33.0856, 0.682862, 0.4, -0.00233037, 0.939734, 0.912015, 0.940003, 0.925058
0.559651, 33.0835, 0.68278, 0.4, -0.00233202, 0.939729, 0.912011, 0.939999, 0.925053
0.559701, 33.0814, 0.682698, 0.4, -0.00233366, 0.939723, 0.912006, 0.939994, 0.925048
0.559751, 33.0793, 0.682616, 0.4, -0.00233531, 0.939718, 0.912001, 0.93999, 0.925044
0.559801, 33.0772, 0.682534, 0.4, -0.00233695, 0.939712, 0.911997, 0.939985, 0.925039
0.559851, 33.0751, 0.682452, 0.4, -0.0023386, 0.939707, 0.911992, 0.939981, 0.925034
0.559901, 33.073, 0.68237, 0.4, -0.00234024, 0.939701, 0.911988, 0.939976, 0.925029
0.559951, 33.0709, 0.682288, 0.4, -0.00234188, 0.939696, 0.911983, 0.939971, 0.925025
0.560001, 33.0688, 0.682206, 0.4, -0.00234353, 0.93969, 0.911979, 0.939967, 0.92502
0.560051, 33.0666, 0.682125, 0.4, -0.00234517, 0.939685, 0.911974, 0.939962, 0.925015
0.560101, 33.0645, 0.682043, 0.4, -0.00234681, 0.939679, 0.911969, 0.939958, 0.92501
0.560151, 33.0624, 0.681961, 0.4, -0.00234845, 0.939674, 0.911965, 0.939953, 0.925005
0.560201, 33.0603, 0.681879, 0.4, -0.0023501, 0.939668, 0.91196, 0.939949, 0.925001
0.560251, 33.0582, 0.681797, 0.4, -0.00235174, 0.939663, 0.911956, 0.939944, 0.924996
0.560301, 33.0561, 0.681715, 0.4, -0.00235338, 0.939657, 0.911951, 0.93994, 0.924991
0.560351, 33.054, 0.681634, 0.4, -0.00235502, 0.939652, 0.911947, 0.939935, 0.924986
0.560401, 33.0518, 0.681552, 0.4, -0.00235666, 0.939646, 0.911942, 0.939931, 0.924982
0.560451, 33.0497, 0.68147, 0.4, -0.00235829, 0.939641, 0.911938, 0.939926, 0.924977
0.560501, 33.0476, 0.681388, 0.4, -0.00235993, 0.939635, 0.911933, 0.939922, 0.924972
0.560551, 33.0455, 0.681306, 0.4, -0.00236157, 0.93963, 0.911928, 0.939917, 0.924967
0.560601, 33.0433, 0.681225, 0.4, -0.00236321, 0.939625, 0.911924, 0.939912, 0.924963
0.560651, 33.0412, 0.681143, 0.4, -0.00236485, 0.939619, 0.911919, 0.939908, 0.924958
0.560701, 33.0391, 0.681061, 0.4, -0.00236648, 0.939614, 0.911915, 0.939903, 0.924953
0.560751, 33.037, 0.680979, 0.4, -0.00236812, 0.939608, 0.91191, 0.939899, 0.924948
0.560801, 33.0348, 0.680898, 0.4, -0.00236975, 0.939603, 0.911906, 0.939894, 0.924944
0.560851, 33.0327, 0.680816, 0.4, -0.00237139, 0.939598, 0.911901, 0.93989, 0.924939
0.560901, 33.0306, 0.680734, 0.4, -0.00237302, 0.939592, 0.911897, 0.939885, 0.924934
0.560951, 33.0284, 0.680652, 0.4, -0.00237466, 0.939587, 0.911892, 0.939881, 0.92493
0.561001, 33.0263, 0.680571, 0.4, -0.00237629, 0.939581, 0.911888, 0.939876, 0.924925
0.561051, 33.0241, 0.680489, 0.4, -0.00237792, 0.939576, 0.911883, 0.939872, 0.92492
0.561101, 33.022, 0.680407, 0.4, -0.00237956, 0.939571, 0.911879, 0.939867, 0.924915
0.561151, 33.0199, 0.680326, 0.4, -0.00238119, 0.939565, 0.911874, 0.939863, 0.924911
0.561201, 33.0177, 0.680244, 0.4, -0.00238282, 0.93956, 0.91187, 0.939858, 0.924906
0.561251, 33.0156, 0.680162, 0.4, -0.00238445, 0.939555, 0.911865, 0.939854, 0.924901
0.561301, 33.0134, 0.680081, 0.4, -0.00238608, 0.939549, 0.911861, 0.939849, 0.924897
0.561351, 33.0113, 0.679999, 0.4, -0.00238771, 0.939544, 0.911856, 0.939845, 0.924892
0.561401, 33.0091, 0.679917, 0.4, -0.00238934, 0.939539, 0.911852, 0.939841, 0.924887
0.561451, 33.007, 0.679836, 0.4, -0.00239097, 0.939533, 0.911847, 0.939836, 0.924883
0.561501, 33.0048, 0.679754, 0.4, -0.0023926, 0.939528, 0.911843, 0.939832, 0.924878
0.561551, 33.0027, 0.679672, 0.4, -0.00239423, 0.939523, 0.911839, 0.939827, 0.924873
0.561601, 33.0005, 0.679591, 0.4, -0.00239585, 0.939518, 0.911834, 0.939823, 0.924869
0.561651, 32.9984, 0.679509, 0.4, -0.00239748, 0.939512, 0.91183, 0.939818, 0.924864
0.561701, 32.9962, 0.679428, 0.4, -0.00239911, 0.939507, 0.911825, 0.939814, 0.924859
0.561751, 32.994, 0.679346, 0.4, -0.00240073, 0.939502, 0.911821, 0.939809, 0.924855
0.561801, 32.9919, 0.679264, 0.4, -0.00240236, 0.939496, 0.911816, 0.939805, 0.92485
0.561851, 32.9897, 0.679183, 0.4, -0.00240399, 0.939491, 0.911812, 0.9398, 0.924845
0.561901, 32.9875, 0.679101, 0.4, -0.00240561, 0.939486, 0.911807, 0.939796, 0.924841
0.561951, 32.9854, 0.67902, 0.4, -0.00240724, 0.939481, 0.911803, 0.939792, 0.924836
0.562001, 32.9832, 0.678938, 0.4, -0.00240886, 0.939476, 0.911799, 0.939787, 0.924831
0.562051, 32.981, 0.678856, 0.4, -0.00241048, 0.93947, 0.911794, 0.939783, 0.924827
0.562101, 32.9789, 0.678775, 0.4, -0.00241211, 0.939465, 0.91179, 0.939778, 0.924822
0.562151, 32.9767, 0.678693, 0.4, -0.00241373, 0.93946, 0.911785, 0.939774, 0.924817
0.562201, 32.9745, 0.678612, 0.4, -0.00241535, 0.939455, 0.911781, 0.939769, 0.924813
0.562251, 32.9724, 0.67853, 0.4, -0.00241697, 0.93945, 0.911777, 0.939765, 0.924808
0.562301, 32.9702, 0.678449, 0.4, -0.00241859, 0.939444, 0.911772, 0.93976, 0.924804
0.562351, 32.968, 0.678367, 0.4, -0.00242021, 0.939439, 0.911768, 0.939756, 0.924799
0.562401, 32.9658, 0.678286, 0.4, -0.00242183, 0.939434, 0.911763, 0.939752, 0.924794
0.562451, 32.9636, 0.678204, 0.4, -0.00242345, 0.939429, 0.911759, 0.939747, 0.92479
0.562501, 32.9615, 0.678123, 0.4, -0.00242507, 0.939424, 0.911755, 0.939743, 0.924785
0.562551, 32.9593, 0.678041, 0.4, -0.00242669, 0.939419, 0.91175, 0.939738, 0.924781
0.562601, 32.9571, 0.67796, 0.4, -0.00242831, 0.939413, 0.911746, 0.939734, 0.924776
0.562651, 32.9549, 0.677879, 0.4, -0.00242993, 0.939408, 0.911741, 0.93973, 0.924771
0.562701, 32.9527, 0.677797, 0.4, -0.00243154, 0.939403, 0.911737, 0.939725, 0.924767
0.562751, 32.9505, 0.677716, 0.4, -0.00243316, 0.939398, 0.911733, 0.939721, 0.924762
0.562801, 32.9483, 0.677634, 0.4, -0.00243478, 0.939393, 0.911728, 0.939716, 0.924758
0.562851, 32.9461, 0.677553, 0.4, -0.00243639, 0.939388, 0.911724, 0.939712, 0.924753
0.562901, 32.944, 0.677471, 0.4, -0.00243801, 0.939383, 0.91172, 0.939707, 0.924748
0.562951, 32.9418, 0.67739, 0.4, -0.00243962, 0.939378, 0.911715, 0.939703, 0.924744
0.563001, 32.9396, 0.677308, 0.4, -0.00244124, 0.939372, 0.911711, 0.939699, 0.924739
0.563051, 32.9374, 0.677227, 0.4, -0.00244285, 0.939367, 0.911707, 0.939694, 0.924735
0.563101, 32.9352, 0.677146, 0.4, -0.00244446, 0.939362, 0.911702, 0.93969, 0.92473
0.563151, 32.933, 0.677064, 0.4, -0.00244608, 0.939357, 0.911698, 0.939686, 0.924725
0.563201, 32.9308, 0.676983, 0.4, -0.00244769, 0.939352, 0.911694, 0.939681, 0.924721
0.563251, 32.9286, 0.676901, 0.4, -0.0024493, 0.939347, 0.911689, 0.939677, 0.924716
0.563301, 32.9263, 0.67682, 0.4, -0.00245091, 0.939342, 0.911685, 0.939672, 0.924712
0.563351, 32.9241, 0.676739, 0.4, -0.00245252, 0.939337, 0.911681, 0.939668, 0.924707
0.563401, 32.9219, 0.676657, 0.4, -0.00245413, 0.939332, 0.911676, 0.939664, 0.924703
0.563451, 32.9197, 0.676576, 0.4, -0.00245574, 0.939327, 0.911672, 0.939659, 0.924698
0.563501, 32.9175, 0.676495, 0.4, -0.00245735, 0.939322, 0.911668, 0.939655, 0.924694
0.563551, 32.9153, 0.676413, 0.4, -0.00245896, 0.939317, 0.911663, 0.939651, 0.924689
0.563601, 32.9131, 0.676332, 0.4, -0.00246057, 0.939312, 0.911659, 0.939646, 0.924684
0.563651, 32.9109, 0.676251, 0.4, -0.00246218, 0.939307, 0.911655, 0.939642, 0.92468
0.563701, 32.9087, 0.676169, 0.4, -0.00246379, 0.939302, 0.911651, 0.939637, 0.924675
0.563751, 32.9064, 0.676088, 0.4, -0.00246539, 0.939297, 0.911646, 0.939633, 0.924671
0.563801, 32.9042, 0.676007, 0.4, -0.002467, 0.939292, 0.911642, 0.939629, 0.924666
0.563851, 32.902, 0.675926, 0.4, -0.00246861, 0.939287, 0.911638, 0.939624, 0.924662
0.563901, 32.8998, 0.675844, 0.4, -0.00247021, 0.939282, 0.911633, 0.93962, 0.924657
0.563951, 32.8976, 0.675763, 0.4, -0.00247182, 0.939277, 0.911629, 0.939616, 0.924653
0.564001, 32.8953, 0.675682, 0.4, -0.00247342, 0.939272, 0.911625, 0.939611, 0.924648
0.564051, 32.8931, 0.6756, 0.4, -0.00247503, 0.939267, 0.911621, 0.939607, 0.924644
0.564101, 32.8909, 0.675519, 0.4, -0.00247663, 0.939262, 0.911616, 0.939603, 0.924639
0.564151, 32.8886, 0.675438, 0.4, -0.00247823, 0.939257, 0.911612, 0.939598, 0.924635
0.564201, 32.8864, 0.675357, 0.4, -0.00247984, 0.939252, 0.911608, 0.939594, 0.92463
0.564251, 32.8842, 0.675275, 0.4, -0.00248144, 0.939247, 0.911604, 0.93959, 0.924626
0.564301, 32.8819, 0.675194, 0.4, -0.00248304, 0.939242, 0.911599, 0.939585, 0.924621
0.564351, 32.8797, 0.675113, 0.4, -0.00248464, 0.939237, 0.911595, 0.939581, 0.924617
0.564401, 32.8775, 0.675031, 0.4, -0.00248624, 0.939232, 0.911591, 0.939577, 0.924612
0.564451, 32.8752, 0.67495, 0.4, -0.00248784, 0.939228, 0.911587, 0.939572, 0.924608
0.564501, 32.873, 0.674869, 0.4, -0.00248944, 0.939223, 0.911582, 0.939568, 0.924603
0.564551, 32.8708, 0.674788, 0.4, -0.00249104, 0.939218, 0.911578, 0.939564, 0.924599
0.564601, 32.8685, 0.674707, 0.4, -0.00249264, 0.939213, 0.911574, 0.939559, 0.924594
0.564651, 32.8663, 0.674625, 0.4, -0.00249424, 0.939208, 0.91157, 0.939555, 0.92459
0.564701, 32.864, 0.674544, 0.4, -0.00249584, 0.939203, 0.911565, 0.939551, 0.924585
0.564752, 32.8618, 0.674463, 0.4, -0.00249744, 0.939198, 0.911561, 0.939546, 0.924581
0.564802, 32.8595, 0.674382, 0.4, -0.00249903, 0.939193, 0.911557, 0.939542, 0.924576
0.564852, 32.8573, 0.674301, 0.4, -0.00250063, 0.939188, 0.911553, 0.939538, 0.924572
0.564902, 32.855, 0.674219, 0.4, -0.00250223, 0.939184, 0.911549, 0.939533, 0.924567
0.564952, 32.8528, 0.674138, 0.4, -0.00250382, 0.939179, 0.911544, 0.939529, 0.924563
0.565002, 32.8505, 0.674057, 0.4, -0.00250542, 0.939174, 0.91154, 0.939525, 0.924558
0.565052, 32.8483, 0.673976, 0.4, -0.00250701, 0.939169, 0.911536, 0.939521, 0.924554
0.565102, 32.846, 0.673895, 0.4, -0.00250861, 0.939164, 0.911532, 0.939516, 0.92455
0.565152, 32.8437, 0.673814, 0.4, -0.0025102, 0.939159, 0.911528, 0.939512, 0.924545
0.565202, 32.8415, 0.673733, 0.4, -0.00251179, 0.939155, 0.911523, 0.939508, 0.924541
0.565252, 32.8392, 0.673651, 0.4, -0.00251338, 0.93915, 0.911519, 0.939503, 0.924536
0.565302, 32.837, 0.67357, 0.4, -0.00251498, 0.939145, 0.911515, 0.939499, 0.924532
0.565352, 32.8347, 0.673489, 0.4, -0.00251657, 0.93914, 0.911511, 0.939495, 0.924527
0.565402, 32.8324, 0.673408, 0.4, -0.00251816, 0.939136, 0.911507, 0.939491, 0.924523
0.565452, 32.8302, 0.673327, 0.4, -0.00251975, 0.939131, 0.911503, 0.939486, 0.924518
0.565502, 32.8279, 0.673246, 0.4, -0.00252134, 0.939126, 0.911498, 0.939482, 0.924514
0.565552, 32.8256, 0.673165, 0.4, -0.00252293, 0.939121, 0.911494, 0.939478, 0.92451
0.565602, 32.8234, 0.673084, 0.4, -0.00252452, 0.939116, 0.91149, 0.939473, 0.924505
0.565652, 32.8211, 0.673003, 0.4, -0.00252611, 0.939112, 0.911486, 0.939469, 0.924501
0.565702, 32.8188, 0.672922, 0.4, -0.0025277, 0.939107, 0.911482, 0.939465, 0.924496
0.565752, 32.8165, 0.672841, 0.4, -0.00252929, 0.939102, 0.911478, 0.939461, 0.924492
0.565802, 32.8143, 0.672759, 0.4, -0.00253087, 0.939097, 0.911473, 0.939456, 0.924487
0.565852, 32.812, 0.672678, 0.4, -0.00253246, 0.939093, 0.911469, 0.939452, 0.924483
0.565902, 32.8097, 0.672597, 0.4, -0.00253405, 0.939088, 0.911465, 0.939448, 0.924479
0.565952, 32.8074, 0.672516, 0.4, -0.00253563, 0.939083, 0.911461, 0.939444, 0.924474
0.566002, 32.8051, 0.672435, 0.4, -0.00253722, 0.939079, 0.911457, 0.939439, 0.92447
0.566052, 32.8028, 0.672354, 0.4, -0.0025388, 0.939074, 0.911453, 0.939435, 0.924465
0.566102, 32.8006, 0.672273, 0.4, -0.00254039, 0.939069, 0.911449, 0.939431, 0.924461
0.566152, 32.7983, 0.672192, 0.4, -0.00254197, 0.939064, 0.911445, 0.939427, 0.924457
0.566202, 32.796, 0.672111, 0.4, -0.00254356, 0.93906, 0.91144, 0.939422, 0.924452
0.566252, 32.7937, 0.67203, 0.4, -0.00254514, 0.939055, 0.911436, 0.939418, 0.924448
0.566302, 32.7914, 0.671949, 0.4, -0.00254672, 0.93905, 0.911432, 0.939414, 0.924444
0.566352, 32.7891, 0.671868, 0.4, -0.00254831, 0.939046, 0.911428, 0.93941, 0.924439
0.566402, 32.7868, 0.671787, 0.4, -0.00254989, 0.939041, 0.911424, 0.939405, 0.924435
0.566452, 32.7845, 0.671706, 0.4, -0.00255147, 0.939036, 0.91142, 0.939401, 0.92443
0.566502, 32.7822, 0.671625, 0.4, -0.00255305, 0.939032, 0.911416, 0.939397, 0.924426
0.566552, 32.7799, 0.671544, 0.4, -0.00255463, 0.939027, 0.911412, 0.939393, 0.924422
0.566602, 32.7776, 0.671463, 0.4, -0.00255621, 0.939022, 0.911408, 0.939388, 0.924417
0.566652, 32.7753, 0.671382, 0.4, -0.00255779, 0.939018, 0.911404, 0.939384, 0.924413
0.566702, 32.773, 0.671301, 0.4, -0.00255937, 0.939013, 0.9114, 0.93938, 0.924409
0.566752, 32.7707, 0.671221, 0.4, -0.00256095, 0.939009, 0.911395, 0.939376, 0.924404
0.566802, 32.7684, 0.67114, 0.4, -0.00256252, 0.939004, 0.911391, 0.939372, 0.9244
0.566852, 32.7661, 0.671059, 0.4, -0.0025641, 0.938999, 0.911387, 0.939367, 0.924396
0.566902, 32.7638, 0.670978, 0.4, -0.00256568, 0.938995, 0.911383, 0.939363, 0.924391
0.566952, 32.7615, 0.670897, 0.4, -0.00256726, 0.93899, 0.911379, 0.939359, 0.924387
0.567002, 32.7592, 0.670816, 0.4, -0.00256883, 0.938986, 0.911375, 0.939355, 0.924383
0.567052, 32.7569, 0.670735, 0.4, -0.00257041, 0.938981, 0.911371, 0.939351, 0.924378
0.567102, 32.7546, 0.670654, 0.4, -0.00257198, 0.938977, 0.911367, 0.939346, 0.924374
0.567152, 32.7522, 0.670573, 0.4, -0.00257356, 0.938972, 0.911363, 0.939342, 0.92437
0.567202, 32.7499, 0.670492, 0.4, -0.00257513, 0.938967, 0.911359, 0.939338, 0.924365
0.567252, 32.7476, 0.670411, 0.4, -0.00257671, 0.938963, 0.911355, 0.939334, 0.924361
0.567302, 32.7453, 0.67033, 0.4, -0.00257828, 0.938958, 0.911351, 0.93933, 0.924356
0.567352, 32.743, 0.67025, 0.4, -0.00257985, 0.938954, 0.911347, 0.939325, 0.924352
0.567402, 32.7406, 0.670169, 0.4, -0.00258142, 0.938949, 0.911343, 0.939321, 0.924348
0.567452, 32.7383, 0.670088, 0.4, -0.002583, 0.938945, 0.911339, 0.939317, 0.924343
0.567502, 32.736, 0.670007, 0.4, -0.00258457, 0.93894, 0.911335, 0.939313, 0.924339
0.567552, 32.7337, 0.669926, 0.4, -0.00258614, 0.938936, 0.911331, 0.939309, 0.924335
0.567602, 32.7313, 0.669845, 0.4, -0.00258771, 0.938931, 0.911327, 0.939304, 0.924331
0.567652, 32.729, 0.669765, 0.4, -0.00258928, 0.938927, 0.911323, 0.9393, 0.924326
0.567702, 32.7267, 0.669684, 0.4, -0.00259085, 0.938922, 0.911319, 0.939296, 0.924322
0.567752, 32.7243, 0.669603, 0.4, -0.00259242, 0.938918, 0.911315, 0.939292, 0.924318
0.567802, 32.722, 0.669522, 0.4, -0.00259399, 0.938913, 0.911311, 0.939288, 0.924313
0.567852, 32.7197, 0.669441, 0.4, -0.00259555, 0.938909, 0.911307, 0.939284, 0.924309
0.567902, 32.7173, 0.66936, 0.4, -0.00259712, 0.938904, 0.911303, 0.939279, 0.924305
0.567952, 32.715, 0.66928, 0.4, -0.00259869, 0.9389, 0.911299, 0.939275, 0.9243
0.568002, 32.7127, 0.669199, 0.4, -0.00260025, 0.938895, 0.911295, 0.939271, 0.924296
0.568052, 32.7103, 0.669118, 0.4, -0.00260182, 0.938891, 0.911291, 0.939267, 0.924292
0.568102, 32.708, 0.669037, 0.4, -0.00260339, 0.938886, 0.911287, 0.939263, 0.924288
0.568152, 32.7056, 0.668956, 0.4, -0.00260495, 0.938882, 0.911283, 0.939259, 0.924283
0.568202, 32.7033, 0.668876, 0.4, -0.00260652, 0.938877, 0.911279, 0.939254, 0.924279
0.568252, 32.7009, 0.668795, 0.4, -0.00260808, 0.938873, 0.911275, 0.93925, 0.924275
0.568302, 32.6986, 0.668714, 0.4, -0.00260964, 0.938869, 0.911271, 0.939246, 0.924271
0.568352, 32.6962, 0.668633, 0.4, -0.00261121, 0.938864, 0.911267, 0.939242, 0.924266
0.568402, 32.6939, 0.668552, 0.4, -0.00261277, 0.93886, 0.911263, 0.939238, 0.924262
0.568452, 32.6915, 0.668472, 0.4, -0.00261433, 0.938855, 0.911259, 0.939234, 0.924258
0.568502, 32.6892, 0.668391, 0.4, -0.00261589, 0.938851, 0.911255, 0.93923, 0.924254
0.568552, 32.6868, 0.66831, 0.4, -0.00261745, 0.938847, 0.911251, 0.939225, 0.924249
0.568602, 32.6845, 0.66823, 0.4, -0.00261902, 0.938842, 0.911247, 0.939221, 0.924245
0.568652, 32.6821, 0.668149, 0.4, -0.00262058, 0.938838, 0.911243, 0.939217, 0.924241
0.568702, 32.6798, 0.668068, 0.4, -0.00262214, 0.938833, 0.911239, 0.939213, 0.924237
0.568752, 32.6774, 0.667987, 0.4, -0.0026237, 0.938829, 0.911235, 0.939209, 0.924232
0.568802, 32.675, 0.667907, 0.4, -0.00262525, 0.938825, 0.911231, 0.939205, 0.924228
0.568852, 32.6727, 0.667826, 0.4, -0.00262681, 0.93882, 0.911227, 0.939201, 0.924224
0.568902, 32.6703, 0.667745, 0.4, -0.00262837, 0.938816, 0.911223, 0.939196, 0.92422
0.568952, 32.6679, 0.667665, 0.4, -0.00262993, 0.938812, 0.91122, 0.939192, 0.924215
0.569002, 32.6656, 0.667584, 0.4, -0.00263149, 0.938807, 0.911216, 0.939188, 0.924211
0.569052, 32.6632, 0.667503, 0.4, -0.00263304, 0.938803, 0.911212, 0.939184, 0.924207
0.569102, 32.6608, 0.667422, 0.4, -0.0026346, 0.938799, 0.911208, 0.93918, 0.924203
0.569152, 32.6585, 0.667342, 0.4, -0.00263615, 0.938794, 0.911204, 0.939176, 0.924198
0.569202, 32.6561, 0.667261, 0.4, -0.00263771, 0.93879, 0.9112, 0.939172, 0.924194
0.569252, 32.6537, 0.66718, 0.4, -0.00263926, 0.938786, 0.911196, 0.939168, 0.92419
0.569302, 32.6513, 0.6671, 0.4, -0.00264082, 0.938781, 0.911192, 0.939164, 0.924186
0.569352, 32.649, 0.667019, 0.4, -0.00264237, 0.938777, 0.911188, 0.93916, 0.924182
0.569402, 32.6466, 0.666938, 0.4, -0.00264392, 0.938773, 0.911184, 0.939155, 0.924177
0.569452, 32.6442, 0.666858, 0.4, -0.00264548, 0.938769, 0.91118, 0.939151, 0.924173
0.569502, 32.6418, 0.666777, 0.4, -0.00264703, 0.938764, 0.911177, 0.939147, 0.924169
0.569552, 32.6394, 0.666696, 0.4, -0.00264858, 0.93876, 0.911173, 0.939143, 0.924165
0.569602, 32.6371, 0.666616, 0.4, -0.00265013, 0.938756, 0.911169, 0.939139, 0.924161
0.569652, 32.6347, 0.666535, 0.4, -0.00265168, 0.938751, 0.911165, 0.939135, 0.924156
0.569702, 32.6323, 0.666455, 0.4, -0.00265323, 0.938747, 0.911161, 0.939131, 0.924152
0.569752, 32.6299, 0.666374, 0.4, -0.00265478, 0.938743, 0.911157, 0.939127, 0.924148
0.569802, 32.6275, 0.666293, 0.4, -0.00265633, 0.938739, 0.911153, 0.939123, 0.924144
0.569852, 32.6251, 0.666213, 0.4, -0.00265788, 0.938734, 0.91115, 0.939119, 0.92414
0.569902, 32.6227, 0.666132, 0.4, -0.00265943, 0.93873, 0.911146, 0.939114, 0.924135
0.569952, 32.6203, 0.666052, 0.4, -0.00266098, 0.938726, 0.911142, 0.93911, 0.924131
0.570002, 32.6179, 0.665971, 0.4, -0.00266253, 0.938722, 0.911138, 0.939106, 0.924127
0.570052, 32.6155, 0.66589, 0.4, -0.00266407, 0.938717, 0.911134, 0.939102, 0.924123
0.570102, 32.6131, 0.66581, 0.4, -0.00266562, 0.938713, 0.91113, 0.939098, 0.924119
0.570152, 32.6107, 0.665729, 0.4, -0.00266717, 0.938709, 0.911126, 0.939094, 0.924114
0.570202, 32.6083, 0.665649, 0.4, -0.00266871, 0.938705, 0.911123, 0.93909, 0.92411
0.570252, 32.6059, 0.665568, 0.4, -0.00267026, 0.938701, 0.911119, 0.939086, 0.924106
0.570302, 32.6035, 0.665487, 0.4, -0.0026718, 0.938696, 0.911115, 0.939082, 0.924102
0.570352, 32.6011, 0.665407, 0.4, -0.00267335, 0.938692, 0.911111, 0.939078, 0.924098
0.570402, 32.5987, 0.665326, 0.4, -0.00267489, 0.938688, 0.911107, 0.939074, 0.924094
0.570452, 32.5963, 0.665246, 0.4, -0.00267643, 0.938684, 0.911103, 0.93907, 0.92409
0.570502, 32.5939, 0.665165, 0.4, -0.00267798, 0.93868, 0.9111, 0.939066, 0.924085
0.570552, 32.5915, 0.665085, 0.4, -0.00267952, 0.938676, 0.911096, 0.939062, 0.924081
0.570602, 32.5891, 0.665004, 0.4, -0.00268106, 0.938671, 0.911092, 0.939058, 0.924077
0.570652, 32.5867, 0.664924, 0.4, -0.0026826, 0.938667, 0.911088, 0.939053, 0.924073
0.570702, 32.5842, 0.664843, 0.4, -0.00268414, 0.938663, 0.911084, 0.939049, 0.924069
0.570753, 32.5818, 0.664763, 0.4, -0.00268568, 0.938659, 0.91108, 0.939045, 0.924065
0.570803, 32.5794, 0.664682, 0.4, -0.00268722, 0.938655, 0.911077, 0.939041, 0.924061
0.570853, 32.577, 0.664602, 0.4, -0.00268876, 0.938651, 0.911073, 0.939037, 0.924056
0.570903, 32.5746, 0.664521, 0.4, -0.0026903, 0.938647, 0.911069, 0.939033, 0.924052
0.570953, 32.5721, 0.66444, 0.4, -0.00269184, 0.938642, 0.911065, 0.939029, 0.924048
0.571003, 32.5697, 0.66436, 0.4, -0.00269338, 0.938638, 0.911061, 0.939025, 0.924044
0.571053, 32.5673, 0.664279, 0.4, -0.00269492, 0.938634, 0.911058, 0.939021, 0.92404
0.571103, 32.5649, 0.664199, 0.4, -0.00269645, 0.93863, 0.911054, 0.939017, 0.924036
0.571153, 32.5624, 0.664118, 0.4, -0.00269799, 0.938626, 0.91105, 0.939013, 0.924032
0.571203, 32.56, 0.664038, 0.4, -0.00269953, 0.938622, 0.911046, 0.939009, 0.924028
0.571253, 32.5576, 0.663957, 0.4, -0.00270106, 0.938618, 0.911043, 0.939005, 0.924024
0.571303, 32.5552, 0.663877, 0.4, -0.0027026, 0.938614, 0.911039, 0.939001, 0.924019
0.571353, 32.5527, 0.663797, 0.4, -0.00270413, 0.93861, 0.911035, 0.938997, 0.924015
0.571403, 32.5503, 0.663716, 0.4, -0.00270567, 0.938606, 0.911031, 0.938993, 0.924011
0.571453, 32.5479, 0.663635, 0.4, -0.0027072, 0.938602, 0.911027, 0.938989, 0.924007
0.571503, 32.5454, 0.663555, 0.4, -0.00270873, 0.938598, 0.911024, 0.938985, 0.924003
0.571553, 32.543, 0.663475, 0.4, -0.00271027, 0.938594, 0.91102, 0.938981, 0.923999
0.571603, 32.5405, 0.663394, 0.4, -0.0027118, 0.93859, 0.911016, 0.938977, 0.923995
0.571653, 32.5381, 0.663314, 0.4, -0.00271333, 0.938586, 0.911013, 0.938973, 0.923991
0.571703, 32.5357, 0.663233, 0.4, -0.00271486, 0.938582, 0.911009, 0.938969, 0.923987
0.571753, 32.5332, 0.663153, 0.4, -0.00271639, 0.938578, 0.911005, 0.938965, 0.923983
0.571803, 32.5308, 0.663072, 0.4, -0.00271792, 0.938574, 0.911001, 0.938961, 0.923979
0.571853, 32.5283, 0.662992, 0.4, -0.00271945, 0.93857, 0.910998, 0.938957, 0.923974
0.571903, 32.5259, 0.662911, 0.4, -0.00272098, 0.938566, 0.910994, 0.938953, 0.92397
0.571953, 32.5234, 0.662831, 0.4, -0.00272251, 0.938561, 0.91099, 0.938949, 0.923966
0.572003, 32.521, 0.662751, 0.4, -0.00272404, 0.938558, 0.910986, 0.938945, 0.923962
0.572053, 32.5185, 0.66267, 0.4, -0.00272557, 0.938553, 0.910983, 0.938941, 0.923958
0.572103, 32.5161, 0.66259, 0.4, -0.0027271, 0.938549, 0.910979, 0.938937, 0.923954
0.572153, 32.5136, 0.662509, 0.4, -0.00272862, 0.938546, 0.910975, 0.938933, 0.92395
0.572203, 32.5112, 0.662429, 0.4, -0.00273015, 0.938541, 0.910971, 0.938929, 0.923946
0.572253, 32.5087, 0.662348, 0.4, -0.00273168, 0.938537, 0.910968, 0.938925, 0.923942
0.572303, 32.5062, 0.662268, 0.4, -0.0027332, 0.938534, 0.910964, 0.938921, 0.923938
0.572353, 32.5038, 0.662188, 0.4, -0.00273473, 0.93853, 0.91096, 0.938917, 0.923934
0.572403, 32.5013, 0.662107, 0.4, -0.00273625, 0.938526, 0.910957, 0.938913, 0.92393
0.572453, 32.4989, 0.662027, 0.4, -0.00273778, 0.938522, 0.910953, 0.938909, 0.923926
0.572503, 32.4964, 0.661946, 0.4, -0.0027393, 0.938518, 0.910949, 0.938905, 0.923921
0.572553, 32.4939, 0.661866, 0.4, -0.00274082, 0.938514, 0.910946, 0.938901, 0.923917
0.572603, 32.4915, 0.661786, 0.4, -0.00274235, 0.93851, 0.910942, 0.938897, 0.923913
0.572653, 32.489, 0.661705, 0.4, -0.00274387, 0.938506, 0.910938, 0.938893, 0.923909
0.572703, 32.4865, 0.661625, 0.4, -0.00274539, 0.938502, 0.910934, 0.938889, 0.923905
0.572753, 32.484, 0.661544, 0.4, -0.00274691, 0.938498, 0.910931, 0.938885, 0.923901
0.572803, 32.4816, 0.661464, 0.4, -0.00274843, 0.938494, 0.910927, 0.938881, 0.923897
0.572853, 32.4791, 0.661384, 0.4, -0.00274995, 0.93849, 0.910923, 0.938877, 0.923893
0.572903, 32.4766, 0.661303, 0.4, -0.00275147, 0.938486, 0.91092, 0.938873, 0.923889
0.572953, 32.4741, 0.661223, 0.4, -0.00275299, 0.938483, 0.910916, 0.938869, 0.923885
0.573003, 32.4717, 0.661143, 0.4, -0.00275451, 0.938479, 0.910912, 0.938865, 0.923881
0.573053, 32.4692, 0.661062, 0.4, -0.00275603, 0.938475, 0.910909, 0.938861, 0.923877
0.573103, 32.4667, 0.660982, 0.4, -0.00275755, 0.938471, 0.910905, 0.938857, 0.923873
0.573153, 32.4642, 0.660901, 0.4, -0.00275907, 0.938467, 0.910901, 0.938853, 0.923869
0.573203, 32.4617, 0.660821, 0.4, -0.00276059, 0.938463, 0.910898, 0.93885, 0.923865
0.573253, 32.4592, 0.660741, 0.4, -0.0027621, 0.938459, 0.910894, 0.938846, 0.923861
0.573303, 32.4568, 0.66066, 0.4, -0.00276362, 0.938455, 0.91089, 0.938842, 0.923857
0.573353, 32.4543, 0.66058, 0.4, -0.00276514, 0.938452, 0.910887, 0.938838, 0.923853
0.573403, 32.4518, 0.6605, 0.4, -0.00276665, 0.938448, 0.910883, 0.938834, 0.923849
0.573453, 32.4493, 0.660419, 0.4, -0.00276817, 0.938444, 0.910879, 0.93883, 0.923845
0.573503, 32.4468, 0.660339, 0.4, -0.00276968, 0.93844, 0.910876, 0.938826, 0.923841
0.573553, 32.4443, 0.660259, 0.4, -0.00277119, 0.938436, 0.910872, 0.938822, 0.923837
0.573603, 32.4418, 0.660178, 0.4, -0.00277271, 0.938432, 0.910869, 0.938818, 0.923833
0.573653, 32.4393, 0.660098, 0.4, -0.00277422, 0.938429, 0.910865, 0.938814, 0.923829
0.573703, 32.4368, 0.660018, 0.4, -0.00277573, 0.938425, 0.910861, 0.93881, 0.923825
0.573753, 32.4343, 0.659938, 0.4, -0.00277724, 0.938421, 0.910858, 0.938806, 0.923821
0.573803, 32.4318, 0.659857, 0.4, -0.00277876, 0.938417, 0.910854, 0.938802, 0.923817
0.573853, 32.4293, 0.659777, 0.4, -0.00278027, 0.938413, 0.91085, 0.938798, 0.923813
0.573903, 32.4268, 0.659697, 0.4, -0.00278178, 0.93841, 0.910847, 0.938794, 0.923809
0.573953, 32.4243, 0.659616, 0.4, -0.00278329, 0.938406, 0.910843, 0.93879, 0.923805
0.574003, 32.4218, 0.659536, 0.4, -0.0027848, 0.938402, 0.91084, 0.938787, 0.923801
0.574053, 32.4193, 0.659456, 0.4, -0.00278631, 0.938398, 0.910836, 0.938783, 0.923797
0.574103, 32.4168, 0.659376, 0.4, -0.00278782, 0.938394, 0.910832, 0.938779, 0.923793
0.574153, 32.4143, 0.659295, 0.4, -0.00278932, 0.938391, 0.910829, 0.938775, 0.923789
0.574203, 32.4118, 0.659215, 0.4, -0.00279083, 0.938387, 0.910825, 0.938771, 0.923785
0.574253, 32.4093, 0.659135, 0.4, -0.00279234, 0.938383, 0.910822, 0.938767, 0.923781
0.574303, 32.4067, 0.659054, 0.4, -0.00279385, 0.938379, 0.910818, 0.938763, 0.923777
0.574353, 32.4042, 0.658974, 0.4, -0.00279535, 0.938376, 0.910814, 0.938759, 0.923773
0.574403, 32.4017, 0.658894, 0.4, -0.00279686, 0.938372, 0.910811, 0.938755, 0.923769
0.574453, 32.3992, 0.658814, 0.4, -0.00279836, 0.938368, 0.910807, 0.938751, 0.923765
0.574503, 32.3967, 0.658733, 0.4, -0.00279987, 0.938365, 0.910804, 0.938747, 0.923761
0.574553, 32.3942, 0.658653, 0.4, -0.00280137, 0.938361, 0.9108, 0.938744, 0.923758
0.574603, 32.3916, 0.658573, 0.4, -0.00280288, 0.938357, 0.910796, 0.93874, 0.923754
0.574653, 32.3891, 0.658493, 0.4, -0.00280438, 0.938353, 0.910793, 0.938736, 0.92375
0.574703, 32.3866, 0.658412, 0.4, -0.00280588, 0.93835, 0.910789, 0.938732, 0.923746
0.574753, 32.3841, 0.658332, 0.4, -0.00280739, 0.938346, 0.910786, 0.938728, 0.923742
0.574803, 32.3815, 0.658252, 0.4, -0.00280889, 0.938342, 0.910782, 0.938724, 0.923738
0.574853, 32.379, 0.658172, 0.4, -0.00281039, 0.938339, 0.910779, 0.93872, 0.923734
0.574903, 32.3765, 0.658092, 0.4, -0.00281189, 0.938335, 0.910775, 0.938716, 0.92373
0.574953, 32.3739, 0.658011, 0.4, -0.00281339, 0.938331, 0.910771, 0.938712, 0.923726
0.575003, 32.3714, 0.657931, 0.4, -0.00281489, 0.938327, 0.910768, 0.938708, 0.923722
0.575053, 32.3689, 0.657851, 0.4, -0.00281639, 0.938324, 0.910764, 0.938705, 0.923718
0.575103, 32.3663, 0.657771, 0.4, -0.00281789, 0.93832, 0.910761, 0.938701, 0.923714
0.575153, 32.3638, 0.65769, 0.4, -0.00281939, 0.938316, 0.910757, 0.938697, 0.92371
0.575203, 32.3613, 0.65761, 0.4, -0.00282089, 0.938313, 0.910754, 0.938693, 0.923706
0.575253, 32.3587, 0.65753, 0.4, -0.00282239, 0.938309, 0.91075, 0.938689, 0.923702
0.575303, 32.3562, 0.65745, 0.4, -0.00282388, 0.938306, 0.910747, 0.938685, 0.923699
0.575353, 32.3536, 0.65737, 0.4, -0.00282538, 0.938302, 0.910743, 0.938681, 0.923695
0.575403, 32.3511, 0.65729, 0.4, -0.00282688, 0.938298, 0.91074, 0.938677, 0.923691
0.575453, 32.3486, 0.65721, 0.4, -0.00282837, 0.938295, 0.910736, 0.938674, 0.923687
0.575503, 32.346, 0.657129, 0.4, -0.00282987, 0.938291, 0.910733, 0.93867, 0.923683
0.575553, 32.3435, 0.657049, 0.4, -0.00283136, 0.938287, 0.910729, 0.938666, 0.923679
0.575603, 32.3409, 0.656969, 0.4, -0.00283286, 0.938284, 0.910726, 0.938662, 0.923675
0.575653, 32.3384, 0.656889, 0.4, -0.00283435, 0.93828, 0.910722, 0.938658, 0.923671
0.575703, 32.3358, 0.656808, 0.4, -0.00283585, 0.938277, 0.910719, 0.938654, 0.923667
0.575753, 32.3333, 0.656728, 0.4, -0.00283734, 0.938273, 0.910715, 0.93865, 0.923663
0.575803, 32.3307, 0.656648, 0.4, -0.00283883, 0.938269, 0.910712, 0.938647, 0.92366
0.575853, 32.3281, 0.656568, 0.4, -0.00284032, 0.938266, 0.910708, 0.938643, 0.923656
0.575903, 32.3256, 0.656488, 0.4, -0.00284182, 0.938262, 0.910705, 0.938639, 0.923652
0.575953, 32.323, 0.656408, 0.4, -0.00284331, 0.938259, 0.910701, 0.938635, 0.923648
0.576003, 32.3205, 0.656327, 0.4, -0.0028448, 0.938255, 0.910698, 0.938631, 0.923644
0.576053, 32.3179, 0.656247, 0.4, -0.00284629, 0.938252, 0.910694, 0.938627, 0.92364
0.576103, 32.3153, 0.656167, 0.4, -0.00284778, 0.938248, 0.910691, 0.938623, 0.923636
0.576153, 32.3128, 0.656087, 0.4, -0.00284927, 0.938244, 0.910687, 0.93862, 0.923632
0.576203, 32.3102, 0.656007, 0.4, -0.00285076, 0.938241, 0.910684, 0.938616, 0.923628
0.576253, 32.3077, 0.655927, 0.4, -0.00285224, 0.938237, 0.91068, 0.938612, 0.923625
0.576303, 32.3051, 0.655847, 0.4, -0.00285373, 0.938234, 0.910677, 0.938608, 0.923621
0.576353, 32.3025, 0.655767, 0.4, -0.00285522, 0.93823, 0.910673, 0.938604, 0.923617
0.576403, 32.2999, 0.655686, 0.4, -0.00285671, 0.938227, 0.91067, 0.9386, 0.923613
0.576453, 32.2974, 0.655606, 0.4, -0.00285819, 0.938223, 0.910666, 0.938597, 0.923609
0.576503, 32.2948, 0.655526, 0.4, -0.00285968, 0.93822, 0.910663, 0.938593, 0.923605
0.576553, 32.2922, 0.655446, 0.4, -0.00286117, 0.938216, 0.910659, 0.938589, 0.923601
0.576603, 32.2897, 0.655366, 0.4, -0.00286265, 0.938213, 0.910656, 0.938585, 0.923598
0.576653, 32.2871, 0.655286, 0.4, -0.00286414, 0.938209, 0.910652, 0.938581, 0.923594
0.576703, 32.2845, 0.655206, 0.4, -0.00286562, 0.938206, 0.910649, 0.938578, 0.92359
0.576753, 32.2819, 0.655126, 0.4, -0.0028671, 0.938202, 0.910645, 0.938574, 0.923586
0.576804, 32.2793, 0.655046, 0.4, -0.00286859, 0.938199, 0.910642, 0.93857, 0.923582
0.576854, 32.2768, 0.654965, 0.4, -0.00287007, 0.938195, 0.910639, 0.938566, 0.923578
0.576904, 32.2742, 0.654885, 0.4, -0.00287155, 0.938192, 0.910635, 0.938562, 0.923574
0.576954, 32.2716, 0.654805, 0.4, -0.00287303, 0.938188, 0.910632, 0.938558, 0.923571
0.577004, 32.269, 0.654725, 0.4, -0.00287452, 0.938185, 0.910628, 0.938555, 0.923567
0.577054, 32.2664, 0.654645, 0.4, -0.002876, 0.938182, 0.910625, 0.938551, 0.923563
0.577104, 32.2638, 0.654565, 0.4, -0.00287748, 0.938178, 0.910621, 0.938547, 0.923559
0.577154, 32.2612, 0.654485, 0.4, -0.00287896, 0.938174, 0.910618, 0.938543, 0.923555
0.577204, 32.2586, 0.654405, 0.4, -0.00288044, 0.938171, 0.910615, 0.938539, 0.923551
0.577254, 32.256, 0.654325, 0.4, -0.00288192, 0.938168, 0.910611, 0.938536, 0.923548
0.577304, 32.2535, 0.654245, 0.4, -0.00288339, 0.938164, 0.910608, 0.938532, 0.923544
0.577354, 32.2509, 0.654164, 0.4, -0.00288487, 0.938161, 0.910604, 0.938528, 0.92354
0.577404, 32.2483, 0.654085, 0.4, -0.00288635, 0.938157, 0.910601, 0.938524, 0.923536
0.577454, 32.2457, 0.654004, 0.4, -0.00288783, 0.938154, 0.910597, 0.93852, 0.923532
0.577504, 32.2431, 0.653924, 0.4, -0.0028893, 0.938151, 0.910594, 0.938517, 0.923528
0.577554, 32.2405, 0.653844, 0.4, -0.00289078, 0.938147, 0.910591, 0.938513, 0.923525
0.577604, 32.2379, 0.653764, 0.4, -0.00289225, 0.938144, 0.910587, 0.938509, 0.923521
0.577654, 32.2353, 0.653684, 0.4, -0.00289373, 0.93814, 0.910584, 0.938505, 0.923517
0.577704, 32.2327, 0.653604, 0.4, -0.0028952, 0.938137, 0.91058, 0.938501, 0.923513
0.577754, 32.23, 0.653524, 0.4, -0.00289668, 0.938134, 0.910577, 0.938498, 0.923509
0.577804, 32.2274, 0.653444, 0.4, -0.00289815, 0.93813, 0.910574, 0.938494, 0.923506
0.577854, 32.2248, 0.653364, 0.4, -0.00289963, 0.938127, 0.91057, 0.93849, 0.923502
0.577904, 32.2222, 0.653284, 0.4, -0.0029011, 0.938123, 0.910567, 0.938486, 0.923498
0.577954, 32.2196, 0.653204, 0.4, -0.00290257, 0.93812, 0.910563, 0.938482, 0.923494
0.578004, 32.217, 0.653124, 0.4, -0.00290404, 0.938117, 0.91056, 0.938479, 0.92349
0.578054, 32.2144, 0.653044, 0.4, -0.00290551, 0.938113, 0.910557, 0.938475, 0.923487
0.578104, 32.2118, 0.652964, 0.4, -0.00290699, 0.93811, 0.910553, 0.938471, 0.923483
0.578154, 32.2091, 0.652884, 0.4, -0.00290846, 0.938107, 0.91055, 0.938467, 0.923479
0.578204, 32.2065, 0.652804, 0.4, -0.00290993, 0.938103, 0.910547, 0.938464, 0.923475
0.578254, 32.2039, 0.652724, 0.4, -0.0029114, 0.9381, 0.910543, 0.93846, 0.923472
0.578304, 32.2013, 0.652644, 0.4, -0.00291287, 0.938097, 0.91054, 0.938456, 0.923468
0.578354, 32.1987, 0.652564, 0.4, -0.00291433, 0.938093, 0.910536, 0.938452, 0.923464
0.578404, 32.196, 0.652484, 0.4, -0.0029158, 0.93809, 0.910533, 0.938448, 0.92346
0.578454, 32.1934, 0.652404, 0.4, -0.00291727, 0.938087, 0.91053, 0.938445, 0.923456
0.578504, 32.1908, 0.652324, 0.4, -0.00291874, 0.938083, 0.910526, 0.938441, 0.923453
0.578554, 32.1882, 0.652244, 0.4, -0.0029202, 0.93808, 0.910523, 0.938437, 0.923449
0.578604, 32.1855, 0.652164, 0.4, -0.00292167, 0.938077, 0.91052, 0.938433, 0.923445
0.578654, 32.1829, 0.652084, 0.4, -0.00292314, 0.938073, 0.910516, 0.93843, 0.923441
0.578704, 32.1803, 0.652004, 0.4, -0.0029246, 0.93807, 0.910513, 0.938426, 0.923438
0.578754, 32.1776, 0.651924, 0.4, -0.00292607, 0.938067, 0.91051, 0.938422, 0.923434
0.578804, 32.175, 0.651844, 0.4, -0.00292753, 0.938064, 0.910506, 0.938418, 0.92343
0.578854, 32.1724, 0.651764, 0.4, -0.002929, 0.93806, 0.910503, 0.938415, 0.923426
0.578904, 32.1697, 0.651684, 0.4, -0.00293046, 0.938057, 0.9105, 0.938411, 0.923423
0.578954, 32.1671, 0.651604, 0.4, -0.00293192, 0.938054, 0.910496, 0.938407, 0.923419
0.579004, 32.1645, 0.651523, 0.4, -0.00293338, 0.93805, 0.910493, 0.938403, 0.923415
0.579054, 32.1618, 0.651444, 0.4, -0.00293485, 0.938047, 0.91049, 0.9384, 0.923411
0.579104, 32.1592, 0.651364, 0.4, -0.00293631, 0.938044, 0.910486, 0.938396, 0.923408
0.579154, 32.1565, 0.651284, 0.4, -0.00293777, 0.938041, 0.910483, 0.938392, 0.923404
0.579204, 32.1539, 0.651204, 0.4, -0.00293923, 0.938037, 0.91048, 0.938388, 0.9234
0.579254, 32.1512, 0.651124, 0.4, -0.00294069, 0.938034, 0.910476, 0.938385, 0.923396
0.579304, 32.1486, 0.651044, 0.4, -0.00294215, 0.938031, 0.910473, 0.938381, 0.923393
0.579354, 32.1459, 0.650964, 0.4, -0.00294361, 0.938028, 0.91047, 0.938377, 0.923389
0.579404, 32.1433, 0.650884, 0.4, -0.00294507, 0.938025, 0.910466, 0.938374, 0.923385
0.579454, 32.1406, 0.650804, 0.4, -0.00294653, 0.938021, 0.910463, 0.93837, 0.923381
0.579504, 32.138, 0.650724, 0.4, -0.00294798, 0.938018, 0.91046, 0.938366, 0.923378
0.579554, 32.1353, 0.650644, 0.4, -0.00294944, 0.938015, 0.910456, 0.938362, 0.923374
0.579604, 32.1327, 0.650564, 0.4, -0.0029509, 0.938012, 0.910453, 0.938359, 0.92337
0.579654, 32.13, 0.650484, 0.4, -0.00295235, 0.938008, 0.91045, 0.938355, 0.923366
0.579704, 32.1274, 0.650404, 0.4, -0.00295381, 0.938005, 0.910447, 0.938351, 0.923363
0.579754, 32.1247, 0.650324, 0.4, -0.00295527, 0.938002, 0.910443, 0.938347, 0.923359
0.579804, 32.122, 0.650244, 0.4, -0.00295672, 0.937999, 0.91044, 0.938344, 0.923355
0.579854, 32.1194, 0.650164, 0.4, -0.00295817, 0.937996, 0.910437, 0.93834, 0.923352
0.579904, 32.1167, 0.650084, 0.4, -0.00295963, 0.937992, 0.910433, 0.938336, 0.923348
0.579954, 32.1141, 0.650004, 0.4, -0.00296108, 0.937989, 0.91043, 0.938332, 0.923344
0.580004, 32.1114, 0.649924, 0.4, -0.00296254, 0.937986, 0.910427, 0.938329, 0.92334
0.580054, 32.1087, 0.649844, 0.4, -0.00296399, 0.937983, 0.910424, 0.938325, 0.923337
0.580104, 32.1061, 0.649764, 0.4, -0.00296544, 0.93798, 0.91042, 0.938321, 0.923333
0.580154, 32.1034, 0.649684, 0.4, -0.00296689, 0.937977, 0.910417, 0.938318, 0.923329
0.580204, 32.1007, 0.649604, 0.4, -0.00296834, 0.937973, 0.910414, 0.938314, 0.923326
0.580254, 32.098, 0.649525, 0.4, -0.00296979, 0.93797, 0.91041, 0.93831, 0.923322
0.580304, 32.0954, 0.649445, 0.4, -0.00297124, 0.937967, 0.910407, 0.938307, 0.923318
0.580354, 32.0927, 0.649365, 0.4, -0.00297269, 0.937964, 0.910404, 0.938303, 0.923315
0.580404, 32.09, 0.649285, 0.4, -0.00297414, 0.937961, 0.910401, 0.938299, 0.923311
0.580454, 32.0873, 0.649205, 0.4, -0.00297559, 0.937958, 0.910397, 0.938295, 0.923307
0.580504, 32.0847, 0.649125, 0.4, -0.00297704, 0.937955, 0.910394, 0.938292, 0.923303
0.580554, 32.082, 0.649045, 0.4, -0.00297849, 0.937952, 0.910391, 0.938288, 0.9233
0.580604, 32.0793, 0.648965, 0.4, -0.00297994, 0.937948, 0.910388, 0.938284, 0.923296
0.580654, 32.0766, 0.648885, 0.4, -0.00298138, 0.937945, 0.910384, 0.938281, 0.923292
0.580704, 32.0739, 0.648805, 0.4, -0.00298283, 0.937942, 0.910381, 0.938277, 0.923289
0.580754, 32.0713, 0.648725, 0.4, -0.00298428, 0.937939, 0.910378, 0.938273, 0.923285
0.580804, 32.0686, 0.648646, 0.4, -0.00298572, 0.937936, 0.910375, 0.93827, 0.923281
0.580854, 32.0659, 0.648566, 0.4, -0.00298717, 0.937933, 0.910371, 0.938266, 0.923278
0.580904, 32.0632, 0.648486, 0.4, -0.00298861, 0.93793, 0.910368, 0.938262, 0.923274
0.580954, 32.0605, 0.648406, 0.4, -0.00299006, 0.937927, 0.910365, 0.938259, 0.92327
0.581004, 32.0578, 0.648326, 0.4, -0.0029915, 0.937924, 0.910362, 0.938255, 0.923267
0.581054, 32.0551, 0.648246, 0.4, -0.00299294, 0.937921, 0.910358, 0.938251, 0.923263
0.581104, 32.0524, 0.648166, 0.4, -0.00299439, 0.937918, 0.910355, 0.938248, 0.923259
0.581154, 32.0497, 0.648086, 0.4, -0.00299583, 0.937914, 0.910352, 0.938244, 0.923256
0.581204, 32.047, 0.648006, 0.4, -0.00299727, 0.937911, 0.910349, 0.93824, 0.923252
0.581254, 32.0443, 0.647926, 0.4, -0.00299871, 0.937908, 0.910346, 0.938236, 0.923248
0.581304, 32.0416, 0.647846, 0.4, -0.00300015, 0.937905, 0.910342, 0.938233, 0.923245
0.581354, 32.0389, 0.647766, 0.4, -0.00300159, 0.937902, 0.910339, 0.938229, 0.923241
0.581404, 32.0362, 0.647687, 0.4, -0.00300303, 0.937899, 0.910336, 0.938225, 0.923237
0.581454, 32.0335, 0.647607, 0.4, -0.00300447, 0.937896, 0.910333, 0.938222, 0.923234
0.581504, 32.0308, 0.647527, 0.4, -0.00300591, 0.937893, 0.91033, 0.938218, 0.92323
0.581554, 32.0281, 0.647447, 0.4, -0.00300735, 0.93789, 0.910326, 0.938214, 0.923226
0.581604, 32.0254, 0.647367, 0.4, -0.00300879, 0.937887, 0.910323, 0.938211, 0.923223
0.581654, 32.0227, 0.647287, 0.4, -0.00301023, 0.937884, 0.91032, 0.938207, 0.923219
0.581704, 32.02, 0.647207, 0.4, -0.00301166, 0.937881, 0.910317, 0.938203, 0.923215
0.581754, 32.0173, 0.647127, 0.4, -0.0030131, 0.937878, 0.910314, 0.9382, 0.923212
0.581804, 32.0146, 0.647047, 0.4, -0.00301454, 0.937875, 0.91031, 0.938196, 0.923208
0.581854, 32.0118, 0.646968, 0.4, -0.00301597, 0.937872, 0.910307, 0.938192, 0.923204
0.581904, 32.0091, 0.646888, 0.4, -0.00301741, 0.937869, 0.910304, 0.938189, 0.923201
0.581954, 32.0064, 0.646808, 0.4, -0.00301884, 0.937866, 0.910301, 0.938185, 0.923197
0.582004, 32.0037, 0.646728, 0.4, -0.00302028, 0.937863, 0.910298, 0.938181, 0.923194
0.582054, 32.001, 0.646648, 0.4, -0.00302171, 0.93786, 0.910294, 0.938178, 0.92319
0.582104, 31.9983, 0.646568, 0.4, -0.00302314, 0.937857, 0.910291, 0.938174, 0.923186
0.582154, 31.9955, 0.646488, 0.4, -0.00302458, 0.937854, 0.910288, 0.93817, 0.923183
0.582204, 31.9928, 0.646409, 0.4, -0.00302601, 0.937851, 0.910285, 0.938167, 0.923179
0.582254, 31.9901, 0.646329, 0.4, -0.00302744, 0.937848, 0.910282, 0.938163, 0.923176
0.582304, 31.9874, 0.646249, 0.4, -0.00302887, 0.937845, 0.910279, 0.93816, 0.923172
0.582354, 31.9846, 0.646169, 0.4, -0.0030303, 0.937842, 0.910276, 0.938156, 0.923168
0.582404, 31.9819, 0.646089, 0.4, -0.00303173, 0.93784, 0.910272, 0.938152, 0.923165
0.582454, 31.9792, 0.646009, 0.4, -0.00303316, 0.937837, 0.910269, 0.938149, 0.923161
0.582504, 31.9764, 0.645929, 0.4, -0.00303459, 0.937834, 0.910266, 0.938145, 0.923157
0.582554, 31.9737, 0.64585, 0.4, -0.00303602, 0.937831, 0.910263, 0.938141, 0.923154
0.582604, 31.971, 0.64577, 0.4, -0.00303745, 0.937828, 0.91026, 0.938138, 0.92315
0.582654, 31.9683, 0.64569, 0.4, -0.00303888, 0.937825, 0.910257, 0.938134, 0.923147
0.582704, 31.9655, 0.64561, 0.4, -0.00304031, 0.937822, 0.910253, 0.93813, 0.923143
0.582754, 31.9628, 0.64553, 0.4, -0.00304173, 0.937819, 0.91025, 0.938127, 0.923139
0.582805, 31.96, 0.64545, 0.4, -0.00304316, 0.937816, 0.910247, 0.938123, 0.923136
0.582855, 31.9573, 0.645371, 0.4, -0.00304459, 0.937813, 0.910244, 0.93812, 0.923132
0.582905, 31.9546, 0.645291, 0.4, -0.00304601, 0.93781, 0.910241, 0.938116, 0.923129
0.582955, 31.9518, 0.645211, 0.4, -0.00304744, 0.937807, 0.910238, 0.938112, 0.923125
0.583005, 31.9491, 0.645131, 0.4, -0.00304886, 0.937805, 0.910235, 0.938109, 0.923121
0.583055, 31.9463, 0.645051, 0.4, -0.00305029, 0.937802, 0.910231, 0.938105, 0.923118
0.583105, 31.9436, 0.644971, 0.4, -0.00305171, 0.937799, 0.910228, 0.938101, 0.923114
0.583155, 31.9408, 0.644892, 0.4, -0.00305313, 0.937796, 0.910225, 0.938098, 0.923111
0.583205, 31.9381, 0.644812, 0.4, -0.00305456, 0.937793, 0.910222, 0.938094, 0.923107
0.583255, 31.9353, 0.644732, 0.4, -0.00305598, 0.93779, 0.910219, 0.938091, 0.923103
0.583305, 31.9326, 0.644652, 0.4, -0.0030574, 0.937787, 0.910216, 0.938087, 0.9231
0.583355, 31.9298, 0.644572, 0.4, -0.00305882, 0.937784, 0.910213, 0.938083, 0.923096
0.583405, 31.9271, 0.644493, 0.4, -0.00306025, 0.937781, 0.91021, 0.93808, 0.923093
0.583455, 31.9243, 0.644413, 0.4, -0.00306167, 0.937779, 0.910206, 0.938076, 0.923089
0.583505, 31.9216, 0.644333, 0.4, -0.00306309, 0.937776, 0.910203, 0.938073, 0.923086
0.583555, 31.9188, 0.644253, 0.4, -0.00306451, 0.937773, 0.9102, 0.938069, 0.923082
0.583605, 31.9161, 0.644173, 0.4, -0.00306593, 0.93777, 0.910197, 0.938065, 0.923078
0.583655, 31.9133, 0.644093, 0.4, -0.00306734, 0.937767, 0.910194, 0.938062, 0.923075
0.583705, 31.9105, 0.644014, 0.4, -0.00306876, 0.937765, 0.910191, 0.938058, 0.923071
0.583755, 31.9078, 0.643934, 0.4, -0.00307018, 0.937762, 0.910188, 0.938055, 0.923068
0.583805, 31.905, 0.643854, 0.4, -0.0030716, 0.937759, 0.910185, 0.938051, 0.923064
0.583855, 31.9022, 0.643774, 0.4, -0.00307302, 0.937756, 0.910182, 0.938047, 0.923061
0.583905, 31.8995, 0.643694, 0.4, -0.00307443, 0.937753, 0.910178, 0.938044, 0.923057
0.583955, 31.8967, 0.643615, 0.4, -0.00307585, 0.93775, 0.910175, 0.93804, 0.923053
0.584005, 31.8939, 0.643535, 0.4, -0.00307726, 0.937748, 0.910172, 0.938036, 0.92305
0.584055, 31.8912, 0.643455, 0.4, -0.00307868, 0.937745, 0.910169, 0.938033, 0.923046
0.584105, 31.8884, 0.643375, 0.4, -0.00308009, 0.937742, 0.910166, 0.938029, 0.923043
0.584155, 31.8856, 0.643295, 0.4, -0.00308151, 0.937739, 0.910163, 0.938026, 0.923039
0.584205, 31.8829, 0.643215, 0.4, -0.00308292, 0.937736, 0.91016, 0.938022, 0.923036
0.584255, 31.8801, 0.643136, 0.4, -0.00308433, 0.937734, 0.910157, 0.938019, 0.923032
0.584305, 31.8773, 0.643056, 0.4, -0.00308575, 0.937731, 0.910154, 0.938015, 0.923029
0.584355, 31.8745, 0.642976, 0.4, -0.00308716, 0.937728, 0.910151, 0.938011, 0.923025
0.584405, 31.8717, 0.642896, 0.4, -0.00308857, 0.937725, 0.910148, 0.938008, 0.923022
0.584455, 31.869, 0.642817, 0.4, -0.00308998, 0.937723, 0.910145, 0.938004, 0.923018
0.584505, 31.8662, 0.642737, 0.4, -0.00309139, 0.93772, 0.910142, 0.938001, 0.923014
0.584555, 31.8634, 0.642657, 0.4, -0.0030928, 0.937717, 0.910139, 0.937997, 0.923011
0.584605, 31.8606, 0.642577, 0.4, -0.00309421, 0.937714, 0.910135, 0.937993, 0.923007
0.584655, 31.8578, 0.642497, 0.4, -0.00309562, 0.937712, 0.910132, 0.93799, 0.923004
0.584705, 31.855, 0.642418, 0.4, -0.00309703, 0.937709, 0.910129, 0.937986, 0.923
0.584755, 31.8523, 0.642338, 0.4, -0.00309844, 0.937706, 0.910126, 0.937983, 0.922997
0.584805, 31.8495, 0.642258, 0.4, -0.00309985, 0.937703, 0.910123, 0.937979, 0.922993
0.584855, 31.8467, 0.642178, 0.4, -0.00310126, 0.937701, 0.91012, 0.937975, 0.92299
0.584905, 31.8439, 0.642098, 0.4, -0.00310266, 0.937698, 0.910117, 0.937972, 0.922986
0.584955, 31.8411, 0.642019, 0.4, -0.00310407, 0.937695, 0.910114, 0.937968, 0.922983
0.585005, 31.8383, 0.641939, 0.4, -0.00310548, 0.937692, 0.910111, 0.937965, 0.922979
0.585055, 31.8355, 0.641859, 0.4, -0.00310688, 0.93769, 0.910108, 0.937961, 0.922976
0.585105, 31.8327, 0.641779, 0.4, -0.00310829, 0.937687, 0.910105, 0.937958, 0.922972
0.585155, 31.8299, 0.641699, 0.4, -0.00310969, 0.937684, 0.910102, 0.937954, 0.922969
0.585205, 31.8271, 0.64162, 0.4, -0.0031111, 0.937682, 0.910099, 0.937951, 0.922965
0.585255, 31.8243, 0.64154, 0.4, -0.0031125, 0.937679, 0.910096, 0.937947, 0.922962
0.585305, 31.8215, 0.64146, 0.4, -0.0031139, 0.937676, 0.910093, 0.937943, 0.922958
0.585355, 31.8187, 0.64138, 0.4, -0.00311531, 0.937674, 0.91009, 0.93794, 0.922954
0.585405, 31.8159, 0.641301, 0.4, -0.00311671, 0.937671, 0.910087, 0.937936, 0.922951
0.585455, 31.8131, 0.641221, 0.4, -0.00311811, 0.937668, 0.910084, 0.937933, 0.922948
0.585505, 31.8103, 0.641141, 0.4, -0.00311951, 0.937666, 0.910081, 0.937929, 0.922944
0.585555, 31.8075, 0.641061, 0.4, -0.00312091, 0.937663, 0.910078, 0.937926, 0.922941
0.585605, 31.8047, 0.640982, 0.4, -0.00312231, 0.93766, 0.910075, 0.937922, 0.922937
0.585655, 31.8019, 0.640902, 0.4, -0.00312371, 0.937658, 0.910072, 0.937919, 0.922934
0.585705, 31.799, 0.640822, 0.4, -0.00312511, 0.937655, 0.910069, 0.937915, 0.92293
0.585755, 31.7962, 0.640742, 0.4, -0.00312651, 0.937652, 0.910066, 0.937911, 0.922927
0.585805, 31.7934, 0.640662, 0.4, -0.00312791, 0.93765, 0.910063, 0.937908, 0.922923
0.585855, 31.7906, 0.640583, 0.4, -0.00312931, 0.937647, 0.91006, 0.937904, 0.92292
0.585905, 31.7878, 0.640503, 0.4, -0.00313071, 0.937644, 0.910057, 0.937901, 0.922916
0.585955, 31.785, 0.640423, 0.4, -0.0031321, 0.937642, 0.910054, 0.937897, 0.922913
0.586005, 31.7821, 0.640343, 0.4, -0.0031335, 0.937639, 0.910051, 0.937894, 0.922909
0.586055, 31.7793, 0.640263, 0.4, -0.0031349, 0.937636, 0.910048, 0.93789, 0.922906
0.586105, 31.7765, 0.640184, 0.4, -0.00313629, 0.937634, 0.910045, 0.937887, 0.922902
0.586155, 31.7737, 0.640104, 0.4, -0.00313769, 0.937631, 0.910042, 0.937883, 0.922899
0.586205, 31.7709, 0.640024, 0.4, -0.00313908, 0.937629, 0.910039, 0.93788, 0.922895
0.586255, 31.768, 0.639944, 0.4, -0.00314048, 0.937626, 0.910036, 0.937876, 0.922892
0.586305, 31.7652, 0.639865, 0.4, -0.00314187, 0.937623, 0.910033, 0.937872, 0.922888
0.586355, 31.7624, 0.639785, 0.4, -0.00314326, 0.937621, 0.91003, 0.937869, 0.922885
0.586405, 31.7595, 0.639705, 0.4, -0.00314466, 0.937618, 0.910027, 0.937865, 0.922881
0.586455, 31.7567, 0.639626, 0.4, -0.00314605, 0.937616, 0.910024, 0.937862, 0.922878
0.586505, 31.7539, 0.639546, 0.4, -0.00314744, 0.937613, 0.910021, 0.937858, 0.922874
0.586555, 31.7511, 0.639466, 0.4, -0.00314883, 0.93761, 0.910018, 0.937855, 0.922871
0.586605, 31.7482, 0.639386, 0.4, -0.00315022, 0.937608, 0.910015, 0.937851, 0.922867
0.586655, 31.7454, 0.639307, 0.4, -0.00315161, 0.937605, 0.910012, 0.937848, 0.922864
0.586705, 31.7425, 0.639227, 0.4, -0.00315301, 0.937603, 0.910009, 0.937844, 0.922861
0.586755, 31.7397, 0.639147, 0.4, -0.00315439, 0.9376, 0.910006, 0.937841, 0.922857
0.586805, 31.7369, 0.639067, 0.4, -0.00315578, 0.937598, 0.910003, 0.937837, 0.922854
0.586855, 31.734, 0.638987, 0.4, -0.00315717, 0.937595, 0.91, 0.937834, 0.92285
0.586905, 31.7312, 0.638908, 0.4, -0.00315856, 0.937592, 0.909997, 0.93783, 0.922847
0.586955, 31.7283, 0.638828, 0.4, -0.00315995, 0.93759, 0.909994, 0.937827, 0.922843
0.587005, 31.7255, 0.638748, 0.4, -0.00316134, 0.937587, 0.909991, 0.937823, 0.92284
0.587055, 31.7226, 0.638668, 0.4, -0.00316272, 0.937585, 0.909988, 0.93782, 0.922836
0.587105, 31.7198, 0.638589, 0.4, -0.00316411, 0.937582, 0.909985, 0.937816, 0.922833
0.587155, 31.717, 0.638509, 0.4, -0.0031655, 0.93758, 0.909982, 0.937813, 0.922829
0.587205, 31.7141, 0.638429, 0.4, -0.00316688, 0.937577, 0.909979, 0.937809, 0.922826
0.587255, 31.7113, 0.63835, 0.4, -0.00316827, 0.937575, 0.909977, 0.937806, 0.922823
0.587305, 31.7084, 0.63827, 0.4, -0.00316965, 0.937572, 0.909974, 0.937802, 0.922819
0.587355, 31.7055, 0.63819, 0.4, -0.00317104, 0.93757, 0.909971, 0.937799, 0.922816
0.587405, 31.7027, 0.63811, 0.4, -0.00317242, 0.937567, 0.909968, 0.937795, 0.922812
0.587455, 31.6998, 0.638031, 0.4, -0.0031738, 0.937565, 0.909965, 0.937792, 0.922809
0.587505, 31.697, 0.637951, 0.4, -0.00317519, 0.937562, 0.909962, 0.937788, 0.922805
0.587555, 31.6941, 0.637871, 0.4, -0.00317657, 0.93756, 0.909959, 0.937784, 0.922802
0.587605, 31.6913, 0.637791, 0.4, -0.00317795, 0.937557, 0.909956, 0.937781, 0.922798
0.587655, 31.6884, 0.637712, 0.4, -0.00317933, 0.937555, 0.909953, 0.937777, 0.922795
0.587705, 31.6855, 0.637632, 0.4, -0.00318071, 0.937552, 0.90995, 0.937774, 0.922792
0.587755, 31.6827, 0.637552, 0.4, -0.00318209, 0.937549, 0.909947, 0.93777, 0.922788
0.587805, 31.6798, 0.637472, 0.4, -0.00318347, 0.937547, 0.909944, 0.937767, 0.922785
0.587855, 31.6769, 0.637393, 0.4, -0.00318485, 0.937545, 0.909941, 0.937763, 0.922781
0.587905, 31.6741, 0.637313, 0.4, -0.00318623, 0.937542, 0.909938, 0.93776, 0.922778
0.587955, 31.6712, 0.637233, 0.4, -0.00318761, 0.93754, 0.909935, 0.937756, 0.922774
0.588005, 31.6683, 0.637153, 0.4, -0.00318899, 0.937537, 0.909933, 0.937753, 0.922771
0.588055, 31.6655, 0.637074, 0.4, -0.00319036, 0.937535, 0.90993, 0.93775, 0.922768
0.588105, 31.6626, 0.636994, 0.4, -0.00319174, 0.937532, 0.909927, 0.937746, 0.922764
0.588155, 31.6597, 0.636914, 0.4, -0.00319312, 0.93753, 0.909924, 0.937742, 0.922761
0.588205, 31.6568, 0.636834, 0.4, -0.00319449, 0.937527, 0.909921, 0.937739, 0.922757
0.588255, 31.654, 0.636755, 0.4, -0.00319587, 0.937525, 0.909918, 0.937735, 0.922754
0.588305, 31.6511, 0.636675, 0.4, -0.00319724, 0.937522, 0.909915, 0.937732, 0.92275
0.588355, 31.6482, 0.636595, 0.4, -0.00319862, 0.93752, 0.909912, 0.937728, 0.922747
0.588405, 31.6453, 0.636515, 0.4, -0.00319999, 0.937518, 0.909909, 0.937725, 0.922744
0.588455, 31.6425, 0.636436, 0.4, -0.00320137, 0.937515, 0.909906, 0.937722, 0.92274
0.588505, 31.6396, 0.636356, 0.4, -0.00320274, 0.937513, 0.909904, 0.937718, 0.922737
0.588555, 31.6367, 0.636276, 0.4, -0.00320411, 0.93751, 0.909901, 0.937715, 0.922733
0.588605, 31.6338, 0.636196, 0.4, -0.00320549, 0.937508, 0.909898, 0.937711, 0.92273
0.588655, 31.6309, 0.636117, 0.4, -0.00320686, 0.937505, 0.909895, 0.937708, 0.922727
0.588705, 31.628, 0.636037, 0.4, -0.00320823, 0.937503, 0.909892, 0.937704, 0.922723
0.588755, 31.6251, 0.635957, 0.4, -0.0032096, 0.937501, 0.909889, 0.937701, 0.92272
0.588805, 31.6223, 0.635877, 0.4, -0.00321097, 0.937498, 0.909886, 0.937697, 0.922716
0.588856, 31.6194, 0.635798, 0.4, -0.00321234, 0.937496, 0.909883, 0.937694, 0.922713
0.588906, 31.6165, 0.635718, 0.4, -0.00321371, 0.937493, 0.90988, 0.93769, 0.92271
0.588956, 31.6136, 0.635638, 0.4, -0.00321508, 0.937491, 0.909877, 0.937687, 0.922706
0.589006, 31.6107, 0.635558, 0.4, -0.00321645, 0.937489, 0.909875, 0.937683, 0.922703
0.589056, 31.6078, 0.635479, 0.4, -0.00321782, 0.937486, 0.909872, 0.93768, 0.9227
0.589106, 31.6049, 0.635399, 0.4, -0.00321918, 0.937484, 0.909869, 0.937676, 0.922696
0.589156, 31.602, 0.635319, 0.4, -0.00322055, 0.937481, 0.909866, 0.937673, 0.922693
0.589206, 31.5991, 0.635239, 0.4, -0.00322192, 0.937479, 0.909863, 0.937669, 0.922689
0.589256, 31.5962, 0.63516, 0.4, -0.00322328, 0.937477, 0.90986, 0.937666, 0.922686
0.589306, 31.5933, 0.63508, 0.4, -0.00322465, 0.937474, 0.909857, 0.937662, 0.922683
0.589356, 31.5904, 0.635, 0.4, -0.00322601, 0.937472, 0.909854, 0.937659, 0.922679
0.589406, 31.5875, 0.63492, 0.4, -0.00322738, 0.937469, 0.909852, 0.937656, 0.922676
0.589456, 31.5846, 0.634841, 0.4, -0.00322874, 0.937467, 0.909849, 0.937652, 0.922672
0.589506, 31.5817, 0.634761, 0.4, -0.00323011, 0.937465, 0.909846, 0.937649, 0.922669
0.589556, 31.5788, 0.634681, 0.4, -0.00323147, 0.937463, 0.909843, 0.937645, 0.922666
0.589606, 31.5759, 0.634601, 0.4, -0.00323283, 0.93746, 0.90984, 0.937642, 0.922662
0.589656, 31.573, 0.634522, 0.4, -0.0032342, 0.937458, 0.909837, 0.937638, 0.922659
0.589706, 31.57, 0.634442, 0.4, -0.00323556, 0.937455, 0.909835, 0.937635, 0.922656
0.589756, 31.5671, 0.634362, 0.4, -0.00323692, 0.937453, 0.909832, 0.937631, 0.922652
0.589806, 31.5642, 0.634282, 0.4, -0.00323828, 0.937451, 0.909829, 0.937628, 0.922649
0.589856, 31.5613, 0.634203, 0.4, -0.00323964, 0.937448, 0.909826, 0.937624, 0.922645
0.589906, 31.5584, 0.634123, 0.4, -0.003241, 0.937446, 0.909823, 0.937621, 0.922642
0.589956, 31.5555, 0.634043, 0.4, -0.00324236, 0.937444, 0.90982, 0.937617, 0.922639
0.590006, 31.5526, 0.633964, 0.4, -0.00324372, 0.937442, 0.909817, 0.937614, 0.922635
0.590056, 31.5496, 0.633884, 0.4, -0.00324508, 0.937439, 0.909815, 0.937611, 0.922632
0.590106, 31.5467, 0.633804, 0.4, -0.00324644, 0.937437, 0.909812, 0.937607, 0.922629
0.590156, 31.5438, 0.633724, 0.4, -0.0032478, 0.937435, 0.909809, 0.937604, 0.922625
0.590206, 31.5409, 0.633645, 0.4, -0.00324915, 0.937432, 0.909806, 0.9376, 0.922622
0.590256, 31.5379, 0.633565, 0.4, -0.00325051, 0.93743, 0.909803, 0.937597, 0.922619
0.590306, 31.535, 0.633485, 0.4, -0.00325187, 0.937428, 0.9098, 0.937593, 0.922615
0.590356, 31.5321, 0.633405, 0.4, -0.00325322, 0.937425, 0.909798, 0.93759, 0.922612
0.590406, 31.5292, 0.633326, 0.4, -0.00325458, 0.937423, 0.909795, 0.937586, 0.922608
0.590456, 31.5262, 0.633246, 0.4, -0.00325593, 0.937421, 0.909792, 0.937583, 0.922605
0.590506, 31.5233, 0.633166, 0.4, -0.00325729, 0.937419, 0.909789, 0.93758, 0.922602
0.590556, 31.5204, 0.633086, 0.4, -0.00325864, 0.937416, 0.909786, 0.937576, 0.922598
0.590606, 31.5174, 0.633007, 0.4, -0.00326, 0.937414, 0.909783, 0.937573, 0.922595
0.590656, 31.5145, 0.632927, 0.4, -0.00326135, 0.937412, 0.909781, 0.937569, 0.922592
0.590706, 31.5116, 0.632847, 0.4, -0.0032627, 0.937409, 0.909778, 0.937566, 0.922588
0.590756, 31.5086, 0.632767, 0.4, -0.00326405, 0.937407, 0.909775, 0.937562, 0.922585
0.590806, 31.5057, 0.632688, 0.4, -0.00326541, 0.937405, 0.909772, 0.937559, 0.922582
0.590856, 31.5027, 0.632608, 0.4, -0.00326676, 0.937403, 0.909769, 0.937556, 0.922578
0.590906, 31.4998, 0.632528, 0.4, -0.00326811, 0.9374, 0.909767, 0.937552, 0.922575
0.590956, 31.4969, 0.632449, 0.4, -0.00326946, 0.937398, 0.909764, 0.937549, 0.922572
0.591006, 31.4939, 0.632369, 0.4, -0.00327081, 0.937396, 0.909761, 0.937545, 0.922568
0.591056, 31.491, 0.632289, 0.4, -0.00327216, 0.937394, 0.909758, 0.937542, 0.922565
0.591106, 31.488, 0.632209, 0.4, -0.00327351, 0.937391, 0.909755, 0.937538, 0.922562
0.591156, 31.4851, 0.63213, 0.4, -0.00327486, 0.937389, 0.909753, 0.937535, 0.922558
0.591206, 31.4821, 0.63205, 0.4, -0.0032762, 0.937387, 0.90975, 0.937531, 0.922555
0.591256, 31.4792, 0.63197, 0.4, -0.00327755, 0.937385, 0.909747, 0.937528, 0.922552
0.591306, 31.4762, 0.63189, 0.4, -0.0032789, 0.937383, 0.909744, 0.937525, 0.922548
0.591356, 31.4733, 0.631811, 0.4, -0.00328025, 0.93738, 0.909741, 0.937521, 0.922545
0.591406, 31.4703, 0.631731, 0.4, -0.00328159, 0.937378, 0.909739, 0.937518, 0.922542
0.591456, 31.4674, 0.631651, 0.4, -0.00328294, 0.937376, 0.909736, 0.937514, 0.922538
0.591506, 31.4644, 0.631571, 0.4, -0.00328428, 0.937374, 0.909733, 0.937511, 0.922535
0.591556, 31.4615, 0.631492, 0.4, -0.00328563, 0.937371, 0.90973, 0.937508, 0.922532
0.591606, 31.4585, 0.631412, 0.4, -0.00328697, 0.937369, 0.909727, 0.937504, 0.922528
0.591656, 31.4555, 0.631332, 0.4, -0.00328831, 0.937367, 0.909725, 0.937501, 0.922525
0.591706, 31.4526, 0.631252, 0.4, -0.00328966, 0.937365, 0.909722, 0.937497, 0.922522
0.591756, 31.4496, 0.631173, 0.4, -0.003291, 0.937363, 0.909719, 0.937494, 0.922518
0.591806, 31.4467, 0.631093, 0.4, -0.00329234, 0.93736, 0.909716, 0.93749, 0.922515
0.591856, 31.4437, 0.631013, 0.4, -0.00329368, 0.937358, 0.909714, 0.937487, 0.922512
0.591906, 31.4407, 0.630933, 0.4, -0.00329503, 0.937356, 0.909711, 0.937484, 0.922509
0.591956, 31.4378, 0.630854, 0.4, -0.00329637, 0.937354, 0.909708, 0.93748, 0.922505
0.592006, 31.4348, 0.630774, 0.4, -0.00329771, 0.937352, 0.909705, 0.937477, 0.922502
0.592056, 31.4318, 0.630694, 0.4, -0.00329905, 0.93735, 0.909703, 0.937473, 0.922499
0.592106, 31.4289, 0.630615, 0.4, -0.00330039, 0.937348, 0.9097, 0.93747, 0.922495
0.592156, 31.4259, 0.630535, 0.4, -0.00330173, 0.937345, 0.909697, 0.937467, 0.922492
0.592206, 31.4229, 0.630455, 0.4, -0.00330306, 0.937343, 0.909694, 0.937463, 0.922489
0.592256, 31.42, 0.630375, 0.4, -0.0033044, 0.937341, 0.909691, 0.93746, 0.922485
0.592306, 31.417, 0.630296, 0.4, -0.00330574, 0.937339, 0.909689, 0.937456, 0.922482
0.592356, 31.414, 0.630216, 0.4, -0.00330708, 0.937337, 0.909686, 0.937453, 0.922479
0.592406, 31.411, 0.630136, 0.4, -0.00330841, 0.937335, 0.909683, 0.93745, 0.922476
0.592456, 31.408, 0.630056, 0.4, -0.00330975, 0.937333, 0.90968, 0.937446, 0.922472
0.592506, 31.4051, 0.629977, 0.4, -0.00331109, 0.93733, 0.909678, 0.937443, 0.922469
0.592556, 31.4021, 0.629897, 0.4, -0.00331242, 0.937328, 0.909675, 0.937439, 0.922466
0.592606, 31.3991, 0.629817, 0.4, -0.00331376, 0.937326, 0.909672, 0.937436, 0.922462
0.592656, 31.3961, 0.629737, 0.4, -0.00331509, 0.937324, 0.909669, 0.937433, 0.922459
0.592706, 31.3931, 0.629658, 0.4, -0.00331642, 0.937322, 0.909667, 0.937429, 0.922456
0.592756, 31.3901, 0.629578, 0.4, -0.00331776, 0.93732, 0.909664, 0.937426, 0.922453
0.592806, 31.3872, 0.629498, 0.4, -0.00331909, 0.937318, 0.909661, 0.937422, 0.922449
0.592856, 31.3842, 0.629418, 0.4, -0.00332042, 0.937315, 0.909658, 0.937419, 0.922446
0.592906, 31.3812, 0.629339, 0.4, -0.00332175, 0.937313, 0.909656, 0.937416, 0.922443
0.592956, 31.3782, 0.629259, 0.4, -0.00332309, 0.937311, 0.909653, 0.937412, 0.922439
0.593006, 31.3752, 0.629179, 0.4, -0.00332442, 0.937309, 0.90965, 0.937409, 0.922436
0.593056, 31.3722, 0.629099, 0.4, -0.00332575, 0.937307, 0.909648, 0.937405, 0.922433
0.593106, 31.3692, 0.62902, 0.4, -0.00332708, 0.937305, 0.909645, 0.937402, 0.92243
0.593156, 31.3662, 0.62894, 0.4, -0.00332841, 0.937303, 0.909642, 0.937399, 0.922426
0.593206, 31.3632, 0.62886, 0.4, -0.00332974, 0.937301, 0.909639, 0.937395, 0.922423
0.593256, 31.3602, 0.62878, 0.4, -0.00333107, 0.937299, 0.909637, 0.937392, 0.92242
0.593306, 31.3572, 0.628701, 0.4, -0.00333239, 0.937297, 0.909634, 0.937388, 0.922416
0.593356, 31.3542, 0.628621, 0.4, -0.00333372, 0.937295, 0.909631, 0.937385, 0.922413
0.593406, 31.3512, 0.628541, 0.4, -0.00333505, 0.937293, 0.909628, 0.937382, 0.92241
0.593456, 31.3482, 0.628461, 0.4, -0.00333638, 0.937291, 0.909626, 0.937378, 0.922407
0.593506, 31.3452, 0.628381, 0.4, -0.0033377, 0.937288, 0.909623, 0.937375, 0.922403
0.593556, 31.3422, 0.628302, 0.4, -0.00333903, 0.937286, 0.90962, 0.937372, 0.9224
0.593606, 31.3392, 0.628222, 0.4, -0.00334035, 0.937284, 0.909618, 0.937368, 0.922397
0.593656, 31.3362, 0.628142, 0.4, -0.00334168, 0.937282, 0.909615, 0.937365, 0.922394
0.593706, 31.3332, 0.628063, 0.4, -0.003343, 0.93728, 0.909612, 0.937361, 0.92239
0.593756, 31.3302, 0.627983, 0.4, -0.00334433, 0.937278, 0.909609, 0.937358, 0.922387
0.593806, 31.3272, 0.627903, 0.4, -0.00334565, 0.937276, 0.909607, 0.937355, 0.922384
0.593856, 31.3242, 0.627823, 0.4, -0.00334697, 0.937274, 0.909604, 0.937351, 0.922381
0.593906, 31.3212, 0.627743, 0.4, -0.0033483, 0.937272, 0.909601, 0.937348, 0.922377
0.593956, 31.3181, 0.627664, 0.4, -0.00334962, 0.93727, 0.909599, 0.937345, 0.922374
0.594006, 31.3151, 0.627584, 0.4, -0.00335094, 0.937268, 0.909596, 0.937341, 0.922371
0.594056, 31.3121, 0.627504, 0.4, -0.00335226, 0.937266, 0.909593, 0.937338, 0.922368
0.594106, 31.3091, 0.627425, 0.4, -0.00335358, 0.937264, 0.909591, 0.937334, 0.922364
0.594156, 31.3061, 0.627345, 0.4, -0.0033549, 0.937262, 0.909588, 0.937331, 0.922361
0.594206, 31.3031, 0.627265, 0.4, -0.00335622, 0.93726, 0.909585, 0.937328, 0.922358
0.594256, 31.3, 0.627185, 0.4, -0.00335754, 0.937258, 0.909582, 0.937324, 0.922355
0.594306, 31.297, 0.627106, 0.4, -0.00335886, 0.937256, 0.90958, 0.937321, 0.922351
0.594356, 31.294, 0.627026, 0.4, -0.00336018, 0.937254, 0.909577, 0.937318, 0.922348
0.594406, 31.291, 0.626946, 0.4, -0.0033615, 0.937252, 0.909574, 0.937314, 0.922345
0.594456, 31.2879, 0.626866, 0.4, -0.00336282, 0.93725, 0.909572, 0.937311, 0.922342
0.594506, 31.2849, 0.626786, 0.4, -0.00336413, 0.937248, 0.909569, 0.937308, 0.922338
0.594556, 31.2819, 0.626707, 0.4, -0.00336545, 0.937246, 0.909566, 0.937304, 0.922335
0.594606, 31.2788, 0.626627, 0.4, -0.00336677, 0.937244, 0.909564, 0.937301, 0.922332
0.594656, 31.2758, 0.626547, 0.4, -0.00336808, 0.937242, 0.909561, 0.937298, 0.922329
0.594706, 31.2728, 0.626467, 0.4, -0.0033694, 0.93724, 0.909558, 0.937294, 0.922325
0.594756, 31.2698, 0.626388, 0.4, -0.00337071, 0.937238, 0.909556, 0.937291, 0.922322
0.594806, 31.2667, 0.626308, 0.4, -0.00337203, 0.937236, 0.909553, 0.937287, 0.922319
0.594857, 31.2637, 0.626228, 0.4, -0.00337334, 0.937234, 0.90955, 0.937284, 0.922316
0.594907, 31.2606, 0.626148, 0.4, -0.00337465, 0.937232, 0.909548, 0.937281, 0.922312
0.594957, 31.2576, 0.626069, 0.4, -0.00337597, 0.93723, 0.909545, 0.937277, 0.922309
0.595007, 31.2546, 0.625989, 0.4, -0.00337728, 0.937228, 0.909542, 0.937274, 0.922306
0.595057, 31.2515, 0.625909, 0.4, -0.00337859, 0.937226, 0.90954, 0.937271, 0.922303
0.595107, 31.2485, 0.625829, 0.4, -0.0033799, 0.937224, 0.909537, 0.937267, 0.9223
0.595157, 31.2454, 0.62575, 0.4, -0.00338121, 0.937222, 0.909534, 0.937264, 0.922296
0.595207, 31.2424, 0.62567, 0.4, -0.00338252, 0.937221, 0.909532, 0.937261, 0.922293
0.595257, 31.2394, 0.62559, 0.4, -0.00338383, 0.937218, 0.909529, 0.937257, 0.92229
0.595307, 31.2363, 0.62551, 0.4, -0.00338514, 0.937217, 0.909526, 0.937254, 0.922287
0.595357, 31.2333, 0.62543, 0.4, -0.00338645, 0.937215, 0.909524, 0.93725, 0.922283
0.595407, 31.2302, 0.625351, 0.4, -0.00338776, 0.937213, 0.909521, 0.937247, 0.92228
0.595457, 31.2272, 0.625271, 0.4, -0.00338907, 0.937211, 0.909518, 0.937244, 0.922277
0.595507, 31.2241, 0.625191, 0.4, -0.00339038, 0.937209, 0.909516, 0.937241, 0.922274
0.595557, 31.2211, 0.625111, 0.4, -0.00339168, 0.937207, 0.909513, 0.937237, 0.922271
0.595607, 31.218, 0.625032, 0.4, -0.00339299, 0.937205, 0.909511, 0.937234, 0.922267
0.595657, 31.215, 0.624952, 0.4, -0.0033943, 0.937203, 0.909508, 0.93723, 0.922264
0.595707, 31.2119, 0.624872, 0.4, -0.0033956, 0.937201, 0.909505, 0.937227, 0.922261
0.595757, 31.2088, 0.624792, 0.4, -0.00339691, 0.937199, 0.909503, 0.937224, 0.922258
0.595807, 31.2058, 0.624712, 0.4, -0.00339821, 0.937197, 0.9095, 0.93722, 0.922255
0.595857, 31.2027, 0.624633, 0.4, -0.00339952, 0.937196, 0.909497, 0.937217, 0.922251
0.595907, 31.1997, 0.624553, 0.4, -0.00340082, 0.937194, 0.909495, 0.937214, 0.922248
0.595957, 31.1966, 0.624473, 0.4, -0.00340212, 0.937192, 0.909492, 0.93721, 0.922245
0.596007, 31.1935, 0.624393, 0.4, -0.00340343, 0.93719, 0.909489, 0.937207, 0.922242
0.596057, 31.1905, 0.624314, 0.4, -0.00340473, 0.937188, 0.909487, 0.937204, 0.922238
0.596107, 31.1874, 0.624234, 0.4, -0.00340603, 0.937186, 0.909484, 0.9372, 0.922235
0.596157, 31.1843, 0.624154, 0.4, -0.00340733, 0.937184, 0.909482, 0.937197, 0.922232
0.596207, 31.1813, 0.624074, 0.4, -0.00340863, 0.937182, 0.909479, 0.937194, 0.922229
0.596257, 31.1782, 0.623995, 0.4, -0.00340993, 0.93718, 0.909476, 0.93719, 0.922226
0.596307, 31.1751, 0.623915, 0.4, -0.00341123, 0.937179, 0.909474, 0.937187, 0.922222
0.596357, 31.1721, 0.623835, 0.4, -0.00341253, 0.937177, 0.909471, 0.937184, 0.922219
0.596407, 31.169, 0.623755, 0.4, -0.00341383, 0.937175, 0.909468, 0.93718, 0.922216
0.596457, 31.1659, 0.623675, 0.4, -0.00341513, 0.937173, 0.909466, 0.937177, 0.922213
0.596507, 31.1629, 0.623596, 0.4, -0.00341643, 0.937171, 0.909463, 0.937174, 0.92221
0.596557, 31.1598, 0.623516, 0.4, -0.00341773, 0.937169, 0.90946, 0.93717, 0.922206
0.596607, 31.1567, 0.623436, 0.4, -0.00341902, 0.937167, 0.909458, 0.937167, 0.922203
0.596657, 31.1536, 0.623356, 0.4, -0.00342032, 0.937166, 0.909455, 0.937164, 0.9222
0.596707, 31.1505, 0.623277, 0.4, -0.00342162, 0.937164, 0.909453, 0.937161, 0.922197
0.596757, 31.1475, 0.623197, 0.4, -0.00342291, 0.937162, 0.90945, 0.937157, 0.922194
0.596807, 31.1444, 0.623117, 0.4, -0.00342421, 0.93716, 0.909447, 0.937154, 0.922191
0.596857, 31.1413, 0.623037, 0.4, -0.0034255, 0.937158, 0.909445, 0.937151, 0.922187
0.596907, 31.1382, 0.622957, 0.4, -0.0034268, 0.937156, 0.909442, 0.937147, 0.922184
0.596957, 31.1351, 0.622877, 0.4, -0.00342809, 0.937155, 0.90944, 0.937144, 0.922181
0.597007, 31.132, 0.622798, 0.4, -0.00342939, 0.937153, 0.909437, 0.937141, 0.922178
0.597057, 31.129, 0.622718, 0.4, -0.00343068, 0.937151, 0.909434, 0.937137, 0.922175
0.597107, 31.1259, 0.622638, 0.4, -0.00343197, 0.937149, 0.909432, 0.937134, 0.922171
0.597157, 31.1228, 0.622558, 0.4, -0.00343326, 0.937147, 0.909429, 0.937131, 0.922168
0.597207, 31.1197, 0.622479, 0.4, -0.00343456, 0.937146, 0.909427, 0.937127, 0.922165
0.597257, 31.1166, 0.622399, 0.4, -0.00343585, 0.937144, 0.909424, 0.937124, 0.922162
0.597307, 31.1135, 0.622319, 0.4, -0.00343714, 0.937142, 0.909422, 0.937121, 0.922159
0.597357, 31.1104, 0.622239, 0.4, -0.00343843, 0.93714, 0.909419, 0.937117, 0.922156
0.597407, 31.1073, 0.622159, 0.4, -0.00343972, 0.937138, 0.909416, 0.937114, 0.922152
0.597457, 31.1042, 0.62208, 0.4, -0.00344101, 0.937136, 0.909414, 0.937111, 0.922149
0.597507, 31.1011, 0.622, 0.4, -0.0034423, 0.937135, 0.909411, 0.937107, 0.922146
0.597557, 31.098, 0.62192, 0.4, -0.00344358, 0.937133, 0.909409, 0.937104, 0.922143
0.597607, 31.0949, 0.62184, 0.4, -0.00344487, 0.937131, 0.909406, 0.937101, 0.92214
0.597657, 31.0918, 0.62176, 0.4, -0.00344616, 0.937129, 0.909403, 0.937098, 0.922137
0.597707, 31.0887, 0.621681, 0.4, -0.00344745, 0.937128, 0.909401, 0.937094, 0.922133
0.597757, 31.0856, 0.621601, 0.4, -0.00344873, 0.937126, 0.909398, 0.937091, 0.92213
0.597807, 31.0825, 0.621521, 0.4, -0.00345002, 0.937124, 0.909396, 0.937088, 0.922127
0.597857, 31.0794, 0.621441, 0.4, -0.00345131, 0.937122, 0.909393, 0.937084, 0.922124
0.597907, 31.0763, 0.621361, 0.4, -0.00345259, 0.93712, 0.90939, 0.937081, 0.922121
0.597957, 31.0732, 0.621282, 0.4, -0.00345388, 0.937119, 0.909388, 0.937078, 0.922118
0.598007, 31.0701, 0.621202, 0.4, -0.00345516, 0.937117, 0.909385, 0.937074, 0.922114
0.598057, 31.067, 0.621122, 0.4, -0.00345644, 0.937115, 0.909383, 0.937071, 0.922111
0.598107, 31.0639, 0.621042, 0.4, -0.00345773, 0.937113, 0.90938, 0.937068, 0.922108
0.598157, 31.0608, 0.620962, 0.4, -0.00345901, 0.937112, 0.909378, 0.937065, 0.922105
0.598207, 31.0576, 0.620883, 0.4, -0.00346029, 0.93711, 0.909375, 0.937061, 0.922102
0.598257, 31.0545, 0.620803, 0.4, -0.00346157, 0.937108, 0.909373, 0.937058, 0.922099
0.598307, 31.0514, 0.620723, 0.4, -0.00346286, 0.937107, 0.90937, 0.937055, 0.922096
0.598357, 31.0483, 0.620643, 0.4, -0.00346414, 0.937105, 0.909367, 0.937051, 0.922092
0.598407, 31.0452, 0.620563, 0.4, -0.00346542, 0.937103, 0.909365, 0.937048, 0.922089
0.598457, 31.042, 0.620484, 0.4, -0.0034667, 0.937101, 0.909362, 0.937045, 0.922086
0.598507, 31.0389, 0.620404, 0.4, -0.00346798, 0.9371, 0.90936, 0.937041, 0.922083
0.598557, 31.0358, 0.620324, 0.4, -0.00346926, 0.937098, 0.909357, 0.937038, 0.92208
0.598607, 31.0327, 0.620244, 0.4, -0.00347053, 0.937096, 0.909355, 0.937035, 0.922077
0.598657, 31.0296, 0.620164, 0.4, -0.00347181, 0.937095, 0.909352, 0.937032, 0.922074
0.598707, 31.0264, 0.620085, 0.4, -0.00347309, 0.937093, 0.90935, 0.937028, 0.92207
0.598757, 31.0233, 0.620005, 0.4, -0.00347437, 0.937091, 0.909347, 0.937025, 0.922067
0.598807, 31.0202, 0.619925, 0.4, -0.00347564, 0.937089, 0.909344, 0.937022, 0.922064
0.598857, 31.017, 0.619845, 0.4, -0.00347692, 0.937088, 0.909342, 0.937018, 0.922061
0.598907, 31.0139, 0.619765, 0.4, -0.0034782, 0.937086, 0.909339, 0.937015, 0.922058
0.598957, 31.0108, 0.619686, 0.4, -0.00347947, 0.937084, 0.909337, 0.937012, 0.922055
0.599007, 31.0077, 0.619606, 0.4, -0.00348075, 0.937083, 0.909334, 0.937009, 0.922052
0.599057, 31.0045, 0.619526, 0.4, -0.00348202, 0.937081, 0.909332, 0.937005, 0.922048
0.599107, 31.0014, 0.619446, 0.4, -0.00348329, 0.937079, 0.909329, 0.937002, 0.922045
0.599157, 30.9983, 0.619366, 0.4, -0.00348457, 0.937078, 0.909327, 0.936999, 0.922042
0.599207, 30.9951, 0.619287, 0.4, -0.00348584, 0.937076, 0.909324, 0.936996, 0.922039
0.599257, 30.992, 0.619207, 0.4, -0.00348711, 0.937074, 0.909322, 0.936992, 0.922036
0.599307, 30.9888, 0.619127, 0.4, -0.00348838, 0.937073, 0.909319, 0.936989, 0.922033
0.599357, 30.9857, 0.619047, 0.4, -0.00348966, 0.937071, 0.909317, 0.936986, 0.92203
0.599407, 30.9826, 0.618967, 0.4, -0.00349093, 0.937069, 0.909314, 0.936982, 0.922027
0.599457, 30.9794, 0.618887, 0.4, -0.0034922, 0.937068, 0.909312, 0.936979, 0.922024
0.599507, 30.9763, 0.618808, 0.4, -0.00349347, 0.937066, 0.909309, 0.936976, 0.92202
0.599557, 30.9731, 0.618728, 0.4, -0.00349474, 0.937064, 0.909306, 0.936973, 0.922017
0.599607, 30.97, 0.618648, 0.4, -0.00349601, 0.937063, 0.909304, 0.936969, 0.922014
0.599657, 30.9668, 0.618568, 0.4, -0.00349727, 0.937061, 0.909301, 0.936966, 0.922011
0.599707, 30.9637, 0.618488, 0.4, -0.00349854, 0.937059, 0.909299, 0.936963, 0.922008
0.599757, 30.9605, 0.618408, 0.4, -0.00349981, 0.937058, 0.909296, 0.93696, 0.922005
0.599807, 30.9574, 0.618329, 0.4, -0.00350108, 0.937056, 0.909294, 0.936956, 0.922002
0.599857, 30.9542, 0.618249, 0.4, -0.00350234, 0.937054, 0.909291, 0.936953, 0.921999
0.599907, 30.9511, 0.618169, 0.4, -0.00350361, 0.937053, 0.909289, 0.93695, 0.921996
0.599957, 30.9479, 0.618089, 0.4, -0.00350488, 0.937051, 0.909286, 0.936946, 0.921992
0.600007, 30.9448, 0.618009, 0.4, -0.00350614, 0.93705, 0.909284, 0.936943, 0.921989
0.600057, 30.9416, 0.617929, 0.4, -0.00350741, 0.937048, 0.909281, 0.93694, 0.921986
0.600107, 30.9385, 0.61785, 0.4, -0.00350867, 0.937046, 0.909279, 0.936937, 0.921983
0.600157, 30.9353, 0.61777, 0.4, -0.00350994, 0.937045, 0.909276, 0.936933, 0.92198
0.600207, 30.9321, 0.61769, 0.4, -0.0035112, 0.937043, 0.909274, 0.93693, 0.921977
0.600257, 30.929, 0.61761, 0.4, -0.00351246, 0.937041, 0.909271, 0.936927, 0.921974
0.600307, 30.9258, 0.61753, 0.4, -0.00351373, 0.93704, 0.909269, 0.936924, 0.921971
0.600357, 30.9227, 0.61745, 0.4, -0.00351499, 0.937038, 0.909266, 0.93692, 0.921968
0.600407, 30.9195, 0.617371, 0.4, -0.00351625, 0.937037, 0.909264, 0.936917, 0.921964
0.600457, 30.9163, 0.617291, 0.4, -0.00351751, 0.937035, 0.909261, 0.936914, 0.921961
0.600507, 30.9132, 0.617211, 0.4, -0.00351877, 0.937033, 0.909259, 0.936911, 0.921958
0.600557, 30.91, 0.617131, 0.4, -0.00352003, 0.937032, 0.909256, 0.936907, 0.921955
0.600607, 30.9068, 0.617051, 0.4, -0.00352129, 0.93703, 0.909254, 0.936904, 0.921952
0.600657, 30.9037, 0.616971, 0.4, -0.00352255, 0.937029, 0.909251, 0.936901, 0.921949
0.600707, 30.9005, 0.616892, 0.4, -0.00352381, 0.937027, 0.909249, 0.936897, 0.921946
0.600757, 30.8973, 0.616812, 0.4, -0.00352507, 0.937025, 0.909246, 0.936894, 0.921943
0.600807, 30.8941, 0.616732, 0.4, -0.00352633, 0.937024, 0.909244, 0.936891, 0.92194
0.600857, 30.891, 0.616652, 0.4, -0.00352758, 0.937022, 0.909241, 0.936888, 0.921937
0.600908, 30.8878, 0.616572, 0.4, -0.00352884, 0.937021, 0.909239, 0.936884, 0.921933
0.600958, 30.8846, 0.616492, 0.4, -0.0035301, 0.937019, 0.909236, 0.936881, 0.92193
0.601008, 30.8814, 0.616412, 0.4, -0.00353135, 0.937018, 0.909234, 0.936878, 0.921927
0.601058, 30.8783, 0.616332, 0.4, -0.00353261, 0.937016, 0.909231, 0.936875, 0.921924
0.601108, 30.8751, 0.616253, 0.4, -0.00353386, 0.937014, 0.909229, 0.936871, 0.921921
0.601158, 30.8719, 0.616173, 0.4, -0.00353512, 0.937013, 0.909226, 0.936868, 0.921918
0.601208, 30.8687, 0.616093, 0.4, -0.00353637, 0.937011, 0.909224, 0.936865, 0.921915
0.601258, 30.8655, 0.616013, 0.4, -0.00353763, 0.93701, 0.909221, 0.936862, 0.921912
0.601308, 30.8623, 0.615933, 0.4, -0.00353888, 0.937008, 0.909219, 0.936858, 0.921909
0.601358, 30.8592, 0.615853, 0.4, -0.00354013, 0.937007, 0.909217, 0.936855, 0.921906
0.601408, 30.856, 0.615773, 0.4, -0.00354139, 0.937005, 0.909214, 0.936852, 0.921903
0.601458, 30.8528, 0.615694, 0.4, -0.00354264, 0.937004, 0.909212, 0.936849, 0.9219
0.601508, 30.8496, 0.615614, 0.4, -0.00354389, 0.937002, 0.909209, 0.936845, 0.921896
0.601558, 30.8464, 0.615534, 0.4, -0.00354514, 0.937001, 0.909207, 0.936842, 0.921893
0.601608, 30.8432, 0.615454, 0.4, -0.00354639, 0.936999, 0.909204, 0.936839, 0.92189
0.601658, 30.84, 0.615374, 0.4, -0.00354764, 0.936997, 0.909202, 0.936836, 0.921887
0.601708, 30.8368, 0.615294, 0.4, -0.00354889, 0.936996, 0.909199, 0.936832, 0.921884
0.601758, 30.8336, 0.615214, 0.4, -0.00355014, 0.936994, 0.909197, 0.936829, 0.921881
0.601808, 30.8304, 0.615134, 0.4, -0.00355139, 0.936993, 0.909194, 0.936826, 0.921878
0.601858, 30.8272, 0.615054, 0.4, -0.00355263, 0.936991, 0.909192, 0.936823, 0.921875
0.601908, 30.824, 0.614975, 0.4, -0.00355388, 0.93699, 0.909189, 0.936819, 0.921872
0.601958, 30.8208, 0.614895, 0.4, -0.00355513, 0.936988, 0.909187, 0.936816, 0.921869
0.602008, 30.8176, 0.614815, 0.4, -0.00355638, 0.936987, 0.909185, 0.936813, 0.921866
0.602058, 30.8144, 0.614735, 0.4, -0.00355762, 0.936985, 0.909182, 0.93681, 0.921863
0.602108, 30.8112, 0.614655, 0.4, -0.00355887, 0.936984, 0.90918, 0.936806, 0.92186
0.602158, 30.808, 0.614575, 0.4, -0.00356011, 0.936982, 0.909177, 0.936803, 0.921856
0.602208, 30.8048, 0.614495, 0.4, -0.00356136, 0.936981, 0.909175, 0.9368, 0.921853
0.602258, 30.8016, 0.614415, 0.4, -0.0035626, 0.936979, 0.909172, 0.936797, 0.92185
0.602308, 30.7984, 0.614335, 0.4, -0.00356385, 0.936978, 0.90917, 0.936794, 0.921847
0.602358, 30.7952, 0.614255, 0.4, -0.00356509, 0.936976, 0.909167, 0.93679, 0.921844
0.602408, 30.792, 0.614176, 0.4, -0.00356633, 0.936975, 0.909165, 0.936787, 0.921841
0.602458, 30.7888, 0.614096, 0.4, -0.00356757, 0.936973, 0.909162, 0.936784, 0.921838
0.602508, 30.7856, 0.614016, 0.4, -0.00356882, 0.936972, 0.90916, 0.936781, 0.921835
0.602558, 30.7824, 0.613936, 0.4, -0.00357006, 0.93697, 0.909158, 0.936777, 0.921832
0.602608, 30.7791, 0.613856, 0.4, -0.0035713, 0.936969, 0.909155, 0.936774, 0.921829
0.602658, 30.7759, 0.613776, 0.4, -0.00357254, 0.936968, 0.909153, 0.936771, 0.921826
0.602708, 30.7727, 0.613696, 0.4, -0.00357378, 0.936966, 0.90915, 0.936768, 0.921823
0.602758, 30.7695, 0.613616, 0.4, -0.00357502, 0.936965, 0.909148, 0.936765, 0.92182
0.602808, 30.7663, 0.613536, 0.4, -0.00357626, 0.936963, 0.909145, 0.936761, 0.921817
0.602858, 30.7631, 0.613457, 0.4, -0.0035775, 0.936962, 0.909143, 0.936758, 0.921814
0.602908, 30.7598, 0.613377, 0.4, -0.00357873, 0.93696, 0.909141, 0.936755, 0.921811
0.602958, 30.7566, 0.613297, 0.4, -0.00357997, 0.936959, 0.909138, 0.936752, 0.921807
0.603008, 30.7534, 0.613217, 0.4, -0.00358121, 0.936957, 0.909136, 0.936748, 0.921804
0.603058, 30.7502, 0.613137, 0.4, -0.00358245, 0.936956, 0.909133, 0.936745, 0.921801
0.603108, 30.747, 0.613057, 0.4, -0.00358368, 0.936954, 0.909131, 0.936742, 0.921798
0.603158, 30.7437, 0.612977, 0.4, -0.00358492, 0.936953, 0.909128, 0.936739, 0.921795
0.603208, 30.7405, 0.612897, 0.4, -0.00358615, 0.936952, 0.909126, 0.936735, 0.921792
0.603258, 30.7373, 0.612817, 0.4, -0.00358739, 0.93695, 0.909123, 0.936732, 0.921789
0.603308, 30.734, 0.612737, 0.4, -0.00358862, 0.936949, 0.909121, 0.936729, 0.921786
0.603358, 30.7308, 0.612657, 0.4, -0.00358986, 0.936947, 0.909119, 0.936726, 0.921783
0.603408, 30.7276, 0.612577, 0.4, -0.00359109, 0.936946, 0.909116, 0.936723, 0.92178
0.603458, 30.7244, 0.612498, 0.4, -0.00359232, 0.936944, 0.909114, 0.936719, 0.921777
0.603508, 30.7211, 0.612418, 0.4, -0.00359356, 0.936943, 0.909111, 0.936716, 0.921774
0.603558, 30.7179, 0.612338, 0.4, -0.00359479, 0.936942, 0.909109, 0.936713, 0.921771
0.603608, 30.7146, 0.612258, 0.4, -0.00359602, 0.93694, 0.909107, 0.93671, 0.921768
0.603658, 30.7114, 0.612178, 0.4, -0.00359725, 0.936939, 0.909104, 0.936706, 0.921765
0.603708, 30.7082, 0.612098, 0.4, -0.00359848, 0.936937, 0.909102, 0.936703, 0.921762
0.603758, 30.7049, 0.612018, 0.4, -0.00359971, 0.936936, 0.909099, 0.9367, 0.921759
0.603808, 30.7017, 0.611938, 0.4, -0.00360094, 0.936934, 0.909097, 0.936697, 0.921756
0.603858, 30.6985, 0.611858, 0.4, -0.00360217, 0.936933, 0.909094, 0.936694, 0.921753
0.603908, 30.6952, 0.611778, 0.4, -0.0036034, 0.936932, 0.909092, 0.93669, 0.92175
0.603958, 30.692, 0.611698, 0.4, -0.00360463, 0.93693, 0.90909, 0.936687, 0.921747
0.604008, 30.6887, 0.611618, 0.4, -0.00360586, 0.936929, 0.909087, 0.936684, 0.921744
0.604058, 30.6855, 0.611538, 0.4, -0.00360708, 0.936927, 0.909085, 0.936681, 0.92174
0.604108, 30.6822, 0.611458, 0.4, -0.00360831, 0.936926, 0.909082, 0.936677, 0.921737
0.604158, 30.679, 0.611378, 0.4, -0.00360954, 0.936925, 0.90908, 0.936674, 0.921734
0.604208, 30.6757, 0.611298, 0.4, -0.00361076, 0.936923, 0.909078, 0.936671, 0.921731
0.604258, 30.6725, 0.611219, 0.4, -0.00361199, 0.936922, 0.909075, 0.936668, 0.921728
0.604308, 30.6692, 0.611139, 0.4, -0.00361321, 0.93692, 0.909073, 0.936665, 0.921725
0.604358, 30.666, 0.611059, 0.4, -0.00361444, 0.936919, 0.90907, 0.936661, 0.921722
0.604408, 30.6627, 0.610979, 0.4, -0.00361566, 0.936918, 0.909068, 0.936658, 0.921719
0.604458, 30.6595, 0.610899, 0.4, -0.00361689, 0.936916, 0.909066, 0.936655, 0.921716
0.604508, 30.6562, 0.610819, 0.4, -0.00361811, 0.936915, 0.909063, 0.936652, 0.921713
0.604558, 30.653, 0.610739, 0.4, -0.00361933, 0.936914, 0.909061, 0.936649, 0.92171
0.604608, 30.6497, 0.610659, 0.4, -0.00362055, 0.936912, 0.909058, 0.936645, 0.921707
0.604658, 30.6464, 0.610579, 0.4, -0.00362178, 0.936911, 0.909056, 0.936642, 0.921704
0.604708, 30.6432, 0.610499, 0.4, -0.003623, 0.93691, 0.909054, 0.936639, 0.921701
0.604758, 30.6399, 0.610419, 0.4, -0.00362422, 0.936908, 0.909051, 0.936636, 0.921698
0.604808, 30.6367, 0.610339, 0.4, -0.00362544, 0.936907, 0.909049, 0.936633, 0.921695
0.604858, 30.6334, 0.610259, 0.4, -0.00362666, 0.936906, 0.909046, 0.936629, 0.921692
0.604908, 30.6301, 0.610179, 0.4, -0.00362788, 0.936904, 0.909044, 0.936626, 0.921689
0.604958, 30.6269, 0.610099, 0.4, -0.0036291, 0.936903, 0.909042, 0.936623, 0.921686
0.605008, 30.6236, 0.610019, 0.4, -0.00363032, 0.936901, 0.909039, 0.93662, 0.921683
0.605058, 30.6203, 0.609939, 0.4, -0.00363153, 0.9369, 0.909037, 0.936617, 0.92168
0.605108, 30.6171, 0.609859, 0.4, -0.00363275, 0.936899, 0.909034, 0.936613, 0.921677
0.605158, 30.6138, 0.609779, 0.4, -0.00363397, 0.936897, 0.909032, 0.93661, 0.921674
0.605208, 30.6105, 0.609699, 0.4, -0.00363518, 0.936896, 0.90903, 0.936607, 0.921671
0.605258, 30.6072, 0.609619, 0.4, -0.0036364, 0.936895, 0.909027, 0.936604, 0.921668
0.605308, 30.604, 0.609539, 0.4, -0.00363762, 0.936893, 0.909025, 0.936601, 0.921665
0.605358, 30.6007, 0.609459, 0.4, -0.00363883, 0.936892, 0.909023, 0.936597, 0.921662
0.605408, 30.5974, 0.609379, 0.4, -0.00364005, 0.936891, 0.90902, 0.936594, 0.921659
0.605458, 30.5941, 0.609299, 0.4, -0.00364126, 0.93689, 0.909018, 0.936591, 0.921656
0.605508, 30.5909, 0.609219, 0.4, -0.00364247, 0.936888, 0.909016, 0.936588, 0.921653
0.605558, 30.5876, 0.609139, 0.4, -0.00364369, 0.936887, 0.909013, 0.936585, 0.92165
0.605608, 30.5843, 0.609059, 0.4, -0.0036449, 0.936886, 0.909011, 0.936581, 0.921647
0.605658, 30.581, 0.608979, 0.4, -0.00364611, 0.936884, 0.909008, 0.936578, 0.921644
0.605708, 30.5777, 0.608899, 0.4, -0.00364732, 0.936883, 0.909006, 0.936575, 0.921641
0.605758, 30.5745, 0.608819, 0.4, -0.00364854, 0.936882, 0.909004, 0.936572, 0.921638
0.605808, 30.5712, 0.608739, 0.4, -0.00364975, 0.93688, 0.909001, 0.936568, 0.921635
0.605858, 30.5679, 0.608659, 0.4, -0.00365096, 0.936879, 0.908999, 0.936565, 0.921632
0.605908, 30.5646, 0.608579, 0.4, -0.00365217, 0.936878, 0.908997, 0.936562, 0.921629
0.605958, 30.5613, 0.608499, 0.4, -0.00365338, 0.936876, 0.908994, 0.936559, 0.921626
0.606008, 30.558, 0.608419, 0.4, -0.00365459, 0.936875, 0.908992, 0.936556, 0.921623
0.606058, 30.5547, 0.608339, 0.4, -0.00365579, 0.936874, 0.908989, 0.936553, 0.92162
0.606108, 30.5514, 0.608259, 0.4, -0.003657, 0.936873, 0.908987, 0.936549, 0.921617
0.606158, 30.5482, 0.608179, 0.4, -0.00365821, 0.936871, 0.908985, 0.936546, 0.921614
0.606208, 30.5449, 0.608099, 0.4, -0.00365942, 0.93687, 0.908982, 0.936543, 0.921611
0.606258, 30.5416, 0.608019, 0.4, -0.00366062, 0.936869, 0.90898, 0.93654, 0.921608
0.606308, 30.5383, 0.607939, 0.4, -0.00366183, 0.936868, 0.908978, 0.936537, 0.921605
0.606358, 30.535, 0.607859, 0.4, -0.00366304, 0.936866, 0.908975, 0.936533, 0.921602
0.606408, 30.5317, 0.607779, 0.4, -0.00366424, 0.936865, 0.908973, 0.93653, 0.921599
0.606458, 30.5284, 0.607699, 0.4, -0.00366545, 0.936864, 0.908971, 0.936527, 0.921596
0.606508, 30.5251, 0.607619, 0.4, -0.00366665, 0.936862, 0.908968, 0.936524, 0.921593
0.606558, 30.5218, 0.607539, 0.4, -0.00366785, 0.936861, 0.908966, 0.936521, 0.92159
0.606608, 30.5185, 0.607459, 0.4, -0.00366906, 0.93686, 0.908964, 0.936517, 0.921587
0.606658, 30.5152, 0.607379, 0.4, -0.00367026, 0.936859, 0.908961, 0.936514, 0.921584
0.606708, 30.5119, 0.607299, 0.4, -0.00367146, 0.936857, 0.908959, 0.936511, 0.921581
0.606758, 30.5086, 0.607219, 0.4, -0.00367267, 0.936856, 0.908956, 0.936508, 0.921578
0.606808, 30.5053, 0.607139, 0.4, -0.00367387, 0.936855, 0.908954, 0.936505, 0.921575
0.606858, 30.502, 0.607059, 0.4, -0.00367507, 0.936854, 0.908952, 0.936502, 0.921572
0.606909, 30.4986, 0.606979, 0.4, -0.00367627, 0.936852, 0.908949, 0.936498, 0.921569
0.606959, 30.4953, 0.606899, 0.4, -0.00367747, 0.936851, 0.908947, 0.936495, 0.921566
0.607009, 30.492, 0.606819, 0.4, -0.00367867, 0.93685, 0.908945, 0.936492, 0.921563
0.607059, 30.4887, 0.606739, 0.4, -0.00367987, 0.936849, 0.908942, 0.936489, 0.92156
0.607109, 30.4854, 0.606658, 0.4, -0.00368107, 0.936847, 0.90894, 0.936486, 0.921557
0.607159, 30.4821, 0.606578, 0.4, -0.00368227, 0.936846, 0.908938, 0.936482, 0.921554
0.607209, 30.4788, 0.606498, 0.4, -0.00368346, 0.936845, 0.908935, 0.936479, 0.921551
0.607259, 30.4755, 0.606418, 0.4, -0.00368466, 0.936844, 0.908933, 0.936476, 0.921548
0.607309, 30.4721, 0.606338, 0.4, -0.00368586, 0.936843, 0.908931, 0.936473, 0.921545
0.607359, 30.4688, 0.606258, 0.4, -0.00368705, 0.936841, 0.908928, 0.93647, 0.921542
0.607409, 30.4655, 0.606178, 0.4, -0.00368825, 0.93684, 0.908926, 0.936467, 0.921539
0.607459, 30.4622, 0.606098, 0.4, -0.00368944, 0.936839, 0.908924, 0.936463, 0.921536
0.607509, 30.4589, 0.606018, 0.4, -0.00369064, 0.936838, 0.908921, 0.93646, 0.921533
0.607559, 30.4555, 0.605938, 0.4, -0.00369183, 0.936837, 0.908919, 0.936457, 0.92153
0.607609, 30.4522, 0.605858, 0.4, -0.00369303, 0.936835, 0.908917, 0.936454, 0.921527
0.607659, 30.4489, 0.605778, 0.4, -0.00369422, 0.936834, 0.908914, 0.936451, 0.921524
0.607709, 30.4456, 0.605698, 0.4, -0.00369541, 0.936833, 0.908912, 0.936447, 0.921521
0.607759, 30.4422, 0.605617, 0.4, -0.00369661, 0.936832, 0.90891, 0.936444, 0.921518
0.607809, 30.4389, 0.605538, 0.4, -0.0036978, 0.936831, 0.908907, 0.936441, 0.921515
0.607859, 30.4356, 0.605457, 0.4, -0.00369899, 0.936829, 0.908905, 0.936438, 0.921512
0.607909, 30.4323, 0.605377, 0.4, -0.00370018, 0.936828, 0.908903, 0.936435, 0.921509
0.607959, 30.4289, 0.605297, 0.4, -0.00370137, 0.936827, 0.9089, 0.936432, 0.921506
0.608009, 30.4256, 0.605217, 0.4, -0.00370256, 0.936826, 0.908898, 0.936428, 0.921503
0.608059, 30.4223, 0.605137, 0.4, -0.00370375, 0.936825, 0.908896, 0.936425, 0.9215
0.608109, 30.4189, 0.605057, 0.4, -0.00370494, 0.936823, 0.908893, 0.936422, 0.921497
0.608159, 30.4156, 0.604977, 0.4, -0.00370613, 0.936822, 0.908891, 0.936419, 0.921494
0.608209, 30.4123, 0.604897, 0.4, -0.00370732, 0.936821, 0.908889, 0.936416, 0.921491
0.608259, 30.4089, 0.604817, 0.4, -0.00370851, 0.93682, 0.908886, 0.936413, 0.921488
0.608309, 30.4056, 0.604737, 0.4, -0.00370969, 0.936819, 0.908884, 0.936409, 0.921485
0.608359, 30.4022, 0.604656, 0.4, -0.00371088, 0.936817, 0.908882, 0.936406, 0.921482
0.608409, 30.3989, 0.604577, 0.4, -0.00371207, 0.936816, 0.90888, 0.936403, 0.921479
0.608459, 30.3956, 0.604496, 0.4, -0.00371325, 0.936815, 0.908877, 0.9364, 0.921476
0.608509, 30.3922, 0.604416, 0.4, -0.00371444, 0.936814, 0.908875, 0.936397, 0.921474
0.608559, 30.3889, 0.604336, 0.4, -0.00371562, 0.936813, 0.908873, 0.936393, 0.921471
0.608609, 30.3855, 0.604256, 0.4, -0.00371681, 0.936812, 0.90887, 0.93639, 0.921468
0.608659, 30.3822, 0.604176, 0.4, -0.00371799, 0.93681, 0.908868, 0.936387, 0.921465
0.608709, 30.3788, 0.604096, 0.4, -0.00371918, 0.936809, 0.908866, 0.936384, 0.921462
0.608759, 30.3755, 0.604016, 0.4, -0.00372036, 0.936808, 0.908863, 0.936381, 0.921459
0.608809, 30.3721, 0.603935, 0.4, -0.00372154, 0.936807, 0.908861, 0.936378, 0.921456
0.608859, 30.3688, 0.603855, 0.4, -0.00372272, 0.936806, 0.908859, 0.936374, 0.921453
0.608909, 30.3654, 0.603775, 0.4, -0.00372391, 0.936805, 0.908856, 0.936371, 0.92145
0.608959, 30.3621, 0.603695, 0.4, -0.00372509, 0.936804, 0.908854, 0.936368, 0.921447
0.609009, 30.3587, 0.603615, 0.4, -0.00372627, 0.936802, 0.908852, 0.936365, 0.921444
0.609059, 30.3554, 0.603535, 0.4, -0.00372745, 0.936801, 0.90885, 0.936362, 0.921441
0.609109, 30.352, 0.603455, 0.4, -0.00372863, 0.9368, 0.908847, 0.936359, 0.921438
0.609159, 30.3487, 0.603375, 0.4, -0.00372981, 0.936799, 0.908845, 0.936355, 0.921435
0.609209, 30.3453, 0.603294, 0.4, -0.00373099, 0.936798, 0.908843, 0.936352, 0.921432
0.609259, 30.342, 0.603214, 0.4, -0.00373217, 0.936797, 0.90884, 0.936349, 0.921429
0.609309, 30.3386, 0.603134, 0.4, -0.00373334, 0.936796, 0.908838, 0.936346, 0.921426
0.609359, 30.3352, 0.603054, 0.4, -0.00373452, 0.936795, 0.908836, 0.936343, 0.921423
0.609409, 30.3319, 0.602974, 0.4, -0.0037357, 0.936793, 0.908833, 0.93634, 0.92142
0.609459, 30.3285, 0.602894, 0.4, -0.00373688, 0.936792, 0.908831, 0.936336, 0.921417
0.609509, 30.3251, 0.602814, 0.4, -0.00373805, 0.936791, 0.908829, 0.936333, 0.921414
0.609559, 30.3218, 0.602734, 0.4, -0.00373923, 0.93679, 0.908827, 0.93633, 0.921411
0.609609, 30.3184, 0.602653, 0.4, -0.0037404, 0.936789, 0.908824, 0.936327, 0.921408
0.609659, 30.315, 0.602573, 0.4, -0.00374158, 0.936788, 0.908822, 0.936324, 0.921405
0.609709, 30.3117, 0.602493, 0.4, -0.00374275, 0.936787, 0.90882, 0.936321, 0.921402
0.609759, 30.3083, 0.602413, 0.4, -0.00374393, 0.936786, 0.908817, 0.936318, 0.9214
0.609809, 30.3049, 0.602333, 0.4, -0.0037451, 0.936785, 0.908815, 0.936314, 0.921397
0.609859, 30.3016, 0.602253, 0.4, -0.00374627, 0.936783, 0.908813, 0.936311, 0.921394
0.609909, 30.2982, 0.602173, 0.4, -0.00374744, 0.936782, 0.90881, 0.936308, 0.921391
0.609959, 30.2948, 0.602092, 0.4, -0.00374862, 0.936781, 0.908808, 0.936305, 0.921388
0.610009, 30.2914, 0.602012, 0.4, -0.00374979, 0.93678, 0.908806, 0.936302, 0.921385
0.610059, 30.2881, 0.601932, 0.4, -0.00375096, 0.936779, 0.908804, 0.936299, 0.921382
0.610109, 30.2847, 0.601852, 0.4, -0.00375213, 0.936778, 0.908801, 0.936295, 0.921379
0.610159, 30.2813, 0.601772, 0.4, -0.0037533, 0.936777, 0.908799, 0.936292, 0.921376
0.610209, 30.2779, 0.601691, 0.4, -0.00375447, 0.936776, 0.908797, 0.936289, 0.921373
0.610259, 30.2746, 0.601611, 0.4, -0.00375564, 0.936775, 0.908795, 0.936286, 0.92137
0.610309, 30.2712, 0.601531, 0.4, -0.00375681, 0.936774, 0.908792, 0.936283, 0.921367
0.610359, 30.2678, 0.601451, 0.4, -0.00375797, 0.936773, 0.90879, 0.93628, 0.921364
0.610409, 30.2644, 0.601371, 0.4, -0.00375914, 0.936772, 0.908788, 0.936276, 0.921361
0.610459, 30.261, 0.601291, 0.4, -0.00376031, 0.93677, 0.908785, 0.936273, 0.921358
0.610509, 30.2576, 0.601211, 0.4, -0.00376147, 0.936769, 0.908783, 0.93627, 0.921355
0.610559, 30.2543, 0.60113, 0.4, -0.00376264, 0.936768, 0.908781, 0.936267, 0.921352
0.610609, 30.2509, 0.60105, 0.4, -0.00376381, 0.936767, 0.908779, 0.936264, 0.921349
0.610659, 30.2475, 0.60097, 0.4, -0.00376497, 0.936766, 0.908776, 0.936261, 0.921346
0.610709, 30.2441, 0.60089, 0.4, -0.00376614, 0.936765, 0.908774, 0.936258, 0.921344
0.610759, 30.2407, 0.60081, 0.4, -0.0037673, 0.936764, 0.908772, 0.936254, 0.921341
0.610809, 30.2373, 0.600729, 0.4, -0.00376847, 0.936763, 0.908769, 0.936251, 0.921338
0.610859, 30.2339, 0.600649, 0.4, -0.00376963, 0.936762, 0.908767, 0.936248, 0.921335
0.610909, 30.2305, 0.600569, 0.4, -0.00377079, 0.936761, 0.908765, 0.936245, 0.921332
0.610959, 30.2271, 0.600489, 0.4, -0.00377195, 0.93676, 0.908763, 0.936242, 0.921329
0.611009, 30.2237, 0.600408, 0.4, -0.00377312, 0.936759, 0.90876, 0.936239, 0.921326
0.611059, 30.2203, 0.600328, 0.4, -0.00377428, 0.936758, 0.908758, 0.936235, 0.921323
0.611109, 30.2169, 0.600248, 0.4, -0.00377544, 0.936757, 0.908756, 0.936232, 0.92132
0.611159, 30.2136, 0.600168, 0.4, -0.0037766, 0.936756, 0.908754, 0.936229, 0.921317
0.611209, 30.2101, 0.600088, 0.4, -0.00377776, 0.936755, 0.908751, 0.936226, 0.921314
0.611259, 30.2067, 0.600007, 0.4, -0.00377892, 0.936754, 0.908749, 0.936223, 0.921311
0.611309, 30.2033, 0.599927, 0.4, -0.00378008, 0.936753, 0.908747, 0.93622, 0.921308
0.611359, 30.1999, 0.599847, 0.4, -0.00378124, 0.936751, 0.908745, 0.936217, 0.921305
0.611409, 30.1965, 0.599767, 0.4, -0.0037824, 0.936751, 0.908742, 0.936213, 0.921302
0.611459, 30.1931, 0.599687, 0.4, -0.00378355, 0.936749, 0.90874, 0.93621, 0.9213
0.611509, 30.1897, 0.599606, 0.4, -0.00378471, 0.936748, 0.908738, 0.936207, 0.921297
0.611559, 30.1863, 0.599526, 0.4, -0.00378587, 0.936747, 0.908736, 0.936204, 0.921294
0.611609, 30.1829, 0.599446, 0.4, -0.00378702, 0.936746, 0.908733, 0.936201, 0.921291
0.611659, 30.1795, 0.599366, 0.4, -0.00378818, 0.936745, 0.908731, 0.936198, 0.921288
0.611709, 30.1761, 0.599286, 0.4, -0.00378934, 0.936744, 0.908729, 0.936194, 0.921285
0.611759, 30.1727, 0.599205, 0.4, -0.00379049, 0.936743, 0.908726, 0.936191, 0.921282
0.611809, 30.1693, 0.599125, 0.4, -0.00379164, 0.936742, 0.908724, 0.936188, 0.921279
0.611859, 30.1659, 0.599045, 0.4, -0.0037928, 0.936741, 0.908722, 0.936185, 0.921276
0.611909, 30.1624, 0.598964, 0.4, -0.00379395, 0.93674, 0.90872, 0.936182, 0.921273
0.611959, 30.159, 0.598884, 0.4, -0.0037951, 0.936739, 0.908717, 0.936179, 0.92127
0.612009, 30.1556, 0.598804, 0.4, -0.00379626, 0.936738, 0.908715, 0.936176, 0.921267
0.612059, 30.1522, 0.598724, 0.4, -0.00379741, 0.936737, 0.908713, 0.936172, 0.921264
0.612109, 30.1488, 0.598644, 0.4, -0.00379856, 0.936736, 0.908711, 0.936169, 0.921261
0.612159, 30.1454, 0.598563, 0.4, -0.00379971, 0.936735, 0.908708, 0.936166, 0.921258
0.612209, 30.1419, 0.598483, 0.4, -0.00380086, 0.936734, 0.908706, 0.936163, 0.921256
0.612259, 30.1385, 0.598403, 0.4, -0.00380201, 0.936733, 0.908704, 0.93616, 0.921253
0.612309, 30.1351, 0.598322, 0.4, -0.00380316, 0.936732, 0.908702, 0.936157, 0.92125
0.612359, 30.1317, 0.598242, 0.4, -0.00380431, 0.936731, 0.9087, 0.936154, 0.921247
0.612409, 30.1283, 0.598162, 0.4, -0.00380546, 0.93673, 0.908697, 0.93615, 0.921244
0.612459, 30.1248, 0.598082, 0.4, -0.00380661, 0.936729, 0.908695, 0.936147, 0.921241
0.612509, 30.1214, 0.598001, 0.4, -0.00380776, 0.936728, 0.908693, 0.936144, 0.921238
0.612559, 30.118, 0.597921, 0.4, -0.0038089, 0.936727, 0.90869, 0.936141, 0.921235
0.612609, 30.1145, 0.597841, 0.4, -0.00381005, 0.936726, 0.908688, 0.936138, 0.921232
0.612659, 30.1111, 0.59776, 0.4, -0.0038112, 0.936725, 0.908686, 0.936135, 0.921229
0.612709, 30.1077, 0.59768, 0.4, -0.00381234, 0.936724, 0.908684, 0.936132, 0.921226
0.612759, 30.1043, 0.5976, 0.4, -0.00381349, 0.936723, 0.908681, 0.936128, 0.921223
0.612809, 30.1008, 0.59752, 0.4, -0.00381463, 0.936722, 0.908679, 0.936125, 0.92122
0.612859, 30.0974, 0.59744, 0.4, -0.00381578, 0.936722, 0.908677, 0.936122, 0.921218
0.612909, 30.094, 0.597359, 0.4, -0.00381692, 0.936721, 0.908675, 0.936119, 0.921215
0.61296, 30.0905, 0.597279, 0.4, -0.00381807, 0.93672, 0.908673, 0.936116, 0.921212
0.61301, 30.0871, 0.597199, 0.4, -0.00381921, 0.936719, 0.90867, 0.936113, 0.921209
0.61306, 30.0836, 0.597118, 0.4, -0.00382035, 0.936718, 0.908668, 0.93611, 0.921206
0.61311, 30.0802, 0.597038, 0.4, -0.00382149, 0.936717, 0.908666, 0.936107, 0.921203
0.61316, 30.0768, 0.596958, 0.4, -0.00382264, 0.936716, 0.908664, 0.936103, 0.9212
0.61321, 30.0733, 0.596878, 0.4, -0.00382378, 0.936715, 0.908661, 0.9361, 0.921197
0.61326, 30.0699, 0.596797, 0.4, -0.00382492, 0.936714, 0.908659, 0.936097, 0.921194
0.61331, 30.0664, 0.596717, 0.4, -0.00382606, 0.936713, 0.908657, 0.936094, 0.921191
0.61336, 30.063, 0.596637, 0.4, -0.0038272, 0.936712, 0.908655, 0.936091, 0.921188
0.61341, 30.0595, 0.596556, 0.4, -0.00382834, 0.936711, 0.908652, 0.936088, 0.921185
0.61346, 30.0561, 0.596476, 0.4, -0.00382948, 0.93671, 0.90865, 0.936085, 0.921183
0.61351, 30.0527, 0.596396, 0.4, -0.00383062, 0.936709, 0.908648, 0.936081, 0.92118
0.61356, 30.0492, 0.596315, 0.4, -0.00383175, 0.936708, 0.908646, 0.936078, 0.921177
0.61361, 30.0458, 0.596235, 0.4, -0.00383289, 0.936707, 0.908644, 0.936075, 0.921174
0.61366, 30.0423, 0.596155, 0.4, -0.00383403, 0.936706, 0.908641, 0.936072, 0.921171
0.61371, 30.0389, 0.596074, 0.4, -0.00383516, 0.936705, 0.908639, 0.936069, 0.921168
0.61376, 30.0354, 0.595994, 0.4, -0.0038363, 0.936704, 0.908637, 0.936066, 0.921165
0.61381, 30.0319, 0.595914, 0.4, -0.00383744, 0.936704, 0.908635, 0.936063, 0.921162
0.61386, 30.0285, 0.595833, 0.4, -0.00383857, 0.936703, 0.908632, 0.936059, 0.921159
0.61391, 30.025, 0.595753, 0.4, -0.00383971, 0.936702, 0.90863, 0.936056, 0.921156
0.61396, 30.0216, 0.595673, 0.4, -0.00384084, 0.936701, 0.908628, 0.936053, 0.921153
0.61401, 30.0181, 0.595592, 0.4, -0.00384197, 0.9367, 0.908626, 0.93605, 0.921151
0.61406, 30.0147, 0.595512, 0.4, -0.00384311, 0.936699, 0.908624, 0.936047, 0.921148
0.61411, 30.0112, 0.595432, 0.4, -0.00384424, 0.936698, 0.908621, 0.936044, 0.921145
0.61416, 30.0077, 0.595351, 0.4, -0.00384537, 0.936697, 0.908619, 0.936041, 0.921142
0.61421, 30.0043, 0.595271, 0.4, -0.0038465, 0.936696, 0.908617, 0.936038, 0.921139
0.61426, 30.0008, 0.595191, 0.4, -0.00384763, 0.936695, 0.908615, 0.936034, 0.921136
0.61431, 29.9974, 0.59511, 0.4, -0.00384877, 0.936694, 0.908612, 0.936031, 0.921133
0.61436, 29.9939, 0.59503, 0.4, -0.0038499, 0.936693, 0.90861, 0.936028, 0.92113
0.61441, 29.9904, 0.59495, 0.4, -0.00385103, 0.936693, 0.908608, 0.936025, 0.921127
0.61446, 29.987, 0.594869, 0.4, -0.00385216, 0.936692, 0.908606, 0.936022, 0.921124
0.61451, 29.9835, 0.594789, 0.4, -0.00385328, 0.936691, 0.908603, 0.936019, 0.921121
0.61456, 29.98, 0.594709, 0.4, -0.00385441, 0.93669, 0.908601, 0.936016, 0.921119
0.61461, 29.9766, 0.594628, 0.4, -0.00385554, 0.936689, 0.908599, 0.936012, 0.921116
0.61466, 29.9731, 0.594548, 0.4, -0.00385667, 0.936688, 0.908597, 0.936009, 0.921113
0.61471, 29.9696, 0.594468, 0.4, -0.0038578, 0.936687, 0.908595, 0.936006, 0.92111
0.61476, 29.9662, 0.594387, 0.4, -0.00385892, 0.936686, 0.908592, 0.936003, 0.921107
0.61481, 29.9627, 0.594307, 0.4, -0.00386005, 0.936685, 0.90859, 0.936, 0.921104
0.61486, 29.9592, 0.594226, 0.4, -0.00386117, 0.936684, 0.908588, 0.935997, 0.921101
0.61491, 29.9557, 0.594146, 0.4, -0.0038623, 0.936684, 0.908586, 0.935994, 0.921098
0.61496, 29.9522, 0.594066, 0.4, -0.00386342, 0.936683, 0.908584, 0.935991, 0.921095
0.61501, 29.9488, 0.593985, 0.4, -0.00386455, 0.936682, 0.908581, 0.935987, 0.921092
0.61506, 29.9453, 0.593905, 0.4, -0.00386567, 0.936681, 0.908579, 0.935984, 0.92109
0.61511, 29.9418, 0.593824, 0.4, -0.0038668, 0.93668, 0.908577, 0.935981, 0.921087
0.61516, 29.9383, 0.593744, 0.4, -0.00386792, 0.936679, 0.908575, 0.935978, 0.921084
0.61521, 29.9349, 0.593664, 0.4, -0.00386904, 0.936678, 0.908573, 0.935975, 0.921081
0.61526, 29.9314, 0.593583, 0.4, -0.00387016, 0.936678, 0.90857, 0.935972, 0.921078
0.61531, 29.9279, 0.593503, 0.4, -0.00387128, 0.936677, 0.908568, 0.935969, 0.921075
0.61536, 29.9244, 0.593423, 0.4, -0.00387241, 0.936676, 0.908566, 0.935965, 0.921072
0.61541, 29.9209, 0.593342, 0.4, -0.00387353, 0.936675, 0.908564, 0.935962, 0.921069
0.61546, 29.9174, 0.593262, 0.4, -0.00387465, 0.936674, 0.908561, 0.935959, 0.921066
0.61551, 29.9139, 0.593181, 0.4, -0.00387577, 0.936673, 0.908559, 0.935956, 0.921064
0.61556, 29.9104, 0.593101, 0.4, -0.00387688, 0.936672, 0.908557, 0.935953, 0.921061
0.61561, 29.907, 0.59302, 0.4, -0.003878, 0.936671, 0.908555, 0.93595, 0.921058
0.61566, 29.9035, 0.59294, 0.4, -0.00387912, 0.936671, 0.908553, 0.935947, 0.921055
0.61571, 29.9, 0.59286, 0.4, -0.00388024, 0.93667, 0.908551, 0.935944, 0.921052
0.61576, 29.8965, 0.592779, 0.4, -0.00388136, 0.936669, 0.908548, 0.935941, 0.921049
0.61581, 29.893, 0.592699, 0.4, -0.00388247, 0.936668, 0.908546, 0.935937, 0.921046
0.61586, 29.8895, 0.592618, 0.4, -0.00388359, 0.936667, 0.908544, 0.935934, 0.921043
0.61591, 29.886, 0.592538, 0.4, -0.0038847, 0.936666, 0.908542, 0.935931, 0.92104
0.61596, 29.8825, 0.592458, 0.4, -0.00388582, 0.936665, 0.90854, 0.935928, 0.921037
0.61601, 29.879, 0.592377, 0.4, -0.00388693, 0.936665, 0.908537, 0.935925, 0.921035
0.61606, 29.8755, 0.592297, 0.4, -0.00388805, 0.936664, 0.908535, 0.935922, 0.921032
0.61611, 29.872, 0.592216, 0.4, -0.00388916, 0.936663, 0.908533, 0.935919, 0.921029
0.61616, 29.8685, 0.592136, 0.4, -0.00389028, 0.936662, 0.908531, 0.935915, 0.921026
0.61621, 29.865, 0.592055, 0.4, -0.00389139, 0.936661, 0.908529, 0.935912, 0.921023
0.61626, 29.8615, 0.591975, 0.4, -0.0038925, 0.936661, 0.908526, 0.935909, 0.92102
0.61631, 29.858, 0.591894, 0.4, -0.00389361, 0.93666, 0.908524, 0.935906, 0.921017
0.61636, 29.8545, 0.591814, 0.4, -0.00389472, 0.936659, 0.908522, 0.935903, 0.921014
0.61641, 29.851, 0.591734, 0.4, -0.00389584, 0.936658, 0.90852, 0.9359, 0.921011
0.61646, 29.8475, 0.591653, 0.4, -0.00389695, 0.936657, 0.908518, 0.935897, 0.921009
0.61651, 29.844, 0.591573, 0.4, -0.00389806, 0.936656, 0.908515, 0.935894, 0.921006
0.61656, 29.8405, 0.591492, 0.4, -0.00389917, 0.936656, 0.908513, 0.93589, 0.921003
0.61661, 29.837, 0.591412, 0.4, -0.00390028, 0.936655, 0.908511, 0.935887, 0.921
0.61666, 29.8334, 0.591331, 0.4, -0.00390138, 0.936654, 0.908509, 0.935884, 0.920997
0.61671, 29.8299, 0.591251, 0.4, -0.00390249, 0.936653, 0.908507, 0.935881, 0.920994
0.61676, 29.8264, 0.591171, 0.4, -0.0039036, 0.936652, 0.908504, 0.935878, 0.920991
0.61681, 29.8229, 0.59109, 0.4, -0.00390471, 0.936652, 0.908502, 0.935875, 0.920988
0.61686, 29.8194, 0.59101, 0.4, -0.00390581, 0.936651, 0.9085, 0.935872, 0.920985
0.61691, 29.8159, 0.590929, 0.4, -0.00390692, 0.93665, 0.908498, 0.935869, 0.920983
0.61696, 29.8124, 0.590849, 0.4, -0.00390803, 0.936649, 0.908496, 0.935866, 0.92098
0.61701, 29.8088, 0.590768, 0.4, -0.00390913, 0.936648, 0.908494, 0.935862, 0.920977
0.61706, 29.8053, 0.590688, 0.4, -0.00391024, 0.936648, 0.908491, 0.935859, 0.920974
0.61711, 29.8018, 0.590607, 0.4, -0.00391134, 0.936647, 0.908489, 0.935856, 0.920971
0.61716, 29.7983, 0.590527, 0.4, -0.00391244, 0.936646, 0.908487, 0.935853, 0.920968
0.61721, 29.7948, 0.590446, 0.4, -0.00391355, 0.936645, 0.908485, 0.93585, 0.920965
0.61726, 29.7912, 0.590366, 0.4, -0.00391465, 0.936644, 0.908483, 0.935847, 0.920963
0.61731, 29.7877, 0.590286, 0.4, -0.00391575, 0.936644, 0.908481, 0.935844, 0.92096
0.61736, 29.7842, 0.590205, 0.4, -0.00391686, 0.936643, 0.908478, 0.935841, 0.920957
0.61741, 29.7807, 0.590125, 0.4, -0.00391796, 0.936642, 0.908476, 0.935837, 0.920954
0.61746, 29.7771, 0.590044, 0.4, -0.00391906, 0.936641, 0.908474, 0.935834, 0.920951
0.61751, 29.7736, 0.589964, 0.4, -0.00392016, 0.936641, 0.908472, 0.935831, 0.920948
0.61756, 29.7701, 0.589883, 0.4, -0.00392126, 0.93664, 0.90847, 0.935828, 0.920945
0.61761, 29.7666, 0.589803, 0.4, -0.00392236, 0.936639, 0.908467, 0.935825, 0.920942
0.61766, 29.763, 0.589722, 0.4, -0.00392346, 0.936638, 0.908465, 0.935822, 0.920939
0.61771, 29.7595, 0.589642, 0.4, -0.00392456, 0.936637, 0.908463, 0.935819, 0.920937
0.61776, 29.756, 0.589561, 0.4, -0.00392565, 0.936637, 0.908461, 0.935816, 0.920934
0.61781, 29.7524, 0.589481, 0.4, -0.00392675, 0.936636, 0.908459, 0.935812, 0.920931
0.61786, 29.7489, 0.5894, 0.4, -0.00392785, 0.936635, 0.908457, 0.935809, 0.920928
0.61791, 29.7454, 0.58932, 0.4, -0.00392895, 0.936634, 0.908454, 0.935806, 0.920925
0.61796, 29.7418, 0.589239, 0.4, -0.00393004, 0.936634, 0.908452, 0.935803, 0.920922
0.61801, 29.7383, 0.589159, 0.4, -0.00393114, 0.936633, 0.90845, 0.9358, 0.920919
0.61806, 29.7347, 0.589078, 0.4, -0.00393223, 0.936632, 0.908448, 0.935797, 0.920916
0.61811, 29.7312, 0.588998, 0.4, -0.00393333, 0.936631, 0.908446, 0.935794, 0.920914
0.61816, 29.7277, 0.588917, 0.4, -0.00393442, 0.93663, 0.908444, 0.935791, 0.920911
0.61821, 29.7241, 0.588837, 0.4, -0.00393552, 0.93663, 0.908441, 0.935788, 0.920908
0.61826, 29.7206, 0.588756, 0.4, -0.00393661, 0.936629, 0.908439, 0.935784, 0.920905
0.61831, 29.717, 0.588676, 0.4, -0.0039377, 0.936628, 0.908437, 0.935781, 0.920902
0.61836, 29.7135, 0.588595, 0.4, -0.0039388, 0.936628, 0.908435, 0.935778, 0.920899
0.61841, 29.7099, 0.588514, 0.4, -0.00393989, 0.936627, 0.908433, 0.935775, 0.920896
0.61846, 29.7064, 0.588434, 0.4, -0.00394098, 0.936626, 0.908431, 0.935772, 0.920893
0.61851, 29.7029, 0.588354, 0.4, -0.00394207, 0.936625, 0.908429, 0.935769, 0.920891
0.61856, 29.6993, 0.588273, 0.4, -0.00394316, 0.936625, 0.908426, 0.935766, 0.920888
0.61861, 29.6957, 0.588192, 0.4, -0.00394425, 0.936624, 0.908424, 0.935763, 0.920885
0.61866, 29.6922, 0.588112, 0.4, -0.00394534, 0.936623, 0.908422, 0.93576, 0.920882
0.61871, 29.6887, 0.588031, 0.4, -0.00394643, 0.936622, 0.90842, 0.935757, 0.920879
0.61876, 29.6851, 0.587951, 0.4, -0.00394752, 0.936622, 0.908418, 0.935753, 0.920876
0.61881, 29.6815, 0.58787, 0.4, -0.00394861, 0.936621, 0.908416, 0.93575, 0.920873
0.61886, 29.678, 0.58779, 0.4, -0.0039497, 0.93662, 0.908413, 0.935747, 0.920871
0.61891, 29.6744, 0.587709, 0.4, -0.00395079, 0.93662, 0.908411, 0.935744, 0.920868
0.61896, 29.6709, 0.587629, 0.4, -0.00395187, 0.936619, 0.908409, 0.935741, 0.920865
0.619011, 29.6673, 0.587548, 0.4, -0.00395296, 0.936618, 0.908407, 0.935738, 0.920862
0.619061, 29.6638, 0.587468, 0.4, -0.00395405, 0.936617, 0.908405, 0.935735, 0.920859
0.619111, 29.6602, 0.587387, 0.4, -0.00395513, 0.936617, 0.908403, 0.935732, 0.920856
0.619161, 29.6566, 0.587306, 0.4, -0.00395622, 0.936616, 0.9084, 0.935728, 0.920853
0.619211, 29.6531, 0.587226, 0.4, -0.0039573, 0.936615, 0.908398, 0.935725, 0.920851
0.619261, 29.6495, 0.587145, 0.4, -0.00395839, 0.936615, 0.908396, 0.935722, 0.920848
0.619311, 29.646, 0.587065, 0.4, -0.00395947, 0.936614, 0.908394, 0.935719, 0.920845
0.619361, 29.6424, 0.586984, 0.4, -0.00396055, 0.936613, 0.908392, 0.935716, 0.920842
0.619411, 29.6388, 0.586904, 0.4, -0.00396164, 0.936612, 0.90839, 0.935713, 0.920839
0.619461, 29.6353, 0.586823, 0.4, -0.00396272, 0.936612, 0.908388, 0.93571, 0.920836
0.619511, 29.6317, 0.586743, 0.4, -0.0039638, 0.936611, 0.908385, 0.935707, 0.920833
0.619561, 29.6281, 0.586662, 0.4, -0.00396488, 0.93661, 0.908383, 0.935704, 0.92083
0.619611, 29.6246, 0.586581, 0.4, -0.00396596, 0.93661, 0.908381, 0.9357, 0.920828
0.619661, 29.621, 0.586501, 0.4, -0.00396704, 0.936609, 0.908379, 0.935697, 0.920825
0.619711, 29.6174, 0.58642, 0.4, -0.00396812, 0.936608, 0.908377, 0.935694, 0.920822
0.619761, 29.6138, 0.586339, 0.4, -0.0039692, 0.936607, 0.908375, 0.935691, 0.920819
0.619811, 29.6103, 0.586259, 0.4, -0.00397028, 0.936607, 0.908373, 0.935688, 0.920816
0.619861, 29.6067, 0.586178, 0.4, -0.00397136, 0.936606, 0.90837, 0.935685, 0.920813
0.619911, 29.6031, 0.586098, 0.4, -0.00397243, 0.936605, 0.908368, 0.935682, 0.92081
0.619961, 29.5996, 0.586017, 0.4, -0.00397351, 0.936605, 0.908366, 0.935679, 0.920808
0.620011, 29.596, 0.585936, 0.4, -0.00397459, 0.936604, 0.908364, 0.935676, 0.920805
0.620061, 29.5924, 0.585856, 0.4, -0.00397567, 0.936603, 0.908362, 0.935672, 0.920802
0.620111, 29.5888, 0.585775, 0.4, -0.00397674, 0.936603, 0.90836, 0.935669, 0.920799
0.620161, 29.5852, 0.585695, 0.4, -0.00397782, 0.936602, 0.908358, 0.935666, 0.920796
0.620211, 29.5817, 0.585614, 0.4, -0.00397889, 0.936601, 0.908355, 0.935663, 0.920793
0.620261, 29.5781, 0.585533, 0.4, -0.00397997, 0.936601, 0.908353, 0.93566, 0.92079
0.620311, 29.5745, 0.585453, 0.4, -0.00398104, 0.9366, 0.908351, 0.935657, 0.920788
0.620361, 29.5709, 0.585372, 0.4, -0.00398211, 0.936599, 0.908349, 0.935654, 0.920785
0.620411, 29.5673, 0.585292, 0.4, -0.00398319, 0.936599, 0.908347, 0.935651, 0.920782
0.620461, 29.5637, 0.585211, 0.4, -0.00398426, 0.936598, 0.908345, 0.935648, 0.920779
0.620511, 29.5602, 0.58513, 0.4, -0.00398533, 0.936597, 0.908343, 0.935644, 0.920776
0.620561, 29.5566, 0.58505, 0.4, -0.0039864, 0.936597, 0.90834, 0.935641, 0.920773
0.620611, 29.553, 0.584969, 0.4, -0.00398747, 0.936596, 0.908338, 0.935638, 0.92077
0.620661, 29.5494, 0.584888, 0.4, -0.00398855, 0.936595, 0.908336, 0.935635, 0.920768
0.620711, 29.5458, 0.584808, 0.4, -0.00398962, 0.936595, 0.908334, 0.935632, 0.920765
0.620761, 29.5422, 0.584727, 0.4, -0.00399069, 0.936594, 0.908332, 0.935629, 0.920762
0.620811, 29.5386, 0.584647, 0.4, -0.00399176, 0.936593, 0.90833, 0.935626, 0.920759
0.620861, 29.535, 0.584566, 0.4, -0.00399282, 0.936593, 0.908328, 0.935623, 0.920756
0.620911, 29.5314, 0.584485, 0.4, -0.00399389, 0.936592, 0.908325, 0.93562, 0.920753
0.620961, 29.5278, 0.584404, 0.4, -0.00399496, 0.936591, 0.908323, 0.935616, 0.92075
0.621011, 29.5242, 0.584324, 0.4, -0.00399603, 0.936591, 0.908321, 0.935613, 0.920748
0.621061, 29.5206, 0.584243, 0.4, -0.00399709, 0.93659, 0.908319, 0.93561, 0.920745
0.621111, 29.517, 0.584162, 0.4, -0.00399816, 0.936589, 0.908317, 0.935607, 0.920742
0.621161, 29.5134, 0.584082, 0.4, -0.00399923, 0.936589, 0.908315, 0.935604, 0.920739
0.621211, 29.5098, 0.584001, 0.4, -0.00400029, 0.936588, 0.908312, 0.935601, 0.920736
0.621261, 29.5062, 0.583921, 0.4, -0.00400136, 0.936587, 0.90831, 0.935598, 0.920733
0.621311, 29.5026, 0.58384, 0.4, -0.00400242, 0.936587, 0.908308, 0.935595, 0.92073
0.621361, 29.499, 0.583759, 0.4, -0.00400349, 0.936586, 0.908306, 0.935592, 0.920728
0.621411, 29.4954, 0.583678, 0.4, -0.00400455, 0.936586, 0.908304, 0.935589, 0.920725
0.621461, 29.4918, 0.583598, 0.4, -0.00400561, 0.936585, 0.908302, 0.935585, 0.920722
0.621511, 29.4882, 0.583517, 0.4, -0.00400668, 0.936584, 0.9083, 0.935582, 0.920719
0.621561, 29.4846, 0.583436, 0.4, -0.00400774, 0.936584, 0.908298, 0.935579, 0.920716
0.621611, 29.481, 0.583356, 0.4, -0.0040088, 0.936583, 0.908296, 0.935576, 0.920713
0.621661, 29.4774, 0.583275, 0.4, -0.00400986, 0.936582, 0.908293, 0.935573, 0.92071
0.621711, 29.4738, 0.583194, 0.4, -0.00401092, 0.936582, 0.908291, 0.93557, 0.920708
0.621761, 29.4702, 0.583114, 0.4, -0.00401198, 0.936581, 0.908289, 0.935567, 0.920705
0.621811, 29.4666, 0.583033, 0.4, -0.00401304, 0.93658, 0.908287, 0.935564, 0.920702
0.621861, 29.463, 0.582952, 0.4, -0.0040141, 0.93658, 0.908285, 0.935561, 0.920699
0.621911, 29.4593, 0.582872, 0.4, -0.00401516, 0.936579, 0.908283, 0.935557, 0.920696
0.621961, 29.4557, 0.582791, 0.4, -0.00401622, 0.936579, 0.908281, 0.935554, 0.920693
0.622011, 29.4521, 0.58271, 0.4, -0.00401728, 0.936578, 0.908278, 0.935551, 0.92069
0.622061, 29.4485, 0.582629, 0.4, -0.00401834, 0.936577, 0.908276, 0.935548, 0.920688
0.622111, 29.4449, 0.582549, 0.4, -0.0040194, 0.936577, 0.908274, 0.935545, 0.920685
0.622161, 29.4413, 0.582468, 0.4, -0.00402045, 0.936576, 0.908272, 0.935542, 0.920682
0.622211, 29.4376, 0.582387, 0.4, -0.00402151, 0.936575, 0.90827, 0.935539, 0.920679
0.622261, 29.434, 0.582307, 0.4, -0.00402256, 0.936575, 0.908268, 0.935536, 0.920676
0.622311, 29.4304, 0.582226, 0.4, -0.00402362, 0.936574, 0.908266, 0.935533, 0.920673
0.622361, 29.4268, 0.582145, 0.4, -0.00402468, 0.936574, 0.908264, 0.935529, 0.92067
0.622411, 29.4232, 0.582064, 0.4, -0.00402573, 0.936573, 0.908261, 0.935526, 0.920668
0.622461, 29.4195, 0.581984, 0.4, -0.00402678, 0.936572, 0.908259, 0.935523, 0.920665
0.622511, 29.4159, 0.581903, 0.4, -0.00402784, 0.936572, 0.908257, 0.93552, 0.920662
0.622561, 29.4123, 0.581822, 0.4, -0.00402889, 0.936571, 0.908255, 0.935517, 0.920659
0.622611, 29.4087, 0.581742, 0.4, -0.00402994, 0.936571, 0.908253, 0.935514, 0.920656
0.622661, 29.405, 0.581661, 0.4, -0.00403099, 0.93657, 0.908251, 0.935511, 0.920653
0.622711, 29.4014, 0.58158, 0.4, -0.00403204, 0.936569, 0.908249, 0.935508, 0.92065
0.622761, 29.3978, 0.581499, 0.4, -0.00403309, 0.936569, 0.908247, 0.935505, 0.920648
0.622811, 29.3941, 0.581419, 0.4, -0.00403414, 0.936568, 0.908244, 0.935501, 0.920645
0.622861, 29.3905, 0.581338, 0.4, -0.00403519, 0.936568, 0.908242, 0.935498, 0.920642
0.622911, 29.3869, 0.581257, 0.4, -0.00403624, 0.936567, 0.90824, 0.935495, 0.920639
0.622961, 29.3833, 0.581176, 0.4, -0.00403729, 0.936566, 0.908238, 0.935492, 0.920636
0.623011, 29.3796, 0.581096, 0.4, -0.00403834, 0.936566, 0.908236, 0.935489, 0.920633
0.623061, 29.376, 0.581015, 0.4, -0.00403939, 0.936565, 0.908234, 0.935486, 0.920631
0.623111, 29.3723, 0.580934, 0.4, -0.00404044, 0.936565, 0.908232, 0.935483, 0.920628
0.623161, 29.3687, 0.580853, 0.4, -0.00404148, 0.936564, 0.90823, 0.93548, 0.920625
0.623211, 29.3651, 0.580773, 0.4, -0.00404253, 0.936563, 0.908227, 0.935477, 0.920622
0.623261, 29.3614, 0.580692, 0.4, -0.00404358, 0.936563, 0.908225, 0.935474, 0.920619
0.623311, 29.3578, 0.580611, 0.4, -0.00404462, 0.936562, 0.908223, 0.93547, 0.920616
0.623361, 29.3542, 0.58053, 0.4, -0.00404567, 0.936562, 0.908221, 0.935467, 0.920613
0.623411, 29.3505, 0.580449, 0.4, -0.00404671, 0.936561, 0.908219, 0.935464, 0.920611
0.623461, 29.3469, 0.580369, 0.4, -0.00404776, 0.936561, 0.908217, 0.935461, 0.920608
0.623511, 29.3432, 0.580288, 0.4, -0.0040488, 0.93656, 0.908215, 0.935458, 0.920605
0.623561, 29.3396, 0.580207, 0.4, -0.00404984, 0.936559, 0.908213, 0.935455, 0.920602
0.623611, 29.3359, 0.580126, 0.4, -0.00405089, 0.936559, 0.908211, 0.935452, 0.920599
0.623661, 29.3323, 0.580046, 0.4, -0.00405193, 0.936558, 0.908208, 0.935449, 0.920596
0.623711, 29.3286, 0.579965, 0.4, -0.00405297, 0.936558, 0.908206, 0.935446, 0.920594
0.623761, 29.325, 0.579884, 0.4, -0.00405401, 0.936557, 0.908204, 0.935442, 0.920591
0.623811, 29.3213, 0.579803, 0.4, -0.00405505, 0.936557, 0.908202, 0.935439, 0.920588
0.623861, 29.3177, 0.579722, 0.4, -0.00405609, 0.936556, 0.9082, 0.935436, 0.920585
0.623911, 29.314, 0.579642, 0.4, -0.00405713, 0.936555, 0.908198, 0.935433, 0.920582
0.623961, 29.3104, 0.579561, 0.4, -0.00405817, 0.936555, 0.908196, 0.93543, 0.920579
0.624011, 29.3067, 0.57948, 0.4, -0.00405921, 0.936554, 0.908194, 0.935427, 0.920576
0.624061, 29.3031, 0.579399, 0.4, -0.00406025, 0.936554, 0.908192, 0.935424, 0.920574
0.624111, 29.2994, 0.579318, 0.4, -0.00406129, 0.936553, 0.908189, 0.935421, 0.920571
0.624161, 29.2958, 0.579238, 0.4, -0.00406233, 0.936553, 0.908187, 0.935418, 0.920568
0.624211, 29.2921, 0.579157, 0.4, -0.00406336, 0.936552, 0.908185, 0.935414, 0.920565
0.624261, 29.2885, 0.579076, 0.4, -0.0040644, 0.936552, 0.908183, 0.935411, 0.920562
0.624311, 29.2848, 0.578995, 0.4, -0.00406544, 0.936551, 0.908181, 0.935408, 0.920559
0.624361, 29.2811, 0.578914, 0.4, -0.00406647, 0.93655, 0.908179, 0.935405, 0.920556
0.624411, 29.2775, 0.578833, 0.4, -0.00406751, 0.93655, 0.908177, 0.935402, 0.920554
0.624461, 29.2738, 0.578753, 0.4, -0.00406854, 0.936549, 0.908175, 0.935399, 0.920551
0.624511, 29.2702, 0.578672, 0.4, -0.00406958, 0.936549, 0.908172, 0.935396, 0.920548
0.624561, 29.2665, 0.578591, 0.4, -0.00407061, 0.936548, 0.90817, 0.935393, 0.920545
0.624611, 29.2628, 0.57851, 0.4, -0.00407165, 0.936548, 0.908168, 0.93539, 0.920542
0.624661, 29.2592, 0.578429, 0.4, -0.00407268, 0.936547, 0.908166, 0.935386, 0.920539
0.624711, 29.2555, 0.578348, 0.4, -0.00407371, 0.936547, 0.908164, 0.935383, 0.920537
0.624761, 29.2518, 0.578268, 0.4, -0.00407474, 0.936546, 0.908162, 0.93538, 0.920534
0.624811, 29.2482, 0.578187, 0.4, -0.00407577, 0.936545, 0.90816, 0.935377, 0.920531
0.624861, 29.2445, 0.578106, 0.4, -0.00407681, 0.936545, 0.908158, 0.935374, 0.920528
0.624911, 29.2408, 0.578025, 0.4, -0.00407784, 0.936545, 0.908156, 0.935371, 0.920525
0.624961, 29.2372, 0.577944, 0.4, -0.00407887, 0.936544, 0.908153, 0.935368, 0.920522
0.625012, 29.2335, 0.577863, 0.4, -0.0040799, 0.936543, 0.908151, 0.935365, 0.920519
0.625062, 29.2298, 0.577782, 0.4, -0.00408093, 0.936543, 0.908149, 0.935362, 0.920517
0.625112, 29.2261, 0.577701, 0.4, -0.00408195, 0.936542, 0.908147, 0.935358, 0.920514
0.625162, 29.2225, 0.577621, 0.4, -0.00408298, 0.936542, 0.908145, 0.935355, 0.920511
0.625212, 29.2188, 0.57754, 0.4, -0.00408401, 0.936541, 0.908143, 0.935352, 0.920508
0.625262, 29.2151, 0.577459, 0.4, -0.00408504, 0.936541, 0.908141, 0.935349, 0.920505
0.625312, 29.2114, 0.577378, 0.4, -0.00408606, 0.93654, 0.908139, 0.935346, 0.920502
0.625362, 29.2078, 0.577297, 0.4, -0.00408709, 0.93654, 0.908136, 0.935343, 0.9205
0.625412, 29.2041, 0.577216, 0.4, -0.00408812, 0.936539, 0.908134, 0.93534, 0.920497
0.625462, 29.2004, 0.577135, 0.4, -0.00408914, 0.936539, 0.908132, 0.935337, 0.920494
0.625512, 29.1967, 0.577055, 0.4, -0.00409017, 0.936538, 0.90813, 0.935334, 0.920491
0.625562, 29.193, 0.576974, 0.4, -0.00409119, 0.936538, 0.908128, 0.93533, 0.920488
0.625612, 29.1894, 0.576893, 0.4, -0.00409221, 0.936537, 0.908126, 0.935327, 0.920485
0.625662, 29.1857, 0.576812, 0.4, -0.00409324, 0.936537, 0.908124, 0.935324, 0.920483
0.625712, 29.182, 0.576731, 0.4, -0.00409426, 0.936536, 0.908122, 0.935321, 0.92048
0.625762, 29.1783, 0.57665, 0.4, -0.00409528, 0.936536, 0.90812, 0.935318, 0.920477
0.625812, 29.1746, 0.576569, 0.4, -0.0040963, 0.936535, 0.908118, 0.935315, 0.920474
0.625862, 29.1709, 0.576488, 0.4, -0.00409732, 0.936535, 0.908115, 0.935312, 0.920471
0.625912, 29.1672, 0.576407, 0.4, -0.00409835, 0.936534, 0.908113, 0.935309, 0.920468
0.625962, 29.1636, 0.576326, 0.4, -0.00409937, 0.936533, 0.908111, 0.935306, 0.920465
0.626012, 29.1599, 0.576246, 0.4, -0.00410039, 0.936533, 0.908109, 0.935302, 0.920463
0.626062, 29.1562, 0.576165, 0.4, -0.00410141, 0.936532, 0.908107, 0.935299, 0.92046
0.626112, 29.1525, 0.576084, 0.4, -0.00410243, 0.936532, 0.908105, 0.935296, 0.920457
0.626162, 29.1488, 0.576003, 0.4, -0.00410344, 0.936532, 0.908103, 0.935293, 0.920454
0.626212, 29.1451, 0.575922, 0.4, -0.00410446, 0.936531, 0.908101, 0.93529, 0.920451
0.626262, 29.1414, 0.575841, 0.4, -0.00410548, 0.93653, 0.908099, 0.935287, 0.920448
0.626312, 29.1377, 0.57576, 0.4, -0.0041065, 0.93653, 0.908096, 0.935284, 0.920446
0.626362, 29.134, 0.575679, 0.4, -0.00410751, 0.93653, 0.908094, 0.935281, 0.920443
0.626412, 29.1303, 0.575598, 0.4, -0.00410853, 0.936529, 0.908092, 0.935278, 0.92044
0.626462, 29.1266, 0.575517, 0.4, -0.00410955, 0.936528, 0.90809, 0.935274, 0.920437
0.626512, 29.1229, 0.575436, 0.4, -0.00411056, 0.936528, 0.908088, 0.935271, 0.920434
0.626562, 29.1192, 0.575355, 0.4, -0.00411158, 0.936528, 0.908086, 0.935268, 0.920431
0.626612, 29.1155, 0.575274, 0.4, -0.00411259, 0.936527, 0.908084, 0.935265, 0.920428
0.626662, 29.1118, 0.575193, 0.4, -0.0041136, 0.936527, 0.908082, 0.935262, 0.920426
0.626712, 29.1081, 0.575112, 0.4, -0.00411462, 0.936526, 0.90808, 0.935259, 0.920423
0.626762, 29.1044, 0.575031, 0.4, -0.00411563, 0.936526, 0.908078, 0.935256, 0.92042
0.626812, 29.1007, 0.574951, 0.4, -0.00411664, 0.936525, 0.908075, 0.935253, 0.920417
0.626862, 29.097, 0.57487, 0.4, -0.00411766, 0.936525, 0.908073, 0.93525, 0.920414
0.626912, 29.0933, 0.574789, 0.4, -0.00411867, 0.936524, 0.908071, 0.935246, 0.920411
0.626962, 29.0896, 0.574708, 0.4, -0.00411968, 0.936524, 0.908069, 0.935243, 0.920408
0.627012, 29.0859, 0.574627, 0.4, -0.00412069, 0.936523, 0.908067, 0.93524, 0.920406
0.627062, 29.0822, 0.574546, 0.4, -0.0041217, 0.936523, 0.908065, 0.935237, 0.920403
0.627112, 29.0785, 0.574465, 0.4, -0.00412271, 0.936522, 0.908063, 0.935234, 0.9204
0.627162, 29.0747, 0.574384, 0.4, -0.00412372, 0.936522, 0.908061, 0.935231, 0.920397
0.627212, 29.071, 0.574303, 0.4, -0.00412473, 0.936521, 0.908059, 0.935228, 0.920394
0.627262, 29.0673, 0.574222, 0.4, -0.00412574, 0.936521, 0.908057, 0.935225, 0.920391
0.627312, 29.0636, 0.574141, 0.4, -0.00412674, 0.936521, 0.908055, 0.935222, 0.920389
0.627362, 29.0599, 0.57406, 0.4, -0.00412775, 0.93652, 0.908052, 0.935218, 0.920386
0.627412, 29.0562, 0.573979, 0.4, -0.00412876, 0.93652, 0.90805, 0.935215, 0.920383
0.627462, 29.0525, 0.573898, 0.4, -0.00412976, 0.936519, 0.908048, 0.935212, 0.92038
0.627512, 29.0487, 0.573817, 0.4, -0.00413077, 0.936519, 0.908046, 0.935209, 0.920377
0.627562, 29.045, 0.573736, 0.4, -0.00413178, 0.936518, 0.908044, 0.935206, 0.920374
0.627612, 29.0413, 0.573655, 0.4, -0.00413278, 0.936518, 0.908042, 0.935203, 0.920372
0.627662, 29.0376, 0.573574, 0.4, -0.00413379, 0.936517, 0.90804, 0.9352, 0.920369
0.627712, 29.0339, 0.573493, 0.4, -0.00413479, 0.936517, 0.908038, 0.935197, 0.920366
0.627762, 29.0301, 0.573412, 0.4, -0.00413579, 0.936516, 0.908036, 0.935194, 0.920363
0.627812, 29.0264, 0.573331, 0.4, -0.00413679, 0.936516, 0.908034, 0.93519, 0.92036
0.627862, 29.0227, 0.57325, 0.4, -0.0041378, 0.936515, 0.908032, 0.935187, 0.920357
0.627912, 29.019, 0.573169, 0.4, -0.0041388, 0.936515, 0.908029, 0.935184, 0.920355
0.627962, 29.0153, 0.573088, 0.4, -0.0041398, 0.936515, 0.908027, 0.935181, 0.920352
0.628012, 29.0115, 0.573007, 0.4, -0.0041408, 0.936514, 0.908025, 0.935178, 0.920349
0.628062, 29.0078, 0.572926, 0.4, -0.0041418, 0.936514, 0.908023, 0.935175, 0.920346
0.628112, 29.0041, 0.572845, 0.4, -0.0041428, 0.936513, 0.908021, 0.935172, 0.920343
0.628162, 29.0003, 0.572764, 0.4, -0.0041438, 0.936513, 0.908019, 0.935169, 0.92034
0.628212, 28.9966, 0.572683, 0.4, -0.0041448, 0.936512, 0.908017, 0.935166, 0.920338
0.628262, 28.9929, 0.572602, 0.4, -0.0041458, 0.936512, 0.908015, 0.935162, 0.920335
0.628312, 28.9891, 0.572521, 0.4, -0.0041468, 0.936512, 0.908013, 0.935159, 0.920332
0.628362, 28.9854, 0.57244, 0.4, -0.0041478, 0.936511, 0.908011, 0.935156, 0.920329
0.628412, 28.9817, 0.572359, 0.4, -0.00414879, 0.936511, 0.908009, 0.935153, 0.920326
0.628462, 28.9779, 0.572278, 0.4, -0.00414979, 0.93651, 0.908007, 0.93515, 0.920323
0.628512, 28.9742, 0.572197, 0.4, -0.00415079, 0.93651, 0.908004, 0.935147, 0.920321
0.628562, 28.9705, 0.572116, 0.4, -0.00415178, 0.936509, 0.908002, 0.935144, 0.920318
0.628612, 28.9667, 0.572035, 0.4, -0.00415278, 0.936509, 0.908, 0.935141, 0.920315
0.628662, 28.963, 0.571954, 0.4, -0.00415377, 0.936509, 0.907998, 0.935138, 0.920312
0.628712, 28.9593, 0.571873, 0.4, -0.00415477, 0.936508, 0.907996, 0.935134, 0.920309
0.628762, 28.9555, 0.571792, 0.4, -0.00415576, 0.936508, 0.907994, 0.935131, 0.920306
0.628812, 28.9518, 0.571711, 0.4, -0.00415675, 0.936507, 0.907992, 0.935128, 0.920304
0.628862, 28.948, 0.57163, 0.4, -0.00415775, 0.936507, 0.90799, 0.935125, 0.920301
0.628912, 28.9443, 0.571549, 0.4, -0.00415874, 0.936506, 0.907988, 0.935122, 0.920298
0.628962, 28.9406, 0.571468, 0.4, -0.00415973, 0.936506, 0.907986, 0.935119, 0.920295
0.629012, 28.9368, 0.571387, 0.4, -0.00416072, 0.936506, 0.907984, 0.935116, 0.920292
0.629062, 28.9331, 0.571306, 0.4, -0.00416171, 0.936505, 0.907981, 0.935113, 0.920289
0.629112, 28.9293, 0.571225, 0.4, -0.0041627, 0.936505, 0.907979, 0.93511, 0.920287
0.629162, 28.9256, 0.571144, 0.4, -0.00416369, 0.936504, 0.907977, 0.935106, 0.920284
0.629212, 28.9218, 0.571063, 0.4, -0.00416468, 0.936504, 0.907975, 0.935103, 0.920281
0.629262, 28.9181, 0.570982, 0.4, -0.00416567, 0.936503, 0.907973, 0.9351, 0.920278
0.629312, 28.9143, 0.570901, 0.4, -0.00416666, 0.936503, 0.907971, 0.935097, 0.920275
0.629362, 28.9106, 0.57082, 0.4, -0.00416765, 0.936503, 0.907969, 0.935094, 0.920272
0.629412, 28.9068, 0.570738, 0.4, -0.00416864, 0.936502, 0.907967, 0.935091, 0.920269
0.629462, 28.9031, 0.570657, 0.4, -0.00416963, 0.936502, 0.907965, 0.935088, 0.920267
0.629512, 28.8993, 0.570576, 0.4, -0.00417061, 0.936501, 0.907963, 0.935085, 0.920264
0.629562, 28.8956, 0.570495, 0.4, -0.0041716, 0.936501, 0.907961, 0.935082, 0.920261
0.629612, 28.8918, 0.570414, 0.4, -0.00417259, 0.936501, 0.907958, 0.935078, 0.920258
0.629662, 28.8881, 0.570333, 0.4, -0.00417357, 0.9365, 0.907956, 0.935075, 0.920255
0.629712, 28.8843, 0.570252, 0.4, -0.00417456, 0.9365, 0.907954, 0.935072, 0.920252
0.629762, 28.8805, 0.570171, 0.4, -0.00417554, 0.936499, 0.907952, 0.935069, 0.92025
0.629812, 28.8768, 0.57009, 0.4, -0.00417652, 0.936499, 0.90795, 0.935066, 0.920247
0.629862, 28.873, 0.570009, 0.4, -0.00417751, 0.936499, 0.907948, 0.935063, 0.920244
0.629912, 28.8693, 0.569928, 0.4, -0.00417849, 0.936498, 0.907946, 0.93506, 0.920241
0.629962, 28.8655, 0.569847, 0.4, -0.00417947, 0.936498, 0.907944, 0.935057, 0.920238
0.630012, 28.8617, 0.569765, 0.4, -0.00418046, 0.936497, 0.907942, 0.935054, 0.920235
0.630062, 28.858, 0.569684, 0.4, -0.00418144, 0.936497, 0.90794, 0.93505, 0.920233
0.630112, 28.8542, 0.569603, 0.4, -0.00418242, 0.936497, 0.907938, 0.935047, 0.92023
0.630162, 28.8504, 0.569522, 0.4, -0.0041834, 0.936496, 0.907936, 0.935044, 0.920227
0.630212, 28.8467, 0.569441, 0.4, -0.00418438, 0.936496, 0.907933, 0.935041, 0.920224
0.630262, 28.8429, 0.56936, 0.4, -0.00418536, 0.936495, 0.907931, 0.935038, 0.920221
0.630312, 28.8392, 0.569279, 0.4, -0.00418634, 0.936495, 0.907929, 0.935035, 0.920218
0.630362, 28.8354, 0.569198, 0.4, -0.00418732, 0.936495, 0.907927, 0.935032, 0.920215
0.630412, 28.8316, 0.569117, 0.4, -0.00418829, 0.936494, 0.907925, 0.935029, 0.920213
0.630462, 28.8278, 0.569036, 0.4, -0.00418927, 0.936494, 0.907923, 0.935025, 0.92021
0.630512, 28.8241, 0.568954, 0.4, -0.00419025, 0.936494, 0.907921, 0.935022, 0.920207
0.630562, 28.8203, 0.568873, 0.4, -0.00419122, 0.936493, 0.907919, 0.935019, 0.920204
0.630612, 28.8165, 0.568792, 0.4, -0.0041922, 0.936493, 0.907917, 0.935016, 0.920201
0.630662, 28.8128, 0.568711, 0.4, -0.00419318, 0.936492, 0.907915, 0.935013, 0.920199
0.630712, 28.809, 0.56863, 0.4, -0.00419415, 0.936492, 0.907913, 0.93501, 0.920196
0.630762, 28.8052, 0.568549, 0.4, -0.00419513, 0.936492, 0.907911, 0.935007, 0.920193
0.630812, 28.8014, 0.568467, 0.4, -0.0041961, 0.936491, 0.907908, 0.935004, 0.92019
0.630862, 28.7976, 0.568386, 0.4, -0.00419708, 0.936491, 0.907906, 0.935001, 0.920187
0.630912, 28.7939, 0.568305, 0.4, -0.00419805, 0.936491, 0.907904, 0.934997, 0.920184
0.630962, 28.7901, 0.568224, 0.4, -0.00419902, 0.93649, 0.907902, 0.934994, 0.920181
0.631012, 28.7863, 0.568143, 0.4, -0.00419999, 0.93649, 0.9079, 0.934991, 0.920179
0.631063, 28.7825, 0.568062, 0.4, -0.00420097, 0.936489, 0.907898, 0.934988, 0.920176
0.631113, 28.7787, 0.567981, 0.4, -0.00420194, 0.936489, 0.907896, 0.934985, 0.920173
0.631163, 28.775, 0.567899, 0.4, -0.00420291, 0.936489, 0.907894, 0.934982, 0.92017
0.631213, 28.7712, 0.567818, 0.4, -0.00420388, 0.936488, 0.907892, 0.934979, 0.920167
0.631263, 28.7674, 0.567737, 0.4, -0.00420485, 0.936488, 0.90789, 0.934976, 0.920164
0.631313, 28.7636, 0.567656, 0.4, -0.00420582, 0.936488, 0.907888, 0.934972, 0.920162
0.631363, 28.7598, 0.567575, 0.4, -0.00420679, 0.936487, 0.907885, 0.934969, 0.920159
0.631413, 28.756, 0.567494, 0.4, -0.00420776, 0.936487, 0.907883, 0.934966, 0.920156
0.631463, 28.7523, 0.567412, 0.4, -0.00420873, 0.936486, 0.907881, 0.934963, 0.920153
0.631513, 28.7485, 0.567331, 0.4, -0.00420969, 0.936486, 0.907879, 0.93496, 0.92015
0.631563, 28.7447, 0.56725, 0.4, -0.00421066, 0.936486, 0.907877, 0.934957, 0.920147
0.631613, 28.7409, 0.567169, 0.4, -0.00421163, 0.936485, 0.907875, 0.934954, 0.920145
0.631663, 28.7371, 0.567088, 0.4, -0.0042126, 0.936485, 0.907873, 0.934951, 0.920142
0.631713, 28.7333, 0.567007, 0.4, -0.00421356, 0.936485, 0.907871, 0.934948, 0.920139
0.631763, 28.7295, 0.566925, 0.4, -0.00421453, 0.936484, 0.907869, 0.934944, 0.920136
0.631813, 28.7257, 0.566844, 0.4, -0.00421549, 0.936484, 0.907867, 0.934941, 0.920133
0.631863, 28.7219, 0.566763, 0.4, -0.00421646, 0.936484, 0.907865, 0.934938, 0.92013
0.631913, 28.7181, 0.566682, 0.4, -0.00421742, 0.936483, 0.907863, 0.934935, 0.920127
0.631963, 28.7143, 0.566601, 0.4, -0.00421838, 0.936483, 0.907861, 0.934932, 0.920125
0.632013, 28.7105, 0.566519, 0.4, -0.00421935, 0.936483, 0.907858, 0.934929, 0.920122
0.632063, 28.7067, 0.566438, 0.4, -0.00422031, 0.936482, 0.907856, 0.934926, 0.920119
0.632113, 28.7029, 0.566357, 0.4, -0.00422127, 0.936482, 0.907854, 0.934922, 0.920116
0.632163, 28.6991, 0.566276, 0.4, -0.00422223, 0.936481, 0.907852, 0.934919, 0.920113
0.632213, 28.6953, 0.566195, 0.4, -0.00422319, 0.936481, 0.90785, 0.934916, 0.92011
0.632263, 28.6915, 0.566113, 0.4, -0.00422415, 0.936481, 0.907848, 0.934913, 0.920108
0.632313, 28.6877, 0.566032, 0.4, -0.00422511, 0.93648, 0.907846, 0.93491, 0.920105
0.632363, 28.6839, 0.565951, 0.4, -0.00422607, 0.93648, 0.907844, 0.934907, 0.920102
0.632413, 28.6801, 0.56587, 0.4, -0.00422703, 0.93648, 0.907842, 0.934904, 0.920099
0.632463, 28.6763, 0.565788, 0.4, -0.00422799, 0.936479, 0.90784, 0.934901, 0.920096
0.632513, 28.6725, 0.565707, 0.4, -0.00422895, 0.936479, 0.907838, 0.934897, 0.920093
0.632563, 28.6687, 0.565626, 0.4, -0.00422991, 0.936479, 0.907836, 0.934894, 0.92009
0.632613, 28.6649, 0.565545, 0.4, -0.00423086, 0.936478, 0.907834, 0.934891, 0.920088
0.632663, 28.6611, 0.565464, 0.4, -0.00423182, 0.936478, 0.907831, 0.934888, 0.920085
0.632713, 28.6573, 0.565382, 0.4, -0.00423278, 0.936478, 0.907829, 0.934885, 0.920082
0.632763, 28.6535, 0.565301, 0.4, -0.00423373, 0.936477, 0.907827, 0.934882, 0.920079
0.632813, 28.6497, 0.56522, 0.4, -0.00423469, 0.936477, 0.907825, 0.934879, 0.920076
0.632863, 28.6459, 0.565139, 0.4, -0.00423564, 0.936477, 0.907823, 0.934876, 0.920073
0.632913, 28.6421, 0.565058, 0.4, -0.0042366, 0.936476, 0.907821, 0.934872, 0.920071
0.632963, 28.6382, 0.564976, 0.4, -0.00423755, 0.936476, 0.907819, 0.934869, 0.920068
0.633013, 28.6344, 0.564895, 0.4, -0.0042385, 0.936476, 0.907817, 0.934866, 0.920065
0.633063, 28.6306, 0.564814, 0.4, -0.00423946, 0.936475, 0.907815, 0.934863, 0.920062
0.633113, 28.6268, 0.564732, 0.4, -0.00424041, 0.936475, 0.907813, 0.93486, 0.920059
0.633163, 28.623, 0.564651, 0.4, -0.00424136, 0.936475, 0.907811, 0.934857, 0.920056
0.633213, 28.6192, 0.56457, 0.4, -0.00424231, 0.936474, 0.907808, 0.934854, 0.920053
0.633263, 28.6153, 0.564489, 0.4, -0.00424326, 0.936474, 0.907806, 0.934851, 0.920051
0.633313, 28.6115, 0.564407, 0.4, -0.00424422, 0.936474, 0.907804, 0.934847, 0.920048
0.633363, 28.6077, 0.564326, 0.4, -0.00424517, 0.936473, 0.907802, 0.934844, 0.920045
0.633413, 28.6039, 0.564245, 0.4, -0.00424612, 0.936473, 0.9078, 0.934841, 0.920042
0.633463, 28.6001, 0.564164, 0.4, -0.00424706, 0.936473, 0.907798, 0.934838, 0.920039
0.633513, 28.5962, 0.564082, 0.4, -0.00424801, 0.936472, 0.907796, 0.934835, 0.920036
0.633563, 28.5924, 0.564001, 0.4, -0.00424896, 0.936472, 0.907794, 0.934832, 0.920034
0.633613, 28.5886, 0.56392, 0.4, -0.00424991, 0.936472, 0.907792, 0.934829, 0.920031
0.633663, 28.5848, 0.563838, 0.4, -0.00425086, 0.936472, 0.90779, 0.934825, 0.920028
0.633713, 28.5809, 0.563757, 0.4, -0.0042518, 0.936471, 0.907788, 0.934822, 0.920025
0.633763, 28.5771, 0.563676, 0.4, -0.00425275, 0.936471, 0.907786, 0.934819, 0.920022
0.633813, 28.5733, 0.563594, 0.4, -0.0042537, 0.936471, 0.907784, 0.934816, 0.920019
0.633863, 28.5694, 0.563513, 0.4, -0.00425464, 0.93647, 0.907781, 0.934813, 0.920016
0.633913, 28.5656, 0.563432, 0.4, -0.00425559, 0.93647, 0.907779, 0.93481, 0.920014
0.633963, 28.5618, 0.563351, 0.4, -0.00425653, 0.93647, 0.907777, 0.934807, 0.920011
0.634013, 28.558, 0.563269, 0.4, -0.00425748, 0.936469, 0.907775, 0.934804, 0.920008
0.634063, 28.5541, 0.563188, 0.4, -0.00425842, 0.936469, 0.907773, 0.9348, 0.920005
0.634113, 28.5503, 0.563107, 0.4, -0.00425936, 0.936469, 0.907771, 0.934797, 0.920002
0.634163, 28.5465, 0.563025, 0.4, -0.00426031, 0.936468, 0.907769, 0.934794, 0.919999
0.634213, 28.5426, 0.562944, 0.4, -0.00426125, 0.936468, 0.907767, 0.934791, 0.919997
0.634263, 28.5388, 0.562863, 0.4, -0.00426219, 0.936468, 0.907765, 0.934788, 0.919994
0.634313, 28.535, 0.562782, 0.4, -0.00426313, 0.936467, 0.907763, 0.934785, 0.919991
0.634363, 28.5311, 0.5627, 0.4, -0.00426407, 0.936467, 0.907761, 0.934782, 0.919988
0.634413, 28.5273, 0.562619, 0.4, -0.00426501, 0.936467, 0.907759, 0.934779, 0.919985
0.634463, 28.5234, 0.562538, 0.4, -0.00426595, 0.936466, 0.907756, 0.934775, 0.919982
0.634513, 28.5196, 0.562456, 0.4, -0.00426689, 0.936466, 0.907754, 0.934772, 0.919979
0.634563, 28.5158, 0.562375, 0.4, -0.00426783, 0.936466, 0.907752, 0.934769, 0.919977
0.634613, 28.5119, 0.562294, 0.4, -0.00426876, 0.936466, 0.90775, 0.934766, 0.919974
0.634663, 28.5081, 0.562212, 0.4, -0.0042697, 0.936465, 0.907748, 0.934763, 0.919971
0.634713, 28.5042, 0.562131, 0.4, -0.00427064, 0.936465, 0.907746, 0.93476, 0.919968
0.634763, 28.5004, 0.56205, 0.4, -0.00427158, 0.936465, 0.907744, 0.934757, 0.919965
0.634813, 28.4965, 0.561968, 0.4, -0.00427251, 0.936464, 0.907742, 0.934753, 0.919962
0.634863, 28.4927, 0.561887, 0.4, -0.00427345, 0.936464, 0.90774, 0.93475, 0.919959
0.634913, 28.4889, 0.561806, 0.4, -0.00427438, 0.936464, 0.907738, 0.934747, 0.919957
0.634963, 28.485, 0.561724, 0.4, -0.00427532, 0.936464, 0.907736, 0.934744, 0.919954
0.635013, 28.4812, 0.561643, 0.4, -0.00427625, 0.936463, 0.907734, 0.934741, 0.919951
0.635063, 28.4773, 0.561562, 0.4, -0.00427719, 0.936463, 0.907732, 0.934738, 0.919948
0.635113, 28.4735, 0.56148, 0.4, -0.00427812, 0.936463, 0.907729, 0.934735, 0.919945
0.635163, 28.4696, 0.561399, 0.4, -0.00427905, 0.936462, 0.907727, 0.934731, 0.919942
0.635213, 28.4658, 0.561318, 0.4, -0.00427999, 0.936462, 0.907725, 0.934728, 0.919939
0.635263, 28.4619, 0.561236, 0.4, -0.00428092, 0.936462, 0.907723, 0.934725, 0.919937
0.635313, 28.4581, 0.561155, 0.4, -0.00428185, 0.936462, 0.907721, 0.934722, 0.919934
0.635363, 28.4542, 0.561074, 0.4, -0.00428278, 0.936461, 0.907719, 0.934719, 0.919931
0.635413, 28.4503, 0.560992, 0.4, -0.00428371, 0.936461, 0.907717, 0.934716, 0.919928
0.635463, 28.4465, 0.560911, 0.4, -0.00428464, 0.936461, 0.907715, 0.934713, 0.919925
0.635513, 28.4426, 0.56083, 0.4, -0.00428557, 0.93646, 0.907713, 0.934709, 0.919922
0.635563, 28.4388, 0.560748, 0.4, -0.0042865, 0.93646, 0.907711, 0.934706, 0.91992
0.635613, 28.4349, 0.560667, 0.4, -0.00428743, 0.93646, 0.907709, 0.934703, 0.919917
0.635663, 28.4311, 0.560585, 0.4, -0.00428836, 0.93646, 0.907707, 0.9347, 0.919914
0.635713, 28.4272, 0.560504, 0.4, -0.00428928, 0.936459, 0.907705, 0.934697, 0.919911
0.635763, 28.4233, 0.560423, 0.4, -0.00429021, 0.936459, 0.907702, 0.934694, 0.919908
0.635813, 28.4195, 0.560341, 0.4, -0.00429114, 0.936459, 0.9077, 0.934691, 0.919905
0.635863, 28.4156, 0.56026, 0.4, -0.00429207, 0.936459, 0.907698, 0.934687, 0.919902
0.635913, 28.4118, 0.560179, 0.4, -0.00429299, 0.936458, 0.907696, 0.934684, 0.9199
0.635963, 28.4079, 0.560097, 0.4, -0.00429392, 0.936458, 0.907694, 0.934681, 0.919897
0.636013, 28.404, 0.560016, 0.4, -0.00429484, 0.936458, 0.907692, 0.934678, 0.919894
0.636063, 28.4002, 0.559934, 0.4, -0.00429577, 0.936458, 0.90769, 0.934675, 0.919891
0.636113, 28.3963, 0.559853, 0.4, -0.00429669, 0.936457, 0.907688, 0.934672, 0.919888
0.636163, 28.3924, 0.559772, 0.4, -0.00429761, 0.936457, 0.907686, 0.934669, 0.919885
0.636213, 28.3886, 0.55969, 0.4, -0.00429854, 0.936457, 0.907684, 0.934666, 0.919882
0.636263, 28.3847, 0.559609, 0.4, -0.00429946, 0.936456, 0.907682, 0.934662, 0.91988
0.636313, 28.3808, 0.559527, 0.4, -0.00430038, 0.936456, 0.90768, 0.934659, 0.919877
0.636363, 28.3769, 0.559446, 0.4, -0.0043013, 0.936456, 0.907678, 0.934656, 0.919874
0.636413, 28.3731, 0.559364, 0.4, -0.00430222, 0.936456, 0.907675, 0.934653, 0.919871
0.636463, 28.3692, 0.559283, 0.4, -0.00430314, 0.936455, 0.907673, 0.93465, 0.919868
0.636513, 28.3653, 0.559202, 0.4, -0.00430406, 0.936455, 0.907671, 0.934647, 0.919865
0.636563, 28.3615, 0.55912, 0.4, -0.00430498, 0.936455, 0.907669, 0.934644, 0.919862
0.636613, 28.3576, 0.559039, 0.4, -0.0043059, 0.936455, 0.907667, 0.93464, 0.91986
0.636663, 28.3537, 0.558957, 0.4, -0.00430682, 0.936454, 0.907665, 0.934637, 0.919857
0.636713, 28.3498, 0.558876, 0.4, -0.00430774, 0.936454, 0.907663, 0.934634, 0.919854
0.636763, 28.3459, 0.558795, 0.4, -0.00430866, 0.936454, 0.907661, 0.934631, 0.919851
0.636813, 28.3421, 0.558713, 0.4, -0.00430957, 0.936454, 0.907659, 0.934628, 0.919848
0.636863, 28.3382, 0.558632, 0.4, -0.00431049, 0.936453, 0.907657, 0.934625, 0.919845
0.636913, 28.3343, 0.55855, 0.4, -0.00431141, 0.936453, 0.907655, 0.934622, 0.919842
0.636963, 28.3304, 0.558469, 0.4, -0.00431232, 0.936453, 0.907653, 0.934618, 0.91984
0.637013, 28.3265, 0.558388, 0.4, -0.00431324, 0.936453, 0.90765, 0.934615, 0.919837
0.637064, 28.3227, 0.558306, 0.4, -0.00431415, 0.936452, 0.907648, 0.934612, 0.919834
0.637114, 28.3188, 0.558225, 0.4, -0.00431507, 0.936452, 0.907646, 0.934609, 0.919831
0.637164, 28.3149, 0.558143, 0.4, -0.00431598, 0.936452, 0.907644, 0.934606, 0.919828
0.637214, 28.311, 0.558062, 0.4, -0.00431689, 0.936452, 0.907642, 0.934603, 0.919825
0.637264, 28.3071, 0.55798, 0.4, -0.00431781, 0.936451, 0.90764, 0.934599, 0.919822
0.637314, 28.3032, 0.557899, 0.4, -0.00431872, 0.936451, 0.907638, 0.934596, 0.91982
0.637364, 28.2994, 0.557818, 0.4, -0.00431963, 0.936451, 0.907636, 0.934593, 0.919817
0.637414, 28.2955, 0.557736, 0.4, -0.00432054, 0.936451, 0.907634, 0.93459, 0.919814
0.637464, 28.2916, 0.557655, 0.4, -0.00432145, 0.93645, 0.907632, 0.934587, 0.919811
0.637514, 28.2877, 0.557573, 0.4, -0.00432236, 0.93645, 0.90763, 0.934584, 0.919808
0.637564, 28.2838, 0.557492, 0.4, -0.00432327, 0.93645, 0.907628, 0.934581, 0.919805
0.637614, 28.2799, 0.55741, 0.4, -0.00432418, 0.93645, 0.907625, 0.934577, 0.919802
0.637664, 28.276, 0.557329, 0.4, -0.00432509, 0.936449, 0.907623, 0.934574, 0.9198
0.637714, 28.2721, 0.557247, 0.4, -0.004326, 0.936449, 0.907621, 0.934571, 0.919797
0.637764, 28.2682, 0.557166, 0.4, -0.00432691, 0.936449, 0.907619, 0.934568, 0.919794
0.637814, 28.2643, 0.557084, 0.4, -0.00432782, 0.936449, 0.907617, 0.934565, 0.919791
0.637864, 28.2604, 0.557003, 0.4, -0.00432872, 0.936448, 0.907615, 0.934562, 0.919788
0.637914, 28.2565, 0.556921, 0.4, -0.00432963, 0.936448, 0.907613, 0.934559, 0.919785
0.637964, 28.2526, 0.55684, 0.4, -0.00433054, 0.936448, 0.907611, 0.934555, 0.919782
0.638014, 28.2487, 0.556758, 0.4, -0.00433144, 0.936448, 0.907609, 0.934552, 0.91978
0.638064, 28.2448, 0.556677, 0.4, -0.00433235, 0.936448, 0.907607, 0.934549, 0.919777
0.638114, 28.2409, 0.556595, 0.4, -0.00433325, 0.936447, 0.907605, 0.934546, 0.919774
0.638164, 28.237, 0.556514, 0.4, -0.00433416, 0.936447, 0.907603, 0.934543, 0.919771
0.638214, 28.2331, 0.556432, 0.4, -0.00433506, 0.936447, 0.907601, 0.93454, 0.919768
0.638264, 28.2292, 0.556351, 0.4, -0.00433596, 0.936447, 0.907598, 0.934536, 0.919765
0.638314, 28.2253, 0.556269, 0.4, -0.00433687, 0.936446, 0.907596, 0.934533, 0.919762
0.638364, 28.2214, 0.556188, 0.4, -0.00433777, 0.936446, 0.907594, 0.93453, 0.91976
0.638414, 28.2175, 0.556107, 0.4, -0.00433867, 0.936446, 0.907592, 0.934527, 0.919757
0.638464, 28.2136, 0.556025, 0.4, -0.00433957, 0.936446, 0.90759, 0.934524, 0.919754
0.638514, 28.2097, 0.555943, 0.4, -0.00434047, 0.936445, 0.907588, 0.934521, 0.919751
0.638564, 28.2058, 0.555862, 0.4, -0.00434137, 0.936445, 0.907586, 0.934517, 0.919748
0.638614, 28.2019, 0.55578, 0.4, -0.00434227, 0.936445, 0.907584, 0.934514, 0.919745
0.638664, 28.198, 0.555699, 0.4, -0.00434317, 0.936445, 0.907582, 0.934511, 0.919742
0.638714, 28.1941, 0.555617, 0.4, -0.00434407, 0.936444, 0.90758, 0.934508, 0.919739
0.638764, 28.1902, 0.555536, 0.4, -0.00434497, 0.936444, 0.907578, 0.934505, 0.919737
0.638814, 28.1863, 0.555454, 0.4, -0.00434587, 0.936444, 0.907575, 0.934502, 0.919734
0.638864, 28.1824, 0.555373, 0.4, -0.00434677, 0.936444, 0.907573, 0.934499, 0.919731
0.638914, 28.1784, 0.555291, 0.4, -0.00434766, 0.936444, 0.907571, 0.934495, 0.919728
0.638964, 28.1745, 0.55521, 0.4, -0.00434856, 0.936443, 0.907569, 0.934492, 0.919725
0.639014, 28.1706, 0.555128, 0.4, -0.00434946, 0.936443, 0.907567, 0.934489, 0.919722
0.639064, 28.1667, 0.555047, 0.4, -0.00435035, 0.936443, 0.907565, 0.934486, 0.919719
0.639114, 28.1628, 0.554965, 0.4, -0.00435125, 0.936443, 0.907563, 0.934483, 0.919717
0.639164, 28.1589, 0.554884, 0.4, -0.00435214, 0.936442, 0.907561, 0.93448, 0.919714
0.639214, 28.155, 0.554802, 0.4, -0.00435304, 0.936442, 0.907559, 0.934476, 0.919711
0.639264, 28.151, 0.554721, 0.4, -0.00435393, 0.936442, 0.907557, 0.934473, 0.919708
0.639314, 28.1471, 0.554639, 0.4, -0.00435482, 0.936442, 0.907555, 0.93447, 0.919705
0.639364, 28.1432, 0.554558, 0.4, -0.00435572, 0.936442, 0.907553, 0.934467, 0.919702
0.639414, 28.1393, 0.554476, 0.4, -0.00435661, 0.936441, 0.90755, 0.934464, 0.919699
0.639464, 28.1354, 0.554394, 0.4, -0.0043575, 0.936441, 0.907548, 0.934461, 0.919696
0.639514, 28.1314, 0.554313, 0.4, -0.00435839, 0.936441, 0.907546, 0.934457, 0.919694
0.639564, 28.1275, 0.554231, 0.4, -0.00435928, 0.936441, 0.907544, 0.934454, 0.919691
0.639614, 28.1236, 0.55415, 0.4, -0.00436017, 0.936441, 0.907542, 0.934451, 0.919688
0.639664, 28.1197, 0.554068, 0.4, -0.00436106, 0.93644, 0.90754, 0.934448, 0.919685
0.639714, 28.1157, 0.553987, 0.4, -0.00436195, 0.93644, 0.907538, 0.934445, 0.919682
0.639764, 28.1118, 0.553905, 0.4, -0.00436284, 0.93644, 0.907536, 0.934442, 0.919679
0.639814, 28.1079, 0.553823, 0.4, -0.00436373, 0.93644, 0.907534, 0.934438, 0.919676
0.639864, 28.104, 0.553742, 0.4, -0.00436462, 0.93644, 0.907532, 0.934435, 0.919673
0.639914, 28.1, 0.55366, 0.4, -0.00436551, 0.936439, 0.90753, 0.934432, 0.919671
0.639964, 28.0961, 0.553579, 0.4, -0.00436639, 0.936439, 0.907527, 0.934429, 0.919668
0.640014, 28.0922, 0.553497, 0.4, -0.00436728, 0.936439, 0.907525, 0.934426, 0.919665
0.640064, 28.0882, 0.553415, 0.4, -0.00436817, 0.936439, 0.907523, 0.934423, 0.919662
0.640114, 28.0843, 0.553334, 0.4, -0.00436905, 0.936438, 0.907521, 0.934419, 0.919659
0.640164, 28.0804, 0.553252, 0.4, -0.00436994, 0.936438, 0.907519, 0.934416, 0.919656
0.640214, 28.0764, 0.553171, 0.4, -0.00437082, 0.936438, 0.907517, 0.934413, 0.919653
0.640264, 28.0725, 0.553089, 0.4, -0.0043717, 0.936438, 0.907515, 0.93441, 0.91965
0.640314, 28.0686, 0.553008, 0.4, -0.00437259, 0.936438, 0.907513, 0.934407, 0.919648
0.640364, 28.0646, 0.552926, 0.4, -0.00437347, 0.936437, 0.907511, 0.934404, 0.919645
0.640414, 28.0607, 0.552844, 0.4, -0.00437435, 0.936437, 0.907509, 0.9344, 0.919642
0.640464, 28.0568, 0.552763, 0.4, -0.00437524, 0.936437, 0.907507, 0.934397, 0.919639
0.640514, 28.0528, 0.552681, 0.4, -0.00437612, 0.936437, 0.907504, 0.934394, 0.919636
0.640564, 28.0489, 0.552599, 0.4, -0.004377, 0.936437, 0.907502, 0.934391, 0.919633
0.640614, 28.0449, 0.552518, 0.4, -0.00437788, 0.936436, 0.9075, 0.934388, 0.91963
0.640664, 28.041, 0.552436, 0.4, -0.00437876, 0.936436, 0.907498, 0.934385, 0.919627
0.640714, 28.0371, 0.552355, 0.4, -0.00437964, 0.936436, 0.907496, 0.934381, 0.919625
0.640764, 28.0331, 0.552273, 0.4, -0.00438052, 0.936436, 0.907494, 0.934378, 0.919622
0.640814, 28.0292, 0.552191, 0.4, -0.0043814, 0.936436, 0.907492, 0.934375, 0.919619
0.640864, 28.0252, 0.55211, 0.4, -0.00438228, 0.936436, 0.90749, 0.934372, 0.919616
0.640914, 28.0213, 0.552028, 0.4, -0.00438315, 0.936435, 0.907488, 0.934369, 0.919613
0.640964, 28.0173, 0.551947, 0.4, -0.00438403, 0.936435, 0.907486, 0.934366, 0.91961
0.641014, 28.0134, 0.551865, 0.4, -0.00438491, 0.936435, 0.907483, 0.934362, 0.919607
0.641064, 28.0094, 0.551783, 0.4, -0.00438579, 0.936435, 0.907481, 0.934359, 0.919604
0.641114, 28.0055, 0.551702, 0.4, -0.00438666, 0.936435, 0.907479, 0.934356, 0.919602
0.641164, 28.0016, 0.55162, 0.4, -0.00438754, 0.936434, 0.907477, 0.934353, 0.919599
0.641214, 27.9976, 0.551538, 0.4, -0.00438841, 0.936434, 0.907475, 0.93435, 0.919596
0.641264, 27.9937, 0.551457, 0.4, -0.00438929, 0.936434, 0.907473, 0.934346, 0.919593
0.641314, 27.9897, 0.551375, 0.4, -0.00439016, 0.936434, 0.907471, 0.934343, 0.91959
0.641364, 27.9858, 0.551293, 0.4, -0.00439104, 0.936434, 0.907469, 0.93434, 0.919587
0.641414, 27.9818, 0.551212, 0.4, -0.00439191, 0.936433, 0.907467, 0.934337, 0.919584
0.641464, 27.9778, 0.55113, 0.4, -0.00439278, 0.936433, 0.907465, 0.934334, 0.919581
0.641514, 27.9739, 0.551049, 0.4, -0.00439365, 0.936433, 0.907462, 0.934331, 0.919578
0.641564, 27.9699, 0.550967, 0.4, -0.00439453, 0.936433, 0.907461, 0.934327, 0.919576
0.641614, 27.966, 0.550885, 0.4, -0.0043954, 0.936433, 0.907458, 0.934324, 0.919573
0.641664, 27.962, 0.550804, 0.4, -0.00439627, 0.936432, 0.907456, 0.934321, 0.91957
0.641714, 27.9581, 0.550722, 0.4, -0.00439714, 0.936432, 0.907454, 0.934318, 0.919567
0.641764, 27.9541, 0.55064, 0.4, -0.00439801, 0.936432, 0.907452, 0.934315, 0.919564
0.641814, 27.9502, 0.550559, 0.4, -0.00439888, 0.936432, 0.90745, 0.934311, 0.919561
0.641864, 27.9462, 0.550477, 0.4, -0.00439975, 0.936432, 0.907448, 0.934308, 0.919558
0.641914, 27.9422, 0.550395, 0.4, -0.00440061, 0.936432, 0.907446, 0.934305, 0.919555
0.641964, 27.9383, 0.550314, 0.4, -0.00440148, 0.936431, 0.907444, 0.934302, 0.919552
0.642014, 27.9343, 0.550232, 0.4, -0.00440235, 0.936431, 0.907442, 0.934299, 0.919549
0.642064, 27.9303, 0.55015, 0.4, -0.00440322, 0.936431, 0.907439, 0.934296, 0.919547
0.642114, 27.9264, 0.550069, 0.4, -0.00440408, 0.936431, 0.907437, 0.934292, 0.919544
0.642164, 27.9224, 0.549987, 0.4, -0.00440495, 0.936431, 0.907435, 0.934289, 0.919541
0.642214, 27.9185, 0.549905, 0.4, -0.00440581, 0.936431, 0.907433, 0.934286, 0.919538
0.642264, 27.9145, 0.549824, 0.4, -0.00440668, 0.93643, 0.907431, 0.934283, 0.919535
0.642314, 27.9105, 0.549742, 0.4, -0.00440754, 0.93643, 0.907429, 0.93428, 0.919532
0.642364, 27.9066, 0.54966, 0.4, -0.00440841, 0.93643, 0.907427, 0.934276, 0.919529
0.642414, 27.9026, 0.549579, 0.4, -0.00440927, 0.93643, 0.907425, 0.934273, 0.919526
0.642464, 27.8986, 0.549497, 0.4, -0.00441013, 0.93643, 0.907423, 0.93427, 0.919524
0.642514, 27.8946, 0.549415, 0.4, -0.004411, 0.93643, 0.907421, 0.934267, 0.919521
0.642564, 27.8907, 0.549334, 0.4, -0.00441186, 0.936429, 0.907418, 0.934264, 0.919518
0.642614, 27.8867, 0.549252, 0.4, -0.00441272, 0.936429, 0.907416, 0.934261, 0.919515
0.642664, 27.8827, 0.54917, 0.4, -0.00441358, 0.936429, 0.907414, 0.934257, 0.919512
0.642714, 27.8788, 0.549089, 0.4, -0.00441444, 0.936429, 0.907412, 0.934254, 0.919509
0.642764, 27.8748, 0.549007, 0.4, -0.0044153, 0.936429, 0.90741, 0.934251, 0.919506
0.642814, 27.8708, 0.548925, 0.4, -0.00441616, 0.936428, 0.907408, 0.934248, 0.919503
0.642864, 27.8668, 0.548844, 0.4, -0.00441702, 0.936428, 0.907406, 0.934245, 0.9195
0.642914, 27.8629, 0.548762, 0.4, -0.00441788, 0.936428, 0.907404, 0.934241, 0.919498
0.642964, 27.8589, 0.54868, 0.4, -0.00441874, 0.936428, 0.907402, 0.934238, 0.919495
0.643014, 27.8549, 0.548598, 0.4, -0.0044196, 0.936428, 0.9074, 0.934235, 0.919492
0.643064, 27.8509, 0.548517, 0.4, -0.00442046, 0.936428, 0.907398, 0.934232, 0.919489
0.643115, 27.847, 0.548435, 0.4, -0.00442131, 0.936427, 0.907395, 0.934229, 0.919486
0.643165, 27.843, 0.548353, 0.4, -0.00442217, 0.936427, 0.907393, 0.934225, 0.919483
0.643215, 27.839, 0.548272, 0.4, -0.00442302, 0.936427, 0.907391, 0.934222, 0.91948
0.643265, 27.835, 0.54819, 0.4, -0.00442388, 0.936427, 0.907389, 0.934219, 0.919477
0.643315, 27.831, 0.548108, 0.4, -0.00442474, 0.936427, 0.907387, 0.934216, 0.919474
0.643365, 27.827, 0.548026, 0.4, -0.00442559, 0.936427, 0.907385, 0.934213, 0.919472
0.643415, 27.8231, 0.547945, 0.4, -0.00442644, 0.936426, 0.907383, 0.93421, 0.919469
0.643465, 27.8191, 0.547863, 0.4, -0.0044273, 0.936426, 0.907381, 0.934206, 0.919466
0.643515, 27.8151, 0.547781, 0.4, -0.00442815, 0.936426, 0.907379, 0.934203, 0.919463
0.643565, 27.8111, 0.547699, 0.4, -0.004429, 0.936426, 0.907376, 0.9342, 0.91946
0.643615, 27.8071, 0.547618, 0.4, -0.00442985, 0.936426, 0.907374, 0.934197, 0.919457
0.643665, 27.8031, 0.547536, 0.4, -0.00443071, 0.936426, 0.907372, 0.934194, 0.919454
0.643715, 27.7991, 0.547454, 0.4, -0.00443156, 0.936426, 0.90737, 0.93419, 0.919451
0.643765, 27.7952, 0.547372, 0.4, -0.00443241, 0.936426, 0.907368, 0.934187, 0.919448
0.643815, 27.7912, 0.547291, 0.4, -0.00443326, 0.936425, 0.907366, 0.934184, 0.919445
0.643865, 27.7872, 0.547209, 0.4, -0.00443411, 0.936425, 0.907364, 0.934181, 0.919443
0.643915, 27.7832, 0.547127, 0.4, -0.00443496, 0.936425, 0.907362, 0.934178, 0.91944
0.643965, 27.7792, 0.547046, 0.4, -0.00443581, 0.936425, 0.90736, 0.934174, 0.919437
0.644015, 27.7752, 0.546964, 0.4, -0.00443665, 0.936425, 0.907358, 0.934171, 0.919434
0.644065, 27.7712, 0.546882, 0.4, -0.0044375, 0.936425, 0.907355, 0.934168, 0.919431
0.644115, 27.7672, 0.5468, 0.4, -0.00443835, 0.936424, 0.907353, 0.934165, 0.919428
0.644165, 27.7632, 0.546719, 0.4, -0.0044392, 0.936424, 0.907351, 0.934162, 0.919425
0.644215, 27.7592, 0.546637, 0.4, -0.00444004, 0.936424, 0.907349, 0.934158, 0.919422
0.644265, 27.7552, 0.546555, 0.4, -0.00444089, 0.936424, 0.907347, 0.934155, 0.919419
0.644315, 27.7512, 0.546473, 0.4, -0.00444173, 0.936424, 0.907345, 0.934152, 0.919416
0.644365, 27.7472, 0.546392, 0.4, -0.00444258, 0.936424, 0.907343, 0.934149, 0.919414
0.644415, 27.7432, 0.54631, 0.4, -0.00444342, 0.936424, 0.907341, 0.934146, 0.919411
0.644465, 27.7392, 0.546228, 0.4, -0.00444427, 0.936423, 0.907339, 0.934142, 0.919408
0.644515, 27.7352, 0.546146, 0.4, -0.00444511, 0.936423, 0.907336, 0.934139, 0.919405
0.644565, 27.7312, 0.546064, 0.4, -0.00444595, 0.936423, 0.907334, 0.934136, 0.919402
0.644615, 27.7272, 0.545983, 0.4, -0.0044468, 0.936423, 0.907332, 0.934133, 0.919399
0.644665, 27.7232, 0.545901, 0.4, -0.00444764, 0.936423, 0.90733, 0.93413, 0.919396
0.644715, 27.7192, 0.545819, 0.4, -0.00444848, 0.936423, 0.907328, 0.934126, 0.919393
0.644765, 27.7152, 0.545737, 0.4, -0.00444932, 0.936422, 0.907326, 0.934123, 0.91939
0.644815, 27.7112, 0.545656, 0.4, -0.00445016, 0.936422, 0.907324, 0.93412, 0.919387
0.644865, 27.7072, 0.545574, 0.4, -0.004451, 0.936422, 0.907322, 0.934117, 0.919384
0.644915, 27.7032, 0.545492, 0.4, -0.00445184, 0.936422, 0.90732, 0.934114, 0.919382
0.644965, 27.6992, 0.54541, 0.4, -0.00445268, 0.936422, 0.907317, 0.93411, 0.919379
0.645015, 27.6952, 0.545328, 0.4, -0.00445352, 0.936422, 0.907315, 0.934107, 0.919376
0.645065, 27.6912, 0.545247, 0.4, -0.00445436, 0.936422, 0.907313, 0.934104, 0.919373
0.645115, 27.6872, 0.545165, 0.4, -0.0044552, 0.936421, 0.907311, 0.934101, 0.91937
0.645165, 27.6832, 0.545083, 0.4, -0.00445603, 0.936421, 0.907309, 0.934098, 0.919367
0.645215, 27.6792, 0.545001, 0.4, -0.00445687, 0.936421, 0.907307, 0.934094, 0.919364
0.645265, 27.6751, 0.544919, 0.4, -0.0044577, 0.936421, 0.907305, 0.934091, 0.919361
0.645315, 27.6711, 0.544838, 0.4, -0.00445854, 0.936421, 0.907303, 0.934088, 0.919358
0.645365, 27.6671, 0.544756, 0.4, -0.00445938, 0.936421, 0.907301, 0.934085, 0.919355
0.645415, 27.6631, 0.544674, 0.4, -0.00446021, 0.936421, 0.907298, 0.934081, 0.919352
0.645465, 27.6591, 0.544592, 0.4, -0.00446104, 0.93642, 0.907296, 0.934078, 0.91935
0.645515, 27.6551, 0.54451, 0.4, -0.00446188, 0.93642, 0.907294, 0.934075, 0.919347
0.645565, 27.6511, 0.544429, 0.4, -0.00446271, 0.93642, 0.907292, 0.934072, 0.919344
0.645615, 27.647, 0.544347, 0.4, -0.00446354, 0.93642, 0.90729, 0.934069, 0.919341
0.645665, 27.643, 0.544265, 0.4, -0.00446438, 0.93642, 0.907288, 0.934065, 0.919338
0.645715, 27.639, 0.544183, 0.4, -0.00446521, 0.93642, 0.907286, 0.934062, 0.919335
0.645765, 27.635, 0.544101, 0.4, -0.00446604, 0.93642, 0.907284, 0.934059, 0.919332
0.645815, 27.631, 0.544019, 0.4, -0.00446687, 0.936419, 0.907281, 0.934056, 0.919329
0.645865, 27.6269, 0.543938, 0.4, -0.0044677, 0.936419, 0.907279, 0.934053, 0.919326
0.645915, 27.6229, 0.543856, 0.4, -0.00446853, 0.936419, 0.907277, 0.934049, 0.919323
0.645965, 27.6189, 0.543774, 0.4, -0.00446936, 0.936419, 0.907275, 0.934046, 0.91932
0.646015, 27.6149, 0.543692, 0.4, -0.00447019, 0.936419, 0.907273, 0.934043, 0.919317
0.646065, 27.6109, 0.54361, 0.4, -0.00447102, 0.936419, 0.907271, 0.93404, 0.919315
0.646115, 27.6068, 0.543528, 0.4, -0.00447185, 0.936419, 0.907269, 0.934036, 0.919312
0.646165, 27.6028, 0.543447, 0.4, -0.00447267, 0.936418, 0.907267, 0.934033, 0.919309
0.646215, 27.5988, 0.543365, 0.4, -0.0044735, 0.936418, 0.907264, 0.93403, 0.919306
0.646265, 27.5948, 0.543283, 0.4, -0.00447433, 0.936418, 0.907262, 0.934027, 0.919303
0.646315, 27.5907, 0.543201, 0.4, -0.00447515, 0.936418, 0.90726, 0.934024, 0.9193
0.646365, 27.5867, 0.543119, 0.4, -0.00447598, 0.936418, 0.907258, 0.93402, 0.919297
0.646415, 27.5827, 0.543037, 0.4, -0.00447681, 0.936418, 0.907256, 0.934017, 0.919294
0.646465, 27.5786, 0.542956, 0.4, -0.00447763, 0.936418, 0.907254, 0.934014, 0.919291
0.646515, 27.5746, 0.542874, 0.4, -0.00447846, 0.936418, 0.907252, 0.934011, 0.919288
0.646565, 27.5706, 0.542792, 0.4, -0.00447928, 0.936418, 0.90725, 0.934007, 0.919285
0.646615, 27.5665, 0.54271, 0.4, -0.0044801, 0.936417, 0.907248, 0.934004, 0.919282
0.646665, 27.5625, 0.542628, 0.4, -0.00448093, 0.936417, 0.907245, 0.934001, 0.919279
0.646715, 27.5585, 0.542546, 0.4, -0.00448175, 0.936417, 0.907243, 0.933998, 0.919277
0.646765, 27.5544, 0.542464, 0.4, -0.00448257, 0.936417, 0.907241, 0.933995, 0.919274
0.646815, 27.5504, 0.542383, 0.4, -0.00448339, 0.936417, 0.907239, 0.933991, 0.919271
0.646865, 27.5464, 0.542301, 0.4, -0.00448421, 0.936417, 0.907237, 0.933988, 0.919268
0.646915, 27.5423, 0.542219, 0.4, -0.00448503, 0.936417, 0.907235, 0.933985, 0.919265
0.646965, 27.5383, 0.542137, 0.4, -0.00448585, 0.936417, 0.907233, 0.933982, 0.919262
0.647015, 27.5343, 0.542055, 0.4, -0.00448667, 0.936416, 0.907231, 0.933978, 0.919259
0.647065, 27.5302, 0.541973, 0.4, -0.00448749, 0.936416, 0.907228, 0.933975, 0.919256
0.647115, 27.5262, 0.541891, 0.4, -0.00448831, 0.936416, 0.907226, 0.933972, 0.919253
0.647165, 27.5221, 0.541809, 0.4, -0.00448913, 0.936416, 0.907224, 0.933969, 0.91925
0.647215, 27.5181, 0.541728, 0.4, -0.00448994, 0.936416, 0.907222, 0.933966, 0.919247
0.647265, 27.5141, 0.541646, 0.4, -0.00449076, 0.936416, 0.90722, 0.933962, 0.919244
0.647315, 27.51, 0.541564, 0.4, -0.00449158, 0.936416, 0.907218, 0.933959, 0.919241
0.647365, 27.506, 0.541482, 0.4, -0.00449239, 0.936415, 0.907216, 0.933956, 0.919238
0.647415, 27.5019, 0.5414, 0.4, -0.00449321, 0.936415, 0.907213, 0.933953, 0.919236
0.647465, 27.4979, 0.541318, 0.4, -0.00449402, 0.936415, 0.907211, 0.933949, 0.919233
0.647515, 27.4938, 0.541236, 0.4, -0.00449484, 0.936415, 0.907209, 0.933946, 0.91923
0.647565, 27.4898, 0.541154, 0.4, -0.00449565, 0.936415, 0.907207, 0.933943, 0.919227
0.647615, 27.4858, 0.541072, 0.4, -0.00449647, 0.936415, 0.907205, 0.93394, 0.919224
0.647665, 27.4817, 0.54099, 0.4, -0.00449728, 0.936415, 0.907203, 0.933936, 0.919221
0.647715, 27.4777, 0.540909, 0.4, -0.00449809, 0.936415, 0.907201, 0.933933, 0.919218
0.647765, 27.4736, 0.540827, 0.4, -0.00449891, 0.936414, 0.907199, 0.93393, 0.919215
0.647815, 27.4696, 0.540745, 0.4, -0.00449972, 0.936414, 0.907196, 0.933927, 0.919212
0.647865, 27.4655, 0.540663, 0.4, -0.00450053, 0.936414, 0.907194, 0.933923, 0.919209
0.647915, 27.4615, 0.540581, 0.4, -0.00450134, 0.936414, 0.907192, 0.93392, 0.919206
0.647965, 27.4574, 0.540499, 0.4, -0.00450215, 0.936414, 0.90719, 0.933917, 0.919203
0.648015, 27.4534, 0.540417, 0.4, -0.00450296, 0.936414, 0.907188, 0.933914, 0.9192
0.648065, 27.4493, 0.540335, 0.4, -0.00450377, 0.936414, 0.907186, 0.933911, 0.919197
0.648115, 27.4452, 0.540253, 0.4, -0.00450458, 0.936414, 0.907184, 0.933907, 0.919194
0.648165, 27.4412, 0.540171, 0.4, -0.00450539, 0.936414, 0.907182, 0.933904, 0.919192
0.648215, 27.4371, 0.540089, 0.4, -0.0045062, 0.936413, 0.907179, 0.933901, 0.919189
0.648265, 27.4331, 0.540007, 0.4, -0.004507, 0.936413, 0.907177, 0.933898, 0.919186
0.648315, 27.429, 0.539926, 0.4, -0.00450781, 0.936413, 0.907175, 0.933894, 0.919183
0.648365, 27.425, 0.539843, 0.4, -0.00450862, 0.936413, 0.907173, 0.933891, 0.91918
0.648415, 27.4209, 0.539762, 0.4, -0.00450942, 0.936413, 0.907171, 0.933888, 0.919177
0.648465, 27.4169, 0.53968, 0.4, -0.00451023, 0.936413, 0.907169, 0.933885, 0.919174
0.648515, 27.4128, 0.539598, 0.4, -0.00451103, 0.936413, 0.907167, 0.933881, 0.919171
0.648565, 27.4087, 0.539516, 0.4, -0.00451184, 0.936413, 0.907164, 0.933878, 0.919168
0.648615, 27.4047, 0.539434, 0.4, -0.00451264, 0.936412, 0.907162, 0.933875, 0.919165
0.648665, 27.4006, 0.539352, 0.4, -0.00451344, 0.936412, 0.90716, 0.933872, 0.919162
0.648715, 27.3965, 0.53927, 0.4, -0.00451425, 0.936412, 0.907158, 0.933868, 0.919159
0.648765, 27.3925, 0.539188, 0.4, -0.00451505, 0.936412, 0.907156, 0.933865, 0.919156
0.648815, 27.3884, 0.539106, 0.4, -0.00451585, 0.936412, 0.907154, 0.933862, 0.919153
0.648865, 27.3844, 0.539024, 0.4, -0.00451665, 0.936412, 0.907151, 0.933859, 0.91915
0.648915, 27.3803, 0.538942, 0.4, -0.00451746, 0.936412, 0.907149, 0.933855, 0.919147
0.648965, 27.3762, 0.53886, 0.4, -0.00451826, 0.936412, 0.907147, 0.933852, 0.919145
0.649015, 27.3722, 0.538778, 0.4, -0.00451906, 0.936412, 0.907145, 0.933849, 0.919142
0.649065, 27.3681, 0.538697, 0.4, -0.00451986, 0.936412, 0.907143, 0.933846, 0.919139
0.649116, 27.364, 0.538615, 0.4, -0.00452065, 0.936412, 0.907141, 0.933843, 0.919136
0.649166, 27.36, 0.538533, 0.4, -0.00452145, 0.936411, 0.907139, 0.933839, 0.919133
0.649216, 27.3559, 0.538451, 0.4, -0.00452225, 0.936411, 0.907136, 0.933836, 0.91913
0.649266, 27.3518, 0.538369, 0.4, -0.00452305, 0.936411, 0.907134, 0.933833, 0.919127
0.649316, 27.3477, 0.538287, 0.4, -0.00452385, 0.936411, 0.907132, 0.93383, 0.919124
0.649366, 27.3437, 0.538205, 0.4, -0.00452464, 0.936411, 0.90713, 0.933826, 0.919121
0.649416, 27.3396, 0.538123, 0.4, -0.00452544, 0.936411, 0.907128, 0.933823, 0.919118
0.649466, 27.3355, 0.538041, 0.4, -0.00452624, 0.936411, 0.907126, 0.93382, 0.919115
0.649516, 27.3314, 0.537959, 0.4, -0.00452703, 0.936411, 0.907124, 0.933817, 0.919112
0.649566, 27.3274, 0.537877, 0.4, -0.00452783, 0.936411, 0.907122, 0.933813, 0.919109
0.649616, 27.3233, 0.537795, 0.4, -0.00452862, 0.93641, 0.907119, 0.93381, 0.919106
0.649666, 27.3192, 0.537713, 0.4, -0.00452942, 0.93641, 0.907117, 0.933807, 0.919103
0.649716, 27.3151, 0.537631, 0.4, -0.00453021, 0.93641, 0.907115, 0.933803, 0.9191
0.649766, 27.3111, 0.537549, 0.4, -0.004531, 0.93641, 0.907113, 0.9338, 0.919097
0.649816, 27.307, 0.537467, 0.4, -0.0045318, 0.93641, 0.907111, 0.933797, 0.919094
0.649866, 27.3029, 0.537385, 0.4, -0.00453259, 0.93641, 0.907109, 0.933794, 0.919091
0.649916, 27.2988, 0.537303, 0.4, -0.00453338, 0.93641, 0.907107, 0.933791, 0.919088
0.649966, 27.2948, 0.537221, 0.4, -0.00453417, 0.93641, 0.907104, 0.933787, 0.919086
0.650016, 27.2907, 0.537139, 0.4, -0.00453496, 0.93641, 0.907102, 0.933784, 0.919083
0.650066, 27.2866, 0.537057, 0.4, -0.00453575, 0.93641, 0.9071, 0.933781, 0.91908
0.650116, 27.2825, 0.536975, 0.4, -0.00453654, 0.936409, 0.907098, 0.933778, 0.919077
0.650166, 27.2784, 0.536893, 0.4, -0.00453733, 0.936409, 0.907096, 0.933774, 0.919074
0.650216, 27.2743, 0.536811, 0.4, -0.00453812, 0.936409, 0.907094, 0.933771, 0.919071
0.650266, 27.2703, 0.536729, 0.4, -0.00453891, 0.936409, 0.907091, 0.933768, 0.919068
0.650316, 27.2662, 0.536647, 0.4, -0.00453969, 0.936409, 0.907089, 0.933764, 0.919065
0.650366, 27.2621, 0.536566, 0.4, -0.00454048, 0.936409, 0.907087, 0.933761, 0.919062
0.650416, 27.258, 0.536484, 0.4, -0.00454127, 0.936409, 0.907085, 0.933758, 0.919059
0.650466, 27.2539, 0.536401, 0.4, -0.00454205, 0.936409, 0.907083, 0.933755, 0.919056
0.650516, 27.2498, 0.536319, 0.4, -0.00454284, 0.936409, 0.907081, 0.933751, 0.919053
0.650566, 27.2457, 0.536237, 0.4, -0.00454363, 0.936409, 0.907079, 0.933748, 0.91905
0.650616, 27.2416, 0.536155, 0.4, -0.00454441, 0.936408, 0.907076, 0.933745, 0.919047
0.650666, 27.2376, 0.536073, 0.4, -0.00454519, 0.936408, 0.907074, 0.933742, 0.919044
0.650716, 27.2335, 0.535991, 0.4, -0.00454598, 0.936408, 0.907072, 0.933738, 0.919041
0.650766, 27.2294, 0.535909, 0.4, -0.00454676, 0.936408, 0.90707, 0.933735, 0.919038
0.650816, 27.2253, 0.535827, 0.4, -0.00454755, 0.936408, 0.907068, 0.933732, 0.919035
0.650866, 27.2212, 0.535745, 0.4, -0.00454833, 0.936408, 0.907066, 0.933729, 0.919032
0.650916, 27.2171, 0.535663, 0.4, -0.00454911, 0.936408, 0.907063, 0.933725, 0.919029
0.650966, 27.213, 0.535581, 0.4, -0.00454989, 0.936408, 0.907061, 0.933722, 0.919026
0.651016, 27.2089, 0.535499, 0.4, -0.00455067, 0.936408, 0.907059, 0.933719, 0.919023
0.651066, 27.2048, 0.535417, 0.4, -0.00455145, 0.936408, 0.907057, 0.933716, 0.91902
0.651116, 27.2007, 0.535335, 0.4, -0.00455223, 0.936408, 0.907055, 0.933712, 0.919017
0.651166, 27.1966, 0.535253, 0.4, -0.00455301, 0.936407, 0.907053, 0.933709, 0.919014
0.651216, 27.1925, 0.535171, 0.4, -0.00455379, 0.936407, 0.90705, 0.933706, 0.919011
0.651266, 27.1884, 0.535089, 0.4, -0.00455457, 0.936407, 0.907048, 0.933702, 0.919009
0.651316, 27.1843, 0.535007, 0.4, -0.00455535, 0.936407, 0.907046, 0.933699, 0.919006
0.651366, 27.1802, 0.534925, 0.4, -0.00455613, 0.936407, 0.907044, 0.933696, 0.919003
0.651416, 27.1761, 0.534843, 0.4, -0.0045569, 0.936407, 0.907042, 0.933693, 0.919
0.651466, 27.172, 0.534761, 0.4, -0.00455768, 0.936407, 0.90704, 0.933689, 0.918997
0.651516, 27.1679, 0.534679, 0.4, -0.00455846, 0.936407, 0.907037, 0.933686, 0.918994
0.651566, 27.1638, 0.534597, 0.4, -0.00455923, 0.936407, 0.907035, 0.933683, 0.918991
0.651616, 27.1597, 0.534515, 0.4, -0.00456001, 0.936406, 0.907033, 0.93368, 0.918988
0.651666, 27.1556, 0.534433, 0.4, -0.00456078, 0.936406, 0.907031, 0.933676, 0.918985
0.651716, 27.1515, 0.534351, 0.4, -0.00456156, 0.936406, 0.907029, 0.933673, 0.918982
0.651766, 27.1474, 0.534269, 0.4, -0.00456233, 0.936406, 0.907027, 0.93367, 0.918979
0.651816, 27.1433, 0.534187, 0.4, -0.0045631, 0.936406, 0.907025, 0.933666, 0.918976
0.651866, 27.1392, 0.534105, 0.4, -0.00456388, 0.936406, 0.907022, 0.933663, 0.918973
0.651916, 27.1351, 0.534023, 0.4, -0.00456465, 0.936406, 0.90702, 0.93366, 0.91897
0.651966, 27.131, 0.533941, 0.4, -0.00456542, 0.936406, 0.907018, 0.933657, 0.918967
0.652016, 27.1269, 0.533859, 0.4, -0.00456619, 0.936406, 0.907016, 0.933653, 0.918964
0.652066, 27.1227, 0.533777, 0.4, -0.00456696, 0.936406, 0.907014, 0.93365, 0.918961
0.652116, 27.1186, 0.533695, 0.4, -0.00456773, 0.936406, 0.907012, 0.933647, 0.918958
0.652166, 27.1145, 0.533612, 0.4, -0.0045685, 0.936406, 0.907009, 0.933644, 0.918955
0.652216, 27.1104, 0.53353, 0.4, -0.00456927, 0.936405, 0.907007, 0.93364, 0.918952
0.652266, 27.1063, 0.533448, 0.4, -0.00457004, 0.936405, 0.907005, 0.933637, 0.918949
0.652316, 27.1022, 0.533366, 0.4, -0.00457081, 0.936405, 0.907003, 0.933634, 0.918946
0.652366, 27.0981, 0.533284, 0.4, -0.00457158, 0.936405, 0.907001, 0.93363, 0.918943
0.652416, 27.094, 0.533202, 0.4, -0.00457235, 0.936405, 0.906998, 0.933627, 0.91894
0.652466, 27.0898, 0.53312, 0.4, -0.00457311, 0.936405, 0.906996, 0.933624, 0.918937
0.652516, 27.0857, 0.533038, 0.4, -0.00457388, 0.936405, 0.906994, 0.933621, 0.918934
0.652566, 27.0816, 0.532956, 0.4, -0.00457465, 0.936405, 0.906992, 0.933617, 0.918931
0.652616, 27.0775, 0.532874, 0.4, -0.00457541, 0.936405, 0.90699, 0.933614, 0.918928
0.652666, 27.0734, 0.532792, 0.4, -0.00457618, 0.936405, 0.906988, 0.933611, 0.918925
0.652716, 27.0692, 0.53271, 0.4, -0.00457694, 0.936405, 0.906985, 0.933607, 0.918922
0.652766, 27.0651, 0.532628, 0.4, -0.00457771, 0.936404, 0.906983, 0.933604, 0.918919
0.652816, 27.061, 0.532546, 0.4, -0.00457847, 0.936404, 0.906981, 0.933601, 0.918916
0.652866, 27.0569, 0.532463, 0.4, -0.00457923, 0.936404, 0.906979, 0.933598, 0.918913
0.652916, 27.0528, 0.532381, 0.4, -0.00458, 0.936404, 0.906977, 0.933594, 0.91891
0.652966, 27.0486, 0.532299, 0.4, -0.00458076, 0.936404, 0.906974, 0.933591, 0.918907
0.653016, 27.0445, 0.532217, 0.4, -0.00458152, 0.936404, 0.906972, 0.933588, 0.918904
0.653066, 27.0404, 0.532135, 0.4, -0.00458228, 0.936404, 0.90697, 0.933584, 0.918901
0.653116, 27.0363, 0.532053, 0.4, -0.00458304, 0.936404, 0.906968, 0.933581, 0.918898
0.653166, 27.0321, 0.531971, 0.4, -0.0045838, 0.936404, 0.906966, 0.933578, 0.918895
0.653216, 27.028, 0.531889, 0.4, -0.00458456, 0.936404, 0.906964, 0.933575, 0.918892
0.653266, 27.0239, 0.531807, 0.4, -0.00458532, 0.936404, 0.906962, 0.933571, 0.918889
0.653316, 27.0198, 0.531725, 0.4, -0.00458608, 0.936403, 0.906959, 0.933568, 0.918886
0.653366, 27.0156, 0.531643, 0.4, -0.00458684, 0.936403, 0.906957, 0.933565, 0.918883
0.653416, 27.0115, 0.53156, 0.4, -0.0045876, 0.936403, 0.906955, 0.933561, 0.91888
0.653466, 27.0074, 0.531478, 0.4, -0.00458835, 0.936403, 0.906953, 0.933558, 0.918877
0.653516, 27.0033, 0.531396, 0.4, -0.00458911, 0.936403, 0.906951, 0.933555, 0.918874
0.653566, 26.9991, 0.531314, 0.4, -0.00458987, 0.936403, 0.906948, 0.933551, 0.918871
0.653616, 26.995, 0.531232, 0.4, -0.00459062, 0.936403, 0.906946, 0.933548, 0.918868
0.653666, 26.9909, 0.53115, 0.4, -0.00459138, 0.936403, 0.906944, 0.933545, 0.918865
0.653716, 26.9867, 0.531068, 0.4, -0.00459213, 0.936403, 0.906942, 0.933542, 0.918862
0.653766, 26.9826, 0.530986, 0.4, -0.00459289, 0.936403, 0.90694, 0.933538, 0.918859
0.653816, 26.9785, 0.530904, 0.4, -0.00459364, 0.936403, 0.906937, 0.933535, 0.918856
0.653866, 26.9743, 0.530821, 0.4, -0.0045944, 0.936403, 0.906935, 0.933532, 0.918853
0.653916, 26.9702, 0.530739, 0.4, -0.00459515, 0.936402, 0.906933, 0.933528, 0.91885
0.653966, 26.9661, 0.530657, 0.4, -0.0045959, 0.936402, 0.906931, 0.933525, 0.918847
0.654016, 26.9619, 0.530575, 0.4, -0.00459665, 0.936402, 0.906929, 0.933522, 0.918844
0.654066, 26.9578, 0.530493, 0.4, -0.00459741, 0.936402, 0.906927, 0.933518, 0.918841
0.654116, 26.9536, 0.530411, 0.4, -0.00459816, 0.936402, 0.906924, 0.933515, 0.918838
0.654166, 26.9495, 0.530329, 0.4, -0.00459891, 0.936402, 0.906922, 0.933512, 0.918835
0.654216, 26.9454, 0.530246, 0.4, -0.00459966, 0.936402, 0.90692, 0.933509, 0.918832
0.654266, 26.9412, 0.530164, 0.4, -0.00460041, 0.936402, 0.906918, 0.933505, 0.918829
0.654316, 26.9371, 0.530082, 0.4, -0.00460116, 0.936402, 0.906915, 0.933502, 0.918826
0.654366, 26.9329, 0.53, 0.4, -0.00460191, 0.936402, 0.906913, 0.933499, 0.918823
0.654416, 26.9288, 0.529918, 0.4, -0.00460265, 0.936402, 0.906911, 0.933495, 0.91882
0.654466, 26.9247, 0.529836, 0.4, -0.0046034, 0.936402, 0.906909, 0.933492, 0.918817
0.654516, 26.9205, 0.529754, 0.4, -0.00460415, 0.936401, 0.906907, 0.933489, 0.918814
0.654566, 26.9164, 0.529672, 0.4, -0.0046049, 0.936401, 0.906905, 0.933485, 0.918811
0.654616, 26.9122, 0.529589, 0.4, -0.00460564, 0.936401, 0.906902, 0.933482, 0.918808
0.654666, 26.9081, 0.529507, 0.4, -0.00460639, 0.936401, 0.9069, 0.933479, 0.918805
0.654716, 26.9039, 0.529425, 0.4, -0.00460713, 0.936401, 0.906898, 0.933475, 0.918802
0.654766, 26.8998, 0.529343, 0.4, -0.00460788, 0.936401, 0.906896, 0.933472, 0.918799
0.654816, 26.8956, 0.529261, 0.4, -0.00460862, 0.936401, 0.906894, 0.933469, 0.918796
0.654866, 26.8915, 0.529179, 0.4, -0.00460937, 0.936401, 0.906891, 0.933466, 0.918793
0.654916, 26.8873, 0.529097, 0.4, -0.00461011, 0.936401, 0.906889, 0.933462, 0.91879
0.654966, 26.8832, 0.529015, 0.4, -0.00461085, 0.936401, 0.906887, 0.933459, 0.918787
0.655016, 26.879, 0.528933, 0.4, -0.0046116, 0.936401, 0.906885, 0.933456, 0.918784
0.655066, 26.8749, 0.52885, 0.4, -0.00461234, 0.936401, 0.906883, 0.933452, 0.918781
0.655116, 26.8707, 0.528768, 0.4, -0.00461308, 0.936401, 0.90688, 0.933449, 0.918778
0.655167, 26.8666, 0.528686, 0.4, -0.00461382, 0.9364, 0.906878, 0.933446, 0.918775
0.655217, 26.8624, 0.528604, 0.4, -0.00461456, 0.9364, 0.906876, 0.933442, 0.918772
0.655267, 26.8583, 0.528522, 0.4, -0.0046153, 0.9364, 0.906874, 0.933439, 0.918769
0.655317, 26.8541, 0.52844, 0.4, -0.00461604, 0.9364, 0.906872, 0.933436, 0.918766
0.655367, 26.85, 0.528357, 0.4, -0.00461678, 0.9364, 0.906869, 0.933432, 0.918763
0.655417, 26.8458, 0.528275, 0.4, -0.00461752, 0.9364, 0.906867, 0.933429, 0.91876
0.655467, 26.8417, 0.528193, 0.4, -0.00461826, 0.9364, 0.906865, 0.933426, 0.918757
0.655517, 26.8375, 0.528111, 0.4, -0.00461899, 0.9364, 0.906863, 0.933423, 0.918754
0.655567, 26.8333, 0.528029, 0.4, -0.00461973, 0.9364, 0.906861, 0.933419, 0.918751
0.655617, 26.8292, 0.527947, 0.4, -0.00462047, 0.9364, 0.906858, 0.933416, 0.918748
0.655667, 26.825, 0.527865, 0.4, -0.00462121, 0.9364, 0.906856, 0.933413, 0.918745
0.655717, 26.8209, 0.527782, 0.4, -0.00462194, 0.9364, 0.906854, 0.933409, 0.918742
0.655767, 26.8167, 0.5277, 0.4, -0.00462268, 0.9364, 0.906852, 0.933406, 0.918739
0.655817, 26.8125, 0.527618, 0.4, -0.00462341, 0.936399, 0.90685, 0.933403, 0.918736
0.655867, 26.8084, 0.527536, 0.4, -0.00462415, 0.936399, 0.906847, 0.933399, 0.918733
0.655917, 26.8042, 0.527454, 0.4, -0.00462488, 0.936399, 0.906845, 0.933396, 0.91873
0.655967, 26.8001, 0.527372, 0.4, -0.00462561, 0.936399, 0.906843, 0.933393, 0.918727
0.656017, 26.7959, 0.527289, 0.4, -0.00462635, 0.936399, 0.906841, 0.933389, 0.918724
0.656067, 26.7917, 0.527207, 0.4, -0.00462708, 0.936399, 0.906839, 0.933386, 0.918721
0.656117, 26.7876, 0.527125, 0.4, -0.00462781, 0.936399, 0.906836, 0.933383, 0.918718
0.656167, 26.7834, 0.527043, 0.4, -0.00462854, 0.936399, 0.906834, 0.933379, 0.918715
0.656217, 26.7792, 0.526961, 0.4, -0.00462927, 0.936399, 0.906832, 0.933376, 0.918712
0.656267, 26.7751, 0.526878, 0.4, -0.00463, 0.936399, 0.90683, 0.933373, 0.918709
0.656317, 26.7709, 0.526796, 0.4, -0.00463073, 0.936399, 0.906827, 0.933369, 0.918706
0.656367, 26.7667, 0.526714, 0.4, -0.00463146, 0.936399, 0.906825, 0.933366, 0.918703
0.656417, 26.7626, 0.526632, 0.4, -0.00463219, 0.936399, 0.906823, 0.933363, 0.9187
0.656467, 26.7584, 0.52655, 0.4, -0.00463292, 0.936399, 0.906821, 0.933359, 0.918697
0.656517, 26.7542, 0.526468, 0.4, -0.00463365, 0.936398, 0.906819, 0.933356, 0.918694
0.656567, 26.7501, 0.526385, 0.4, -0.00463437, 0.936398, 0.906816, 0.933353, 0.918691
0.656617, 26.7459, 0.526303, 0.4, -0.0046351, 0.936398, 0.906814, 0.933349, 0.918688
0.656667, 26.7417, 0.526221, 0.4, -0.00463583, 0.936398, 0.906812, 0.933346, 0.918685
0.656717, 26.7375, 0.526139, 0.4, -0.00463655, 0.936398, 0.90681, 0.933343, 0.918682
0.656767, 26.7334, 0.526057, 0.4, -0.00463728, 0.936398, 0.906807, 0.933339, 0.918679
0.656817, 26.7292, 0.525975, 0.4, -0.00463801, 0.936398, 0.906805, 0.933336, 0.918675
0.656867, 26.725, 0.525892, 0.4, -0.00463873, 0.936398, 0.906803, 0.933333, 0.918672
0.656917, 26.7208, 0.52581, 0.4, -0.00463945, 0.936398, 0.906801, 0.933329, 0.918669
0.656967, 26.7167, 0.525728, 0.4, -0.00464018, 0.936398, 0.906799, 0.933326, 0.918666
0.657017, 26.7125, 0.525646, 0.4, -0.0046409, 0.936398, 0.906796, 0.933323, 0.918663
0.657067, 26.7083, 0.525563, 0.4, -0.00464162, 0.936398, 0.906794, 0.933319, 0.91866
0.657117, 26.7041, 0.525481, 0.4, -0.00464235, 0.936398, 0.906792, 0.933316, 0.918657
0.657167, 26.7, 0.525399, 0.4, -0.00464307, 0.936397, 0.90679, 0.933313, 0.918654
0.657217, 26.6958, 0.525317, 0.4, -0.00464379, 0.936397, 0.906788, 0.933309, 0.918651
0.657267, 26.6916, 0.525235, 0.4, -0.00464451, 0.936397, 0.906785, 0.933306, 0.918648
0.657317, 26.6874, 0.525152, 0.4, -0.00464523, 0.936397, 0.906783, 0.933303, 0.918645
0.657367, 26.6832, 0.52507, 0.4, -0.00464595, 0.936397, 0.906781, 0.933299, 0.918642
0.657417, 26.6791, 0.524988, 0.4, -0.00464667, 0.936397, 0.906779, 0.933296, 0.918639
0.657467, 26.6749, 0.524906, 0.4, -0.00464739, 0.936397, 0.906776, 0.933293, 0.918636
0.657517, 26.6707, 0.524824, 0.4, -0.00464811, 0.936397, 0.906774, 0.933289, 0.918633
0.657567, 26.6665, 0.524741, 0.4, -0.00464883, 0.936397, 0.906772, 0.933286, 0.91863
0.657617, 26.6623, 0.524659, 0.4, -0.00464954, 0.936397, 0.90677, 0.933283, 0.918627
0.657667, 26.6581, 0.524577, 0.4, -0.00465026, 0.936397, 0.906767, 0.933279, 0.918624
0.657717, 26.654, 0.524495, 0.4, -0.00465098, 0.936397, 0.906765, 0.933276, 0.918621
0.657767, 26.6498, 0.524413, 0.4, -0.00465169, 0.936397, 0.906763, 0.933273, 0.918618
0.657817, 26.6456, 0.52433, 0.4, -0.00465241, 0.936397, 0.906761, 0.933269, 0.918615
0.657867, 26.6414, 0.524248, 0.4, -0.00465312, 0.936396, 0.906759, 0.933266, 0.918612
0.657917, 26.6372, 0.524166, 0.4, -0.00465384, 0.936396, 0.906756, 0.933263, 0.918609
0.657967, 26.633, 0.524084, 0.4, -0.00465455, 0.936396, 0.906754, 0.933259, 0.918606
0.658017, 26.6288, 0.524001, 0.4, -0.00465527, 0.936396, 0.906752, 0.933256, 0.918603
0.658067, 26.6246, 0.523919, 0.4, -0.00465598, 0.936396, 0.90675, 0.933253, 0.918599
0.658117, 26.6204, 0.523837, 0.4, -0.00465669, 0.936396, 0.906747, 0.933249, 0.918596
0.658167, 26.6163, 0.523755, 0.4, -0.0046574, 0.936396, 0.906745, 0.933246, 0.918593
0.658217, 26.6121, 0.523673, 0.4, -0.00465811, 0.936396, 0.906743, 0.933242, 0.91859
0.658267, 26.6079, 0.52359, 0.4, -0.00465883, 0.936396, 0.906741, 0.933239, 0.918587
0.658317, 26.6037, 0.523508, 0.4, -0.00465954, 0.936396, 0.906738, 0.933236, 0.918584
0.658367, 26.5995, 0.523426, 0.4, -0.00466025, 0.936396, 0.906736, 0.933232, 0.918581
0.658417, 26.5953, 0.523344, 0.4, -0.00466096, 0.936396, 0.906734, 0.933229, 0.918578
0.658467, 26.5911, 0.523261, 0.4, -0.00466167, 0.936396, 0.906732, 0.933226, 0.918575
0.658517, 26.5869, 0.523179, 0.4, -0.00466238, 0.936395, 0.90673, 0.933222, 0.918572
0.658567, 26.5827, 0.523097, 0.4, -0.00466308, 0.936395, 0.906727, 0.933219, 0.918569
0.658617, 26.5785, 0.523015, 0.4, -0.00466379, 0.936395, 0.906725, 0.933216, 0.918566
0.658667, 26.5743, 0.522932, 0.4, -0.0046645, 0.936395, 0.906723, 0.933212, 0.918563
0.658717, 26.5701, 0.52285, 0.4, -0.00466521, 0.936395, 0.906721, 0.933209, 0.91856
0.658767, 26.5659, 0.522768, 0.4, -0.00466591, 0.936395, 0.906718, 0.933205, 0.918557
0.658817, 26.5617, 0.522686, 0.4, -0.00466662, 0.936395, 0.906716, 0.933202, 0.918554
0.658867, 26.5575, 0.522603, 0.4, -0.00466732, 0.936395, 0.906714, 0.933199, 0.918551
0.658917, 26.5533, 0.522521, 0.4, -0.00466803, 0.936395, 0.906711, 0.933195, 0.918548
0.658967, 26.5491, 0.522439, 0.4, -0.00466873, 0.936395, 0.906709, 0.933192, 0.918544
0.659017, 26.5449, 0.522357, 0.4, -0.00466944, 0.936395, 0.906707, 0.933189, 0.918541
0.659067, 26.5407, 0.522274, 0.4, -0.00467014, 0.936395, 0.906705, 0.933185, 0.918538
0.659117, 26.5365, 0.522192, 0.4, -0.00467084, 0.936395, 0.906703, 0.933182, 0.918535
0.659167, 26.5323, 0.52211, 0.4, -0.00467155, 0.936394, 0.9067, 0.933179, 0.918532
0.659217, 26.5281, 0.522028, 0.4, -0.00467225, 0.936394, 0.906698, 0.933175, 0.918529
0.659267, 26.5239, 0.521945, 0.4, -0.00467295, 0.936394, 0.906696, 0.933172, 0.918526
0.659317, 26.5197, 0.521863, 0.4, -0.00467365, 0.936394, 0.906694, 0.933169, 0.918523
0.659367, 26.5155, 0.521781, 0.4, -0.00467435, 0.936394, 0.906691, 0.933165, 0.91852
0.659417, 26.5113, 0.521699, 0.4, -0.00467505, 0.936394, 0.906689, 0.933162, 0.918517
0.659467, 26.5071, 0.521616, 0.4, -0.00467575, 0.936394, 0.906687, 0.933158, 0.918514
0.659517, 26.5028, 0.521534, 0.4, -0.00467645, 0.936394, 0.906684, 0.933155, 0.918511
0.659567, 26.4986, 0.521452, 0.4, -0.00467715, 0.936394, 0.906682, 0.933152, 0.918508
0.659617, 26.4944, 0.52137, 0.4, -0.00467785, 0.936394, 0.90668, 0.933148, 0.918505
0.659667, 26.4902, 0.521287, 0.4, -0.00467854, 0.936394, 0.906678, 0.933145, 0.918501
0.659717, 26.486, 0.521205, 0.4, -0.00467924, 0.936394, 0.906675, 0.933142, 0.918498
0.659767, 26.4818, 0.521123, 0.4, -0.00467994, 0.936393, 0.906673, 0.933138, 0.918495
0.659817, 26.4776, 0.52104, 0.4, -0.00468063, 0.936393, 0.906671, 0.933135, 0.918492
0.659867, 26.4734, 0.520958, 0.4, -0.00468133, 0.936393, 0.906669, 0.933131, 0.918489
0.659917, 26.4692, 0.520876, 0.4, -0.00468203, 0.936393, 0.906666, 0.933128, 0.918486
0.659967, 26.4649, 0.520794, 0.4, -0.00468272, 0.936393, 0.906664, 0.933125, 0.918483
0.660017, 26.4607, 0.520711, 0.4, -0.00468342, 0.936393, 0.906662, 0.933121, 0.91848
0.660067, 26.4565, 0.520629, 0.4, -0.00468411, 0.936393, 0.90666, 0.933118, 0.918477
0.660117, 26.4523, 0.520547, 0.4, -0.0046848, 0.936393, 0.906657, 0.933115, 0.918474
0.660167, 26.4481, 0.520465, 0.4, -0.0046855, 0.936393, 0.906655, 0.933111, 0.918471
0.660217, 26.4439, 0.520382, 0.4, -0.00468619, 0.936393, 0.906653, 0.933108, 0.918468
0.660267, 26.4396, 0.5203, 0.4, -0.00468688, 0.936393, 0.906651, 0.933104, 0.918465
0.660317, 26.4354, 0.520218, 0.4, -0.00468757, 0.936393, 0.906648, 0.933101, 0.918462
0.660367, 26.4312, 0.520135, 0.4, -0.00468826, 0.936392, 0.906646, 0.933098, 0.918458
0.660417, 26.427, 0.520053, 0.4, -0.00468895, 0.936392, 0.906644, 0.933094, 0.918455
0.660467, 26.4228, 0.519971, 0.4, -0.00468964, 0.936392, 0.906641, 0.933091, 0.918452
0.660517, 26.4185, 0.519889, 0.4, -0.00469033, 0.936392, 0.906639, 0.933088, 0.918449
0.660567, 26.4143, 0.519806, 0.4, -0.00469102, 0.936392, 0.906637, 0.933084, 0.918446
0.660617, 26.4101, 0.519724, 0.4, -0.00469171, 0.936392, 0.906635, 0.933081, 0.918443
0.660667, 26.4059, 0.519642, 0.4, -0.0046924, 0.936392, 0.906632, 0.933077, 0.91844
0.660717, 26.4017, 0.51956, 0.4, -0.00469308, 0.936392, 0.90663, 0.933074, 0.918437
0.660767, 26.3974, 0.519477, 0.4, -0.00469377, 0.936392, 0.906628, 0.933071, 0.918434
0.660817, 26.3932, 0.519395, 0.4, -0.00469446, 0.936392, 0.906626, 0.933067, 0.918431
0.660867, 26.389, 0.519313, 0.4, -0.00469514, 0.936392, 0.906623, 0.933064, 0.918428
0.660917, 26.3848, 0.51923, 0.4, -0.00469583, 0.936392, 0.906621, 0.93306, 0.918424
0.660967, 26.3805, 0.519148, 0.4, -0.00469652, 0.936392, 0.906619, 0.933057, 0.918421
0.661017, 26.3763, 0.519066, 0.4, -0.0046972, 0.936392, 0.906617, 0.933054, 0.918418
0.661067, 26.3721, 0.518983, 0.4, -0.00469788, 0.936392, 0.906614, 0.93305, 0.918415
0.661117, 26.3678, 0.518901, 0.4, -0.00469857, 0.936392, 0.906612, 0.933047, 0.918412
0.661168, 26.3636, 0.518819, 0.4, -0.00469925, 0.936392, 0.90661, 0.933044, 0.918409
0.661218, 26.3594, 0.518737, 0.4, -0.00469993, 0.936391, 0.906608, 0.93304, 0.918406
0.661268, 26.3552, 0.518654, 0.4, -0.00470062, 0.936391, 0.906605, 0.933037, 0.918403
0.661318, 26.3509, 0.518572, 0.4, -0.0047013, 0.936391, 0.906603, 0.933033, 0.9184
0.661368, 26.3467, 0.51849, 0.4, -0.00470198, 0.936391, 0.906601, 0.93303, 0.918397
0.661418, 26.3425, 0.518407, 0.4, -0.00470266, 0.936391, 0.906598, 0.933027, 0.918394
0.661468, 26.3382, 0.518325, 0.4, -0.00470334, 0.936391, 0.906596, 0.933023, 0.91839
0.661518, 26.334, 0.518243, 0.4, -0.00470402, 0.936391, 0.906594, 0.93302, 0.918387
0.661568, 26.3298, 0.51816, 0.4, -0.0047047, 0.936391, 0.906592, 0.933016, 0.918384
0.661618, 26.3255, 0.518078, 0.4, -0.00470538, 0.936391, 0.906589, 0.933013, 0.918381
0.661668, 26.3213, 0.517996, 0.4, -0.00470606, 0.936391, 0.906587, 0.93301, 0.918378
0.661718, 26.3171, 0.517914, 0.4, -0.00470674, 0.936391, 0.906585, 0.933006, 0.918375
0.661768, 26.3128, 0.517831, 0.4, -0.00470741, 0.936391, 0.906583, 0.933003, 0.918372
0.661818, 26.3086, 0.517749, 0.4, -0.00470809, 0.93639, 0.90658, 0.932999, 0.918369
0.661868, 26.3043, 0.517667, 0.4, -0.00470877, 0.93639, 0.906578, 0.932996, 0.918366
0.661918, 26.3001, 0.517584, 0.4, -0.00470944, 0.93639, 0.906576, 0.932993, 0.918363
0.661968, 26.2959, 0.517502, 0.4, -0.00471012, 0.93639, 0.906573, 0.932989, 0.918359
0.662018, 26.2916, 0.51742, 0.4, -0.00471079, 0.93639, 0.906571, 0.932986, 0.918356
0.662068, 26.2874, 0.517337, 0.4, -0.00471147, 0.93639, 0.906569, 0.932982, 0.918353
0.662118, 26.2831, 0.517255, 0.4, -0.00471214, 0.93639, 0.906566, 0.932979, 0.91835
0.662168, 26.2789, 0.517173, 0.4, -0.00471281, 0.93639, 0.906564, 0.932976, 0.918347
0.662218, 26.2747, 0.51709, 0.4, -0.00471349, 0.93639, 0.906562, 0.932972, 0.918344
0.662268, 26.2704, 0.517008, 0.4, -0.00471416, 0.93639, 0.90656, 0.932969, 0.918341
0.662318, 26.2662, 0.516926, 0.4, -0.00471483, 0.93639, 0.906557, 0.932965, 0.918338
0.662368, 26.2619, 0.516843, 0.4, -0.0047155, 0.93639, 0.906555, 0.932962, 0.918335
0.662418, 26.2577, 0.516761, 0.4, -0.00471618, 0.93639, 0.906553, 0.932959, 0.918332
0.662468, 26.2534, 0.516679, 0.4, -0.00471685, 0.93639, 0.90655, 0.932955, 0.918328
0.662518, 26.2492, 0.516596, 0.4, -0.00471752, 0.93639, 0.906548, 0.932952, 0.918325
0.662568, 26.245, 0.516514, 0.4, -0.00471819, 0.936389, 0.906546, 0.932948, 0.918322
0.662618, 26.2407, 0.516432, 0.4, -0.00471886, 0.936389, 0.906544, 0.932945, 0.918319
0.662668, 26.2365, 0.516349, 0.4, -0.00471952, 0.936389, 0.906541, 0.932942, 0.918316
0.662718, 26.2322, 0.516267, 0.4, -0.00472019, 0.936389, 0.906539, 0.932938, 0.918313
0.662768, 26.228, 0.516185, 0.4, -0.00472086, 0.936389, 0.906537, 0.932935, 0.91831
0.662818, 26.2237, 0.516102, 0.4, -0.00472153, 0.936389, 0.906534, 0.932931, 0.918307
0.662868, 26.2195, 0.51602, 0.4, -0.0047222, 0.936389, 0.906532, 0.932928, 0.918303
0.662918, 26.2152, 0.515938, 0.4, -0.00472286, 0.936389, 0.90653, 0.932924, 0.9183
0.662968, 26.211, 0.515856, 0.4, -0.00472353, 0.936389, 0.906527, 0.932921, 0.918297
0.663018, 26.2067, 0.515773, 0.4, -0.00472419, 0.936389, 0.906525, 0.932918, 0.918294
0.663068, 26.2025, 0.515691, 0.4, -0.00472486, 0.936389, 0.906523, 0.932914, 0.918291
0.663118, 26.1982, 0.515609, 0.4, -0.00472552, 0.936389, 0.906521, 0.932911, 0.918288
0.663168, 26.194, 0.515526, 0.4, -0.00472619, 0.936388, 0.906518, 0.932907, 0.918285
0.663218, 26.1897, 0.515444, 0.4, -0.00472685, 0.936388, 0.906516, 0.932904, 0.918282
0.663268, 26.1854, 0.515361, 0.4, -0.00472751, 0.936388, 0.906514, 0.932901, 0.918279
0.663318, 26.1812, 0.515279, 0.4, -0.00472817, 0.936388, 0.906511, 0.932897, 0.918275
0.663368, 26.1769, 0.515197, 0.4, -0.00472884, 0.936388, 0.906509, 0.932894, 0.918272
0.663418, 26.1727, 0.515114, 0.4, -0.0047295, 0.936388, 0.906507, 0.93289, 0.918269
0.663468, 26.1684, 0.515032, 0.4, -0.00473016, 0.936388, 0.906504, 0.932887, 0.918266
0.663518, 26.1642, 0.51495, 0.4, -0.00473082, 0.936388, 0.906502, 0.932884, 0.918263
0.663568, 26.1599, 0.514867, 0.4, -0.00473148, 0.936388, 0.9065, 0.93288, 0.91826
0.663618, 26.1557, 0.514785, 0.4, -0.00473214, 0.936388, 0.906498, 0.932877, 0.918257
0.663668, 26.1514, 0.514703, 0.4, -0.0047328, 0.936388, 0.906495, 0.932873, 0.918254
0.663718, 26.1471, 0.51462, 0.4, -0.00473346, 0.936387, 0.906493, 0.93287, 0.91825
0.663768, 26.1429, 0.514538, 0.4, -0.00473412, 0.936387, 0.906491, 0.932866, 0.918247
0.663818, 26.1386, 0.514456, 0.4, -0.00473477, 0.936387, 0.906488, 0.932863, 0.918244
0.663868, 26.1343, 0.514373, 0.4, -0.00473543, 0.936387, 0.906486, 0.93286, 0.918241
0.663918, 26.1301, 0.514291, 0.4, -0.00473609, 0.936387, 0.906484, 0.932856, 0.918238
0.663968, 26.1258, 0.514209, 0.4, -0.00473674, 0.936387, 0.906481, 0.932853, 0.918235
0.664018, 26.1216, 0.514126, 0.4, -0.0047374, 0.936387, 0.906479, 0.932849, 0.918232
0.664068, 26.1173, 0.514044, 0.4, -0.00473805, 0.936387, 0.906477, 0.932846, 0.918229
0.664118, 26.113, 0.513962, 0.4, -0.00473871, 0.936387, 0.906474, 0.932842, 0.918225
0.664168, 26.1088, 0.513879, 0.4, -0.00473936, 0.936387, 0.906472, 0.932839, 0.918222
0.664218, 26.1045, 0.513797, 0.4, -0.00474002, 0.936387, 0.90647, 0.932836, 0.918219
0.664268, 26.1002, 0.513714, 0.4, -0.00474067, 0.936387, 0.906467, 0.932832, 0.918216
0.664318, 26.096, 0.513632, 0.4, -0.00474132, 0.936386, 0.906465, 0.932829, 0.918213
0.664368, 26.0917, 0.51355, 0.4, -0.00474198, 0.936386, 0.906463, 0.932825, 0.91821
0.664418, 26.0874, 0.513467, 0.4, -0.00474263, 0.936386, 0.906461, 0.932822, 0.918207
0.664468, 26.0832, 0.513385, 0.4, -0.00474328, 0.936386, 0.906458, 0.932818, 0.918203
0.664518, 26.0789, 0.513303, 0.4, -0.00474393, 0.936386, 0.906456, 0.932815, 0.9182
0.664568, 26.0746, 0.51322, 0.4, -0.00474458, 0.936386, 0.906453, 0.932811, 0.918197
0.664618, 26.0704, 0.513138, 0.4, -0.00474523, 0.936386, 0.906451, 0.932808, 0.918194
0.664668, 26.0661, 0.513056, 0.4, -0.00474588, 0.936386, 0.906449, 0.932805, 0.918191
0.664718, 26.0618, 0.512973, 0.4, -0.00474653, 0.936386, 0.906447, 0.932801, 0.918188
0.664768, 26.0575, 0.512891, 0.4, -0.00474718, 0.936386, 0.906444, 0.932798, 0.918185
0.664818, 26.0533, 0.512809, 0.4, -0.00474783, 0.936386, 0.906442, 0.932794, 0.918181
0.664868, 26.049, 0.512726, 0.4, -0.00474847, 0.936386, 0.90644, 0.932791, 0.918178
0.664918, 26.0447, 0.512644, 0.4, -0.00474912, 0.936385, 0.906437, 0.932787, 0.918175
0.664968, 26.0404, 0.512562, 0.4, -0.00474977, 0.936385, 0.906435, 0.932784, 0.918172
0.665018, 26.0362, 0.512479, 0.4, -0.00475041, 0.936385, 0.906433, 0.93278, 0.918169
0.665068, 26.0319, 0.512397, 0.4, -0.00475106, 0.936385, 0.90643, 0.932777, 0.918166
0.665118, 26.0276, 0.512314, 0.4, -0.0047517, 0.936385, 0.906428, 0.932774, 0.918162
0.665168, 26.0233, 0.512232, 0.4, -0.00475235, 0.936385, 0.906425, 0.93277, 0.918159
0.665218, 26.0191, 0.512149, 0.4, -0.00475299, 0.936385, 0.906423, 0.932767, 0.918156
0.665268, 26.0148, 0.512067, 0.4, -0.00475364, 0.936385, 0.906421, 0.932763, 0.918153
0.665318, 26.0105, 0.511985, 0.4, -0.00475428, 0.936385, 0.906419, 0.93276, 0.91815
0.665368, 26.0062, 0.511902, 0.4, -0.00475492, 0.936385, 0.906416, 0.932756, 0.918147
0.665418, 26.0019, 0.51182, 0.4, -0.00475556, 0.936384, 0.906414, 0.932753, 0.918144
0.665468, 25.9977, 0.511738, 0.4, -0.00475621, 0.936384, 0.906412, 0.932749, 0.91814
0.665518, 25.9934, 0.511655, 0.4, -0.00475685, 0.936384, 0.906409, 0.932746, 0.918137
0.665568, 25.9891, 0.511573, 0.4, -0.00475749, 0.936384, 0.906407, 0.932742, 0.918134
0.665618, 25.9848, 0.51149, 0.4, -0.00475813, 0.936384, 0.906405, 0.932739, 0.918131
0.665668, 25.9805, 0.511408, 0.4, -0.00475877, 0.936384, 0.906402, 0.932736, 0.918128
0.665718, 25.9763, 0.511326, 0.4, -0.00475941, 0.936384, 0.9064, 0.932732, 0.918125
0.665768, 25.972, 0.511243, 0.4, -0.00476005, 0.936384, 0.906398, 0.932729, 0.918121
0.665818, 25.9677, 0.511161, 0.4, -0.00476069, 0.936384, 0.906395, 0.932725, 0.918118
0.665868, 25.9634, 0.511079, 0.4, -0.00476132, 0.936384, 0.906393, 0.932722, 0.918115
0.665918, 25.9591, 0.510996, 0.4, -0.00476196, 0.936384, 0.906391, 0.932718, 0.918112
0.665968, 25.9548, 0.510914, 0.4, -0.0047626, 0.936384, 0.906388, 0.932715, 0.918109
0.666018, 25.9505, 0.510831, 0.4, -0.00476323, 0.936383, 0.906386, 0.932711, 0.918106
0.666068, 25.9463, 0.510749, 0.4, -0.00476387, 0.936383, 0.906384, 0.932708, 0.918103
0.666118, 25.942, 0.510667, 0.4, -0.0047645, 0.936383, 0.906381, 0.932705, 0.918099
0.666168, 25.9377, 0.510584, 0.4, -0.00476514, 0.936383, 0.906379, 0.932701, 0.918096
0.666218, 25.9334, 0.510502, 0.4, -0.00476577, 0.936383, 0.906376, 0.932698, 0.918093
0.666268, 25.9291, 0.51042, 0.4, -0.00476641, 0.936383, 0.906374, 0.932694, 0.91809
0.666318, 25.9248, 0.510337, 0.4, -0.00476704, 0.936383, 0.906372, 0.932691, 0.918087
0.666368, 25.9205, 0.510255, 0.4, -0.00476767, 0.936383, 0.906369, 0.932687, 0.918083
0.666418, 25.9162, 0.510172, 0.4, -0.00476831, 0.936383, 0.906367, 0.932684, 0.91808
0.666468, 25.9119, 0.51009, 0.4, -0.00476894, 0.936383, 0.906365, 0.93268, 0.918077
0.666518, 25.9076, 0.510008, 0.4, -0.00476957, 0.936382, 0.906362, 0.932677, 0.918074
0.666568, 25.9034, 0.509925, 0.4, -0.0047702, 0.936382, 0.90636, 0.932673, 0.918071
0.666618, 25.8991, 0.509843, 0.4, -0.00477083, 0.936382, 0.906358, 0.93267, 0.918068
0.666668, 25.8948, 0.509761, 0.4, -0.00477146, 0.936382, 0.906355, 0.932666, 0.918065
0.666718, 25.8905, 0.509678, 0.4, -0.00477209, 0.936382, 0.906353, 0.932663, 0.918061
0.666768, 25.8862, 0.509596, 0.4, -0.00477272, 0.936382, 0.906351, 0.932659, 0.918058
0.666818, 25.8819, 0.509513, 0.4, -0.00477335, 0.936382, 0.906348, 0.932656, 0.918055
0.666868, 25.8776, 0.509431, 0.4, -0.00477398, 0.936382, 0.906346, 0.932653, 0.918052
0.666918, 25.8733, 0.509349, 0.4, -0.00477461, 0.936382, 0.906344, 0.932649, 0.918049
0.666968, 25.869, 0.509266, 0.4, -0.00477523, 0.936382, 0.906341, 0.932646, 0.918045
0.667018, 25.8647, 0.509184, 0.4, -0.00477586, 0.936382, 0.906339, 0.932642, 0.918042
0.667068, 25.8604, 0.509101, 0.4, -0.00477649, 0.936382, 0.906336, 0.932639, 0.918039
0.667118, 25.8561, 0.509019, 0.4, -0.00477711, 0.936382, 0.906334, 0.932635, 0.918036
0.667168, 25.8518, 0.508937, 0.4, -0.00477774, 0.936381, 0.906332, 0.932632, 0.918033
0.667219, 25.8475, 0.508854, 0.4, -0.00477836, 0.936381, 0.906329, 0.932628, 0.91803
0.667269, 25.8432, 0.508772, 0.4, -0.00477899, 0.936381, 0.906327, 0.932625, 0.918026
0.667319, 25.8389, 0.508689, 0.4, -0.00477961, 0.936381, 0.906325, 0.932621, 0.918023
0.667369, 25.8346, 0.508607, 0.4, -0.00478023, 0.936381, 0.906322, 0.932618, 0.91802
0.667419, 25.8303, 0.508525, 0.4, -0.00478086, 0.936381, 0.90632, 0.932614, 0.918017
0.667469, 25.826, 0.508442, 0.4, -0.00478148, 0.936381, 0.906318, 0.932611, 0.918014
0.667519, 25.8217, 0.50836, 0.4, -0.0047821, 0.936381, 0.906315, 0.932607, 0.91801
0.667569, 25.8174, 0.508277, 0.4, -0.00478272, 0.936381, 0.906313, 0.932604, 0.918007
0.667619, 25.8131, 0.508195, 0.4, -0.00478334, 0.936381, 0.90631, 0.9326, 0.918004
0.667669, 25.8088, 0.508113, 0.4, -0.00478396, 0.93638, 0.906308, 0.932597, 0.918001
0.667719, 25.8045, 0.50803, 0.4, -0.00478458, 0.93638, 0.906306, 0.932593, 0.917998
0.667769, 25.8001, 0.507948, 0.4, -0.0047852, 0.93638, 0.906303, 0.93259, 0.917994
0.667819, 25.7958, 0.507865, 0.4, -0.00478582, 0.93638, 0.906301, 0.932586, 0.917991
0.667869, 25.7915, 0.507783, 0.4, -0.00478644, 0.93638, 0.906299, 0.932583, 0.917988
0.667919, 25.7872, 0.507701, 0.4, -0.00478706, 0.93638, 0.906296, 0.93258, 0.917985
0.667969, 25.7829, 0.507618, 0.4, -0.00478768, 0.93638, 0.906294, 0.932576, 0.917982
0.668019, 25.7786, 0.507536, 0.4, -0.00478829, 0.93638, 0.906291, 0.932572, 0.917978
0.668069, 25.7743, 0.507454, 0.4, -0.00478891, 0.93638, 0.906289, 0.932569, 0.917975
0.668119, 25.77, 0.507371, 0.4, -0.00478953, 0.93638, 0.906287, 0.932566, 0.917972
0.668169, 25.7657, 0.507289, 0.4, -0.00479014, 0.936379, 0.906284, 0.932562, 0.917969
0.668219, 25.7614, 0.507206, 0.4, -0.00479076, 0.936379, 0.906282, 0.932559, 0.917966
0.668269, 25.7571, 0.507124, 0.4, -0.00479137, 0.936379, 0.90628, 0.932555, 0.917962
0.668319, 25.7527, 0.507042, 0.4, -0.00479199, 0.936379, 0.906277, 0.932552, 0.917959
0.668369, 25.7484, 0.506959, 0.4, -0.0047926, 0.936379, 0.906275, 0.932548, 0.917956
0.668419, 25.7441, 0.506877, 0.4, -0.00479322, 0.936379, 0.906272, 0.932545, 0.917953
0.668469, 25.7398, 0.506794, 0.4, -0.00479383, 0.936379, 0.90627, 0.932541, 0.91795
0.668519, 25.7355, 0.506712, 0.4, -0.00479444, 0.936379, 0.906268, 0.932538, 0.917947
0.668569, 25.7312, 0.50663, 0.4, -0.00479505, 0.936379, 0.906265, 0.932534, 0.917943
0.668619, 25.7269, 0.506547, 0.4, -0.00479566, 0.936379, 0.906263, 0.932531, 0.91794
0.668669, 25.7225, 0.506465, 0.4, -0.00479627, 0.936378, 0.906261, 0.932527, 0.917937
0.668719, 25.7182, 0.506382, 0.4, -0.00479688, 0.936378, 0.906258, 0.932524, 0.917934
0.668769, 25.7139, 0.5063, 0.4, -0.00479749, 0.936378, 0.906256, 0.93252, 0.91793
0.668819, 25.7096, 0.506217, 0.4, -0.0047981, 0.936378, 0.906253, 0.932517, 0.917927
0.668869, 25.7053, 0.506135, 0.4, -0.00479871, 0.936378, 0.906251, 0.932513, 0.917924
0.668919, 25.701, 0.506053, 0.4, -0.00479932, 0.936378, 0.906249, 0.93251, 0.917921
0.668969, 25.6966, 0.50597, 0.4, -0.00479993, 0.936378, 0.906246, 0.932506, 0.917918
0.669019, 25.6923, 0.505888, 0.4, -0.00480054, 0.936378, 0.906244, 0.932503, 0.917914
0.669069, 25.688, 0.505805, 0.4, -0.00480114, 0.936378, 0.906241, 0.932499, 0.917911
0.669119, 25.6837, 0.505723, 0.4, -0.00480175, 0.936378, 0.906239, 0.932496, 0.917908
0.669169, 25.6793, 0.505641, 0.4, -0.00480236, 0.936377, 0.906237, 0.932492, 0.917905
0.669219, 25.675, 0.505558, 0.4, -0.00480296, 0.936377, 0.906234, 0.932489, 0.917902
0.669269, 25.6707, 0.505476, 0.4, -0.00480357, 0.936377, 0.906232, 0.932485, 0.917898
0.669319, 25.6664, 0.505393, 0.4, -0.00480417, 0.936377, 0.906229, 0.932482, 0.917895
0.669369, 25.6621, 0.505311, 0.4, -0.00480478, 0.936377, 0.906227, 0.932478, 0.917892
0.669419, 25.6577, 0.505229, 0.4, -0.00480538, 0.936377, 0.906225, 0.932474, 0.917889
0.669469, 25.6534, 0.505146, 0.4, -0.00480598, 0.936377, 0.906222, 0.932471, 0.917885
0.669519, 25.6491, 0.505064, 0.4, -0.00480658, 0.936377, 0.90622, 0.932468, 0.917882
0.669569, 25.6448, 0.504981, 0.4, -0.00480719, 0.936377, 0.906217, 0.932464, 0.917879
0.669619, 25.6404, 0.504899, 0.4, -0.00480779, 0.936376, 0.906215, 0.93246, 0.917876
0.669669, 25.6361, 0.504816, 0.4, -0.00480839, 0.936376, 0.906213, 0.932457, 0.917873
0.669719, 25.6318, 0.504734, 0.4, -0.00480899, 0.936376, 0.90621, 0.932453, 0.917869
0.669769, 25.6274, 0.504652, 0.4, -0.00480959, 0.936376, 0.906208, 0.93245, 0.917866
0.669819, 25.6231, 0.504569, 0.4, -0.00481019, 0.936376, 0.906205, 0.932446, 0.917863
0.669869, 25.6188, 0.504487, 0.4, -0.00481079, 0.936376, 0.906203, 0.932443, 0.91786
0.669919, 25.6145, 0.504404, 0.4, -0.00481139, 0.936376, 0.906201, 0.932439, 0.917857
0.669969, 25.6101, 0.504322, 0.4, -0.00481199, 0.936376, 0.906198, 0.932436, 0.917853
0.670019, 25.6058, 0.50424, 0.4, -0.00481258, 0.936375, 0.906196, 0.932432, 0.91785
0.670069, 25.6015, 0.504157, 0.4, -0.00481318, 0.936375, 0.906193, 0.932429, 0.917847
0.670119, 25.5971, 0.504075, 0.4, -0.00481378, 0.936375, 0.906191, 0.932425, 0.917844
0.670169, 25.5928, 0.503992, 0.4, -0.00481438, 0.936375, 0.906189, 0.932422, 0.91784
0.670219, 25.5885, 0.50391, 0.4, -0.00481497, 0.936375, 0.906186, 0.932418, 0.917837
0.670269, 25.5841, 0.503827, 0.4, -0.00481557, 0.936375, 0.906184, 0.932415, 0.917834
0.670319, 25.5798, 0.503745, 0.4, -0.00481616, 0.936375, 0.906181, 0.932411, 0.917831
0.670369, 25.5755, 0.503663, 0.4, -0.00481676, 0.936374, 0.906179, 0.932408, 0.917827
0.670419, 25.5711, 0.50358, 0.4, -0.00481735, 0.936374, 0.906176, 0.932404, 0.917824
0.670469, 25.5668, 0.503498, 0.4, -0.00481794, 0.936374, 0.906174, 0.932401, 0.917821
0.670519, 25.5625, 0.503415, 0.4, -0.00481854, 0.936374, 0.906172, 0.932397, 0.917818
0.670569, 25.5581, 0.503333, 0.4, -0.00481913, 0.936374, 0.906169, 0.932394, 0.917814
0.670619, 25.5538, 0.50325, 0.4, -0.00481972, 0.936374, 0.906167, 0.93239, 0.917811
0.670669, 25.5494, 0.503168, 0.4, -0.00482031, 0.936374, 0.906164, 0.932387, 0.917808
0.670719, 25.5451, 0.503086, 0.4, -0.0048209, 0.936374, 0.906162, 0.932383, 0.917805
0.670769, 25.5408, 0.503003, 0.4, -0.00482149, 0.936374, 0.90616, 0.932379, 0.917801
0.670819, 25.5364, 0.502921, 0.4, -0.00482208, 0.936373, 0.906157, 0.932376, 0.917798
0.670869, 25.5321, 0.502838, 0.4, -0.00482267, 0.936373, 0.906155, 0.932372, 0.917795
0.670919, 25.5277, 0.502756, 0.4, -0.00482326, 0.936373, 0.906152, 0.932369, 0.917792
0.670969, 25.5234, 0.502674, 0.4, -0.00482385, 0.936373, 0.90615, 0.932365, 0.917788
0.671019, 25.5191, 0.502591, 0.4, -0.00482444, 0.936373, 0.906147, 0.932362, 0.917785
0.671069, 25.5147, 0.502509, 0.4, -0.00482503, 0.936373, 0.906145, 0.932358, 0.917782
0.671119, 25.5104, 0.502426, 0.4, -0.00482562, 0.936373, 0.906142, 0.932355, 0.917779
0.671169, 25.506, 0.502344, 0.4, -0.0048262, 0.936373, 0.90614, 0.932351, 0.917776
0.671219, 25.5017, 0.502261, 0.4, -0.00482679, 0.936373, 0.906138, 0.932348, 0.917772
0.671269, 25.4973, 0.502179, 0.4, -0.00482737, 0.936372, 0.906135, 0.932344, 0.917769
0.671319, 25.493, 0.502097, 0.4, -0.00482796, 0.936372, 0.906133, 0.932341, 0.917766
0.671369, 25.4887, 0.502014, 0.4, -0.00482854, 0.936372, 0.90613, 0.932337, 0.917763
0.671419, 25.4843, 0.501932, 0.4, -0.00482913, 0.936372, 0.906128, 0.932333, 0.917759
0.671469, 25.48, 0.501849, 0.4, -0.00482971, 0.936372, 0.906126, 0.93233, 0.917756
0.671519, 25.4756, 0.501767, 0.4, -0.00483029, 0.936372, 0.906123, 0.932326, 0.917753
0.671569, 25.4713, 0.501685, 0.4, -0.00483088, 0.936372, 0.906121, 0.932323, 0.917749
0.671619, 25.4669, 0.501602, 0.4, -0.00483146, 0.936371, 0.906118, 0.932319, 0.917746
0.671669, 25.4626, 0.50152, 0.4, -0.00483204, 0.936371, 0.906116, 0.932316, 0.917743
0.671719, 25.4582, 0.501437, 0.4, -0.00483262, 0.936371, 0.906113, 0.932312, 0.91774
0.671769, 25.4539, 0.501355, 0.4, -0.0048332, 0.936371, 0.906111, 0.932309, 0.917736
0.671819, 25.4495, 0.501272, 0.4, -0.00483378, 0.936371, 0.906108, 0.932305, 0.917733
0.671869, 25.4452, 0.50119, 0.4, -0.00483436, 0.936371, 0.906106, 0.932302, 0.91773
0.671919, 25.4408, 0.501108, 0.4, -0.00483494, 0.936371, 0.906104, 0.932298, 0.917727
0.671969, 25.4365, 0.501025, 0.4, -0.00483552, 0.936371, 0.906101, 0.932294, 0.917723
0.672019, 25.4321, 0.500943, 0.4, -0.0048361, 0.936371, 0.906099, 0.932291, 0.91772
0.672069, 25.4278, 0.50086, 0.4, -0.00483668, 0.93637, 0.906096, 0.932287, 0.917717
0.672119, 25.4234, 0.500778, 0.4, -0.00483726, 0.93637, 0.906094, 0.932284, 0.917714
0.672169, 25.4191, 0.500696, 0.4, -0.00483783, 0.93637, 0.906091, 0.93228, 0.91771
0.672219, 25.4147, 0.500613, 0.4, -0.00483841, 0.93637, 0.906089, 0.932277, 0.917707
0.672269, 25.4103, 0.500531, 0.4, -0.00483899, 0.93637, 0.906087, 0.932273, 0.917704
0.672319, 25.406, 0.500448, 0.4, -0.00483956, 0.93637, 0.906084, 0.93227, 0.917701
0.672369, 25.4016, 0.500366, 0.4, -0.00484014, 0.93637, 0.906082, 0.932266, 0.917697
0.672419, 25.3973, 0.500283, 0.4, -0.00484071, 0.93637, 0.906079, 0.932263, 0.917694
0.672469, 25.3929, 0.500201, 0.4, -0.00484129, 0.936369, 0.906077, 0.932259, 0.917691
0.672519, 25.3886, 0.500119, 0.4, -0.00484186, 0.936369, 0.906074, 0.932255, 0.917688
0.672569, 25.3842, 0.500036, 0.4, -0.00484243, 0.936369, 0.906072, 0.932252, 0.917684
0.672619, 25.3798, 0.499954, 0.4, -0.00484301, 0.936369, 0.906069, 0.932248, 0.917681
0.672669, 25.3755, 0.499871, 0.4, -0.00484358, 0.936369, 0.906067, 0.932245, 0.917678
0.672719, 25.3711, 0.499789, 0.4, -0.00484415, 0.936369, 0.906065, 0.932241, 0.917674
0.672769, 25.3668, 0.499707, 0.4, -0.00484472, 0.936369, 0.906062, 0.932238, 0.917671
0.672819, 25.3624, 0.499624, 0.4, -0.00484529, 0.936369, 0.90606, 0.932234, 0.917668
0.672869, 25.358, 0.499542, 0.4, -0.00484586, 0.936368, 0.906057, 0.932231, 0.917665
0.672919, 25.3537, 0.499459, 0.4, -0.00484643, 0.936368, 0.906055, 0.932227, 0.917661
0.672969, 25.3493, 0.499377, 0.4, -0.004847, 0.936368, 0.906052, 0.932223, 0.917658
0.673019, 25.345, 0.499294, 0.4, -0.00484757, 0.936368, 0.90605, 0.93222, 0.917655
0.673069, 25.3406, 0.499212, 0.4, -0.00484814, 0.936368, 0.906047, 0.932216, 0.917651
0.673119, 25.3362, 0.49913, 0.4, -0.00484871, 0.936368, 0.906045, 0.932213, 0.917648
0.673169, 25.3319, 0.499047, 0.4, -0.00484927, 0.936368, 0.906042, 0.932209, 0.917645
0.67322, 25.3275, 0.498965, 0.4, -0.00484984, 0.936367, 0.90604, 0.932206, 0.917642
0.67327, 25.3231, 0.498882, 0.4, -0.00485041, 0.936367, 0.906037, 0.932202, 0.917638
0.67332, 25.3188, 0.4988, 0.4, -0.00485097, 0.936367, 0.906035, 0.932198, 0.917635
0.67337, 25.3144, 0.498717, 0.4, -0.00485154, 0.936367, 0.906033, 0.932195, 0.917632
0.67342, 25.31, 0.498635, 0.4, -0.0048521, 0.936367, 0.90603, 0.932191, 0.917629
0.67347, 25.3057, 0.498553, 0.4, -0.00485267, 0.936367, 0.906028, 0.932188, 0.917625
0.67352, 25.3013, 0.49847, 0.4, -0.00485323, 0.936367, 0.906025, 0.932184, 0.917622
0.67357, 25.2969, 0.498388, 0.4, -0.0048538, 0.936366, 0.906023, 0.932181, 0.917619
0.67362, 25.2926, 0.498305, 0.4, -0.00485436, 0.936366, 0.90602, 0.932177, 0.917615
0.67367, 25.2882, 0.498223, 0.4, -0.00485492, 0.936366, 0.906018, 0.932173, 0.917612
0.67372, 25.2838, 0.498141, 0.4, -0.00485548, 0.936366, 0.906015, 0.93217, 0.917609
0.67377, 25.2795, 0.498058, 0.4, -0.00485605, 0.936366, 0.906013, 0.932166, 0.917606
0.67382, 25.2751, 0.497976, 0.4, -0.00485661, 0.936366, 0.90601, 0.932163, 0.917602
0.67387, 25.2707, 0.497893, 0.4, -0.00485717, 0.936366, 0.906008, 0.932159, 0.917599
0.67392, 25.2663, 0.497811, 0.4, -0.00485773, 0.936365, 0.906005, 0.932156, 0.917596
0.67397, 25.262, 0.497728, 0.4, -0.00485829, 0.936365, 0.906003, 0.932152, 0.917592
0.67402, 25.2576, 0.497646, 0.4, -0.00485885, 0.936365, 0.906, 0.932148, 0.917589
0.67407, 25.2532, 0.497564, 0.4, -0.0048594, 0.936365, 0.905998, 0.932145, 0.917586
0.67412, 25.2489, 0.497481, 0.4, -0.00485996, 0.936365, 0.905995, 0.932141, 0.917582
0.67417, 25.2445, 0.497399, 0.4, -0.00486052, 0.936365, 0.905993, 0.932138, 0.917579
0.67422, 25.2401, 0.497316, 0.4, -0.00486108, 0.936365, 0.905991, 0.932134, 0.917576
0.67427, 25.2357, 0.497234, 0.4, -0.00486163, 0.936364, 0.905988, 0.93213, 0.917572
0.67432, 25.2314, 0.497151, 0.4, -0.00486219, 0.936364, 0.905986, 0.932127, 0.917569
0.67437, 25.227, 0.497069, 0.4, -0.00486275, 0.936364, 0.905983, 0.932123, 0.917566
0.67442, 25.2226, 0.496987, 0.4, -0.0048633, 0.936364, 0.905981, 0.93212, 0.917563
0.67447, 25.2182, 0.496904, 0.4, -0.00486386, 0.936364, 0.905978, 0.932116, 0.917559
0.67452, 25.2138, 0.496822, 0.4, -0.00486441, 0.936364, 0.905976, 0.932113, 0.917556
0.67457, 25.2095, 0.496739, 0.4, -0.00486496, 0.936364, 0.905973, 0.932109, 0.917553
0.67462, 25.2051, 0.496657, 0.4, -0.00486552, 0.936363, 0.905971, 0.932105, 0.917549
0.67467, 25.2007, 0.496574, 0.4, -0.00486607, 0.936363, 0.905968, 0.932102, 0.917546
0.67472, 25.1963, 0.496492, 0.4, -0.00486662, 0.936363, 0.905966, 0.932098, 0.917543
0.67477, 25.1919, 0.49641, 0.4, -0.00486718, 0.936363, 0.905963, 0.932095, 0.917539
0.67482, 25.1876, 0.496327, 0.4, -0.00486773, 0.936363, 0.905961, 0.932091, 0.917536
0.67487, 25.1832, 0.496245, 0.4, -0.00486828, 0.936363, 0.905958, 0.932087, 0.917533
0.67492, 25.1788, 0.496162, 0.4, -0.00486883, 0.936362, 0.905956, 0.932084, 0.91753
0.67497, 25.1744, 0.49608, 0.4, -0.00486938, 0.936362, 0.905953, 0.93208, 0.917526
0.67502, 25.17, 0.495998, 0.4, -0.00486993, 0.936362, 0.905951, 0.932077, 0.917523
0.67507, 25.1657, 0.495915, 0.4, -0.00487048, 0.936362, 0.905948, 0.932073, 0.91752
0.67512, 25.1613, 0.495833, 0.4, -0.00487103, 0.936362, 0.905946, 0.932069, 0.917516
0.67517, 25.1569, 0.49575, 0.4, -0.00487158, 0.936361, 0.905943, 0.932066, 0.917513
0.67522, 25.1525, 0.495668, 0.4, -0.00487212, 0.936361, 0.905941, 0.932062, 0.91751
0.67527, 25.1481, 0.495585, 0.4, -0.00487267, 0.936361, 0.905938, 0.932059, 0.917506
0.67532, 25.1437, 0.495503, 0.4, -0.00487322, 0.936361, 0.905936, 0.932055, 0.917503
0.67537, 25.1393, 0.49542, 0.4, -0.00487376, 0.936361, 0.905933, 0.932051, 0.9175
0.67542, 25.135, 0.495338, 0.4, -0.00487431, 0.936361, 0.905931, 0.932048, 0.917496
0.67547, 25.1306, 0.495256, 0.4, -0.00487485, 0.936361, 0.905928, 0.932044, 0.917493
0.67552, 25.1262, 0.495173, 0.4, -0.0048754, 0.936361, 0.905926, 0.932041, 0.91749
0.67557, 25.1218, 0.495091, 0.4, -0.00487594, 0.93636, 0.905923, 0.932037, 0.917486
0.67562, 25.1174, 0.495008, 0.4, -0.00487648, 0.93636, 0.905921, 0.932033, 0.917483
0.67567, 25.113, 0.494926, 0.4, -0.00487703, 0.93636, 0.905918, 0.93203, 0.91748
0.67572, 25.1086, 0.494844, 0.4, -0.00487757, 0.93636, 0.905916, 0.932026, 0.917476
0.67577, 25.1042, 0.494761, 0.4, -0.00487811, 0.93636, 0.905913, 0.932022, 0.917473
0.67582, 25.0999, 0.494679, 0.4, -0.00487865, 0.93636, 0.905911, 0.932019, 0.91747
0.67587, 25.0955, 0.494596, 0.4, -0.0048792, 0.936359, 0.905908, 0.932015, 0.917466
0.67592, 25.0911, 0.494514, 0.4, -0.00487974, 0.936359, 0.905906, 0.932012, 0.917463
0.67597, 25.0867, 0.494431, 0.4, -0.00488028, 0.936359, 0.905903, 0.932008, 0.91746
0.67602, 25.0823, 0.494349, 0.4, -0.00488082, 0.936359, 0.905901, 0.932004, 0.917456
0.67607, 25.0779, 0.494267, 0.4, -0.00488136, 0.936359, 0.905898, 0.932001, 0.917453
0.67612, 25.0735, 0.494184, 0.4, -0.0048819, 0.936358, 0.905895, 0.931997, 0.91745
0.67617, 25.0691, 0.494102, 0.4, -0.00488243, 0.936358, 0.905893, 0.931994, 0.917446
0.67622, 25.0647, 0.494019, 0.4, -0.00488297, 0.936358, 0.90589, 0.93199, 0.917443
0.67627, 25.0603, 0.493937, 0.4, -0.00488351, 0.936358, 0.905888, 0.931986, 0.91744
0.67632, 25.0559, 0.493855, 0.4, -0.00488405, 0.936358, 0.905885, 0.931983, 0.917436
0.67637, 25.0515, 0.493772, 0.4, -0.00488458, 0.936358, 0.905883, 0.931979, 0.917433
0.67642, 25.0471, 0.49369, 0.4, -0.00488512, 0.936357, 0.90588, 0.931976, 0.91743
0.67647, 25.0427, 0.493607, 0.4, -0.00488566, 0.936357, 0.905878, 0.931972, 0.917426
0.67652, 25.0383, 0.493525, 0.4, -0.00488619, 0.936357, 0.905875, 0.931968, 0.917423
0.67657, 25.0339, 0.493443, 0.4, -0.00488673, 0.936357, 0.905873, 0.931965, 0.91742
0.67662, 25.0295, 0.49336, 0.4, -0.00488726, 0.936357, 0.90587, 0.931961, 0.917416
0.67667, 25.0251, 0.493278, 0.4, -0.00488779, 0.936357, 0.905868, 0.931957, 0.917413
0.67672, 25.0207, 0.493195, 0.4, -0.00488833, 0.936356, 0.905865, 0.931954, 0.91741
0.67677, 25.0163, 0.493113, 0.4, -0.00488886, 0.936356, 0.905863, 0.93195, 0.917406
0.67682, 25.0119, 0.49303, 0.4, -0.00488939, 0.936356, 0.90586, 0.931947, 0.917403
0.67687, 25.0075, 0.492948, 0.4, -0.00488992, 0.936356, 0.905858, 0.931943, 0.9174
0.67692, 25.0031, 0.492866, 0.4, -0.00489045, 0.936356, 0.905855, 0.931939, 0.917396
0.67697, 24.9987, 0.492783, 0.4, -0.00489098, 0.936356, 0.905853, 0.931936, 0.917393
0.67702, 24.9943, 0.492701, 0.4, -0.00489151, 0.936355, 0.90585, 0.931932, 0.91739
0.67707, 24.9899, 0.492619, 0.4, -0.00489204, 0.936355, 0.905848, 0.931928, 0.917386
0.67712, 24.9855, 0.492536, 0.4, -0.00489257, 0.936355, 0.905845, 0.931925, 0.917383
0.67717, 24.9811, 0.492454, 0.4, -0.0048931, 0.936355, 0.905842, 0.931921, 0.91738
0.67722, 24.9767, 0.492371, 0.4, -0.00489363, 0.936355, 0.90584, 0.931917, 0.917376
0.67727, 24.9723, 0.492289, 0.4, -0.00489416, 0.936355, 0.905837, 0.931914, 0.917373
0.67732, 24.9679, 0.492206, 0.4, -0.00489468, 0.936354, 0.905835, 0.93191, 0.917369
0.67737, 24.9635, 0.492124, 0.4, -0.00489521, 0.936354, 0.905832, 0.931907, 0.917366
0.67742, 24.9591, 0.492042, 0.4, -0.00489574, 0.936354, 0.90583, 0.931903, 0.917363
0.67747, 24.9547, 0.491959, 0.4, -0.00489626, 0.936354, 0.905827, 0.931899, 0.917359
0.67752, 24.9503, 0.491877, 0.4, -0.00489679, 0.936354, 0.905825, 0.931896, 0.917356
0.67757, 24.9459, 0.491795, 0.4, -0.00489731, 0.936354, 0.905822, 0.931892, 0.917353
0.67762, 24.9415, 0.491712, 0.4, -0.00489784, 0.936353, 0.90582, 0.931888, 0.917349
0.67767, 24.9371, 0.49163, 0.4, -0.00489836, 0.936353, 0.905817, 0.931885, 0.917346
0.67772, 24.9327, 0.491547, 0.4, -0.00489889, 0.936353, 0.905815, 0.931881, 0.917343
0.67777, 24.9282, 0.491465, 0.4, -0.00489941, 0.936353, 0.905812, 0.931877, 0.917339
0.67782, 24.9238, 0.491382, 0.4, -0.00489993, 0.936353, 0.905809, 0.931874, 0.917336
0.67787, 24.9194, 0.4913, 0.4, -0.00490046, 0.936352, 0.905807, 0.93187, 0.917333
0.67792, 24.915, 0.491218, 0.4, -0.00490098, 0.936352, 0.905804, 0.931867, 0.917329
0.67797, 24.9106, 0.491135, 0.4, -0.0049015, 0.936352, 0.905802, 0.931863, 0.917326
0.67802, 24.9062, 0.491053, 0.4, -0.00490202, 0.936352, 0.905799, 0.931859, 0.917322
0.67807, 24.9018, 0.49097, 0.4, -0.00490254, 0.936352, 0.905797, 0.931856, 0.917319
0.67812, 24.8974, 0.490888, 0.4, -0.00490306, 0.936351, 0.905794, 0.931852, 0.917316
0.67817, 24.893, 0.490806, 0.4, -0.00490358, 0.936351, 0.905792, 0.931848, 0.917312
0.67822, 24.8885, 0.490723, 0.4, -0.00490409, 0.936351, 0.905789, 0.931845, 0.917309
0.67827, 24.8841, 0.490641, 0.4, -0.00490461, 0.936351, 0.905787, 0.931841, 0.917306
0.67832, 24.8797, 0.490558, 0.4, -0.00490513, 0.936351, 0.905784, 0.931837, 0.917302
0.67837, 24.8753, 0.490476, 0.4, -0.00490565, 0.936351, 0.905781, 0.931834, 0.917299
0.67842, 24.8709, 0.490394, 0.4, -0.00490616, 0.93635, 0.905779, 0.93183, 0.917295
0.67847, 24.8665, 0.490311, 0.4, -0.00490668, 0.93635, 0.905776, 0.931826, 0.917292
0.67852, 24.862, 0.490229, 0.4, -0.0049072, 0.93635, 0.905774, 0.931823, 0.917289
0.67857, 24.8576, 0.490147, 0.4, -0.00490771, 0.93635, 0.905771, 0.931819, 0.917285
0.67862, 24.8532, 0.490064, 0.4, -0.00490823, 0.93635, 0.905769, 0.931815, 0.917282
0.67867, 24.8488, 0.489982, 0.4, -0.00490874, 0.936349, 0.905766, 0.931812, 0.917279
0.67872, 24.8444, 0.489899, 0.4, -0.00490925, 0.936349, 0.905764, 0.931808, 0.917275
0.67877, 24.84, 0.489817, 0.4, -0.00490977, 0.936349, 0.905761, 0.931804, 0.917272
0.67882, 24.8355, 0.489734, 0.4, -0.00491028, 0.936349, 0.905758, 0.931801, 0.917268
0.67887, 24.8311, 0.489652, 0.4, -0.00491079, 0.936349, 0.905756, 0.931797, 0.917265
0.67892, 24.8267, 0.48957, 0.4, -0.0049113, 0.936348, 0.905753, 0.931794, 0.917262
0.67897, 24.8223, 0.489487, 0.4, -0.00491182, 0.936348, 0.905751, 0.93179, 0.917258
0.67902, 24.8179, 0.489405, 0.4, -0.00491233, 0.936348, 0.905748, 0.931786, 0.917255
0.67907, 24.8134, 0.489323, 0.4, -0.00491284, 0.936348, 0.905746, 0.931783, 0.917252
0.67912, 24.809, 0.48924, 0.4, -0.00491335, 0.936348, 0.905743, 0.931779, 0.917248
0.67917, 24.8046, 0.489158, 0.4, -0.00491386, 0.936347, 0.90574, 0.931775, 0.917245
0.67922, 24.8002, 0.489075, 0.4, -0.00491437, 0.936347, 0.905738, 0.931772, 0.917241
0.679271, 24.7957, 0.488993, 0.4, -0.00491488, 0.936347, 0.905735, 0.931768, 0.917238
0.679321, 24.7913, 0.488911, 0.4, -0.00491538, 0.936347, 0.905733, 0.931764, 0.917235
0.679371, 24.7869, 0.488828, 0.4, -0.00491589, 0.936347, 0.90573, 0.931761, 0.917231
0.679421, 24.7825, 0.488746, 0.4, -0.0049164, 0.936346, 0.905728, 0.931757, 0.917228
0.679471, 24.7781, 0.488663, 0.4, -0.0049169, 0.936346, 0.905725, 0.931753, 0.917224
0.679521, 24.7736, 0.488581, 0.4, -0.00491741, 0.936346, 0.905722, 0.93175, 0.917221
0.679571, 24.7692, 0.488499, 0.4, -0.00491792, 0.936346, 0.90572, 0.931746, 0.917218
0.679621, 24.7648, 0.488416, 0.4, -0.00491842, 0.936346, 0.905717, 0.931742, 0.917214
0.679671, 24.7603, 0.488334, 0.4, -0.00491893, 0.936345, 0.905715, 0.931738, 0.917211
0.679721, 24.7559, 0.488252, 0.4, -0.00491943, 0.936345, 0.905712, 0.931735, 0.917207
0.679771, 24.7515, 0.488169, 0.4, -0.00491993, 0.936345, 0.905709, 0.931731, 0.917204
0.679821, 24.7471, 0.488087, 0.4, -0.00492044, 0.936345, 0.905707, 0.931727, 0.917201
0.679871, 24.7426, 0.488004, 0.4, -0.00492094, 0.936345, 0.905704, 0.931724, 0.917197
0.679921, 24.7382, 0.487922, 0.4, -0.00492144, 0.936344, 0.905702, 0.93172, 0.917194
0.679971, 24.7338, 0.48784, 0.4, -0.00492194, 0.936344, 0.905699, 0.931716, 0.91719
0.680021, 24.7293, 0.487757, 0.4, -0.00492244, 0.936344, 0.905696, 0.931713, 0.917187
0.680071, 24.7249, 0.487675, 0.4, -0.00492295, 0.936344, 0.905694, 0.931709, 0.917184
0.680121, 24.7205, 0.487593, 0.4, -0.00492345, 0.936343, 0.905691, 0.931705, 0.91718
0.680171, 24.7161, 0.48751, 0.4, -0.00492395, 0.936343, 0.905689, 0.931702, 0.917177
0.680221, 24.7116, 0.487428, 0.4, -0.00492444, 0.936343, 0.905686, 0.931698, 0.917173
0.680271, 24.7072, 0.487345, 0.4, -0.00492494, 0.936343, 0.905683, 0.931694, 0.91717
0.680321, 24.7028, 0.487263, 0.4, -0.00492544, 0.936343, 0.905681, 0.931691, 0.917166
0.680371, 24.6983, 0.487181, 0.4, -0.00492594, 0.936342, 0.905678, 0.931687, 0.917163
0.680421, 24.6939, 0.487098, 0.4, -0.00492644, 0.936342, 0.905676, 0.931683, 0.91716
0.680471, 24.6895, 0.487016, 0.4, -0.00492693, 0.936342, 0.905673, 0.93168, 0.917156
0.680521, 24.685, 0.486933, 0.4, -0.00492743, 0.936342, 0.905671, 0.931676, 0.917153
0.680571, 24.6806, 0.486851, 0.4, -0.00492793, 0.936341, 0.905668, 0.931672, 0.917149
0.680621, 24.6762, 0.486769, 0.4, -0.00492842, 0.936341, 0.905665, 0.931668, 0.917146
0.680671, 24.6717, 0.486686, 0.4, -0.00492892, 0.936341, 0.905663, 0.931665, 0.917143
0.680721, 24.6673, 0.486604, 0.4, -0.00492941, 0.936341, 0.90566, 0.931661, 0.917139
0.680771, 24.6628, 0.486522, 0.4, -0.00492991, 0.936341, 0.905658, 0.931657, 0.917136
0.680821, 24.6584, 0.486439, 0.4, -0.0049304, 0.93634, 0.905655, 0.931654, 0.917132
0.680871, 24.654, 0.486357, 0.4, -0.00493089, 0.93634, 0.905652, 0.93165, 0.917129
0.680921, 24.6495, 0.486275, 0.4, -0.00493139, 0.93634, 0.90565, 0.931646, 0.917125
0.680971, 24.6451, 0.486192, 0.4, -0.00493188, 0.93634, 0.905647, 0.931643, 0.917122
0.681021, 24.6407, 0.48611, 0.4, -0.00493237, 0.936339, 0.905644, 0.931639, 0.917119
0.681071, 24.6362, 0.486027, 0.4, -0.00493286, 0.936339, 0.905642, 0.931635, 0.917115
0.681121, 24.6318, 0.485945, 0.4, -0.00493335, 0.936339, 0.905639, 0.931631, 0.917112
0.681171, 24.6273, 0.485863, 0.4, -0.00493384, 0.936339, 0.905637, 0.931628, 0.917108
0.681221, 24.6229, 0.485781, 0.4, -0.00493433, 0.936339, 0.905634, 0.931624, 0.917105
0.681271, 24.6185, 0.485698, 0.4, -0.00493482, 0.936338, 0.905631, 0.93162, 0.917101
0.681321, 24.614, 0.485616, 0.4, -0.00493531, 0.936338, 0.905629, 0.931617, 0.917098
0.681371, 24.6096, 0.485533, 0.4, -0.0049358, 0.936338, 0.905626, 0.931613, 0.917095
0.681421, 24.6051, 0.485451, 0.4, -0.00493628, 0.936338, 0.905623, 0.931609, 0.917091
0.681471, 24.6007, 0.485369, 0.4, -0.00493677, 0.936338, 0.905621, 0.931606, 0.917088
0.681521, 24.5962, 0.485286, 0.4, -0.00493726, 0.936337, 0.905618, 0.931602, 0.917084
0.681571, 24.5918, 0.485204, 0.4, -0.00493774, 0.936337, 0.905616, 0.931598, 0.917081
0.681621, 24.5874, 0.485121, 0.4, -0.00493823, 0.936337, 0.905613, 0.931594, 0.917077
0.681671, 24.5829, 0.485039, 0.4, -0.00493872, 0.936337, 0.90561, 0.931591, 0.917074
0.681721, 24.5785, 0.484957, 0.4, -0.0049392, 0.936336, 0.905608, 0.931587, 0.917071
0.681771, 24.574, 0.484874, 0.4, -0.00493969, 0.936336, 0.905605, 0.931583, 0.917067
0.681821, 24.5696, 0.484792, 0.4, -0.00494017, 0.936336, 0.905603, 0.93158, 0.917064
0.681871, 24.5651, 0.48471, 0.4, -0.00494065, 0.936336, 0.9056, 0.931576, 0.91706
0.681921, 24.5607, 0.484628, 0.4, -0.00494114, 0.936336, 0.905597, 0.931572, 0.917057
0.681971, 24.5562, 0.484545, 0.4, -0.00494162, 0.936335, 0.905595, 0.931569, 0.917053
0.682021, 24.5518, 0.484463, 0.4, -0.0049421, 0.936335, 0.905592, 0.931565, 0.91705
0.682071, 24.5473, 0.484381, 0.4, -0.00494258, 0.936335, 0.905589, 0.931561, 0.917046
0.682121, 24.5429, 0.484298, 0.4, -0.00494306, 0.936334, 0.905587, 0.931557, 0.917043
0.682171, 24.5384, 0.484216, 0.4, -0.00494354, 0.936334, 0.905584, 0.931554, 0.91704
0.682221, 24.534, 0.484133, 0.4, -0.00494402, 0.936334, 0.905581, 0.93155, 0.917036
0.682271, 24.5295, 0.484051, 0.4, -0.0049445, 0.936334, 0.905579, 0.931546, 0.917033
0.682321, 24.5251, 0.483969, 0.4, -0.00494498, 0.936334, 0.905576, 0.931543, 0.917029
0.682371, 24.5206, 0.483887, 0.4, -0.00494546, 0.936333, 0.905574, 0.931539, 0.917026
0.682421, 24.5162, 0.483804, 0.4, -0.00494594, 0.936333, 0.905571, 0.931535, 0.917022
0.682471, 24.5117, 0.483722, 0.4, -0.00494642, 0.936333, 0.905568, 0.931531, 0.917019
0.682521, 24.5073, 0.483639, 0.4, -0.00494689, 0.936333, 0.905566, 0.931528, 0.917015
0.682571, 24.5028, 0.483557, 0.4, -0.00494737, 0.936332, 0.905563, 0.931524, 0.917012
0.682621, 24.4984, 0.483475, 0.4, -0.00494785, 0.936332, 0.90556, 0.93152, 0.917009
0.682671, 24.4939, 0.483392, 0.4, -0.00494832, 0.936332, 0.905558, 0.931516, 0.917005
0.682721, 24.4895, 0.48331, 0.4, -0.0049488, 0.936332, 0.905555, 0.931513, 0.917002
0.682771, 24.485, 0.483228, 0.4, -0.00494927, 0.936331, 0.905553, 0.931509, 0.916998
0.682821, 24.4806, 0.483146, 0.4, -0.00494975, 0.936331, 0.90555, 0.931505, 0.916995
0.682871, 24.4761, 0.483063, 0.4, -0.00495022, 0.936331, 0.905547, 0.931502, 0.916991
0.682921, 24.4717, 0.482981, 0.4, -0.00495069, 0.936331, 0.905545, 0.931498, 0.916988
0.682971, 24.4672, 0.482899, 0.4, -0.00495117, 0.93633, 0.905542, 0.931494, 0.916984
0.683021, 24.4627, 0.482816, 0.4, -0.00495164, 0.93633, 0.905539, 0.93149, 0.916981
0.683071, 24.4583, 0.482734, 0.4, -0.00495211, 0.93633, 0.905537, 0.931487, 0.916977
0.683121, 24.4538, 0.482652, 0.4, -0.00495258, 0.93633, 0.905534, 0.931483, 0.916974
0.683171, 24.4494, 0.482569, 0.4, -0.00495305, 0.936329, 0.905531, 0.931479, 0.91697
0.683221, 24.4449, 0.482487, 0.4, -0.00495352, 0.936329, 0.905529, 0.931475, 0.916967
0.683271, 24.4405, 0.482405, 0.4, -0.00495399, 0.936329, 0.905526, 0.931472, 0.916964
0.683321, 24.436, 0.482322, 0.4, -0.00495446, 0.936329, 0.905523, 0.931468, 0.91696
0.683371, 24.4315, 0.48224, 0.4, -0.00495493, 0.936328, 0.905521, 0.931464, 0.916957
0.683421, 24.4271, 0.482158, 0.4, -0.0049554, 0.936328, 0.905518, 0.93146, 0.916953
0.683471, 24.4226, 0.482075, 0.4, -0.00495587, 0.936328, 0.905515, 0.931457, 0.91695
0.683521, 24.4182, 0.481993, 0.4, -0.00495634, 0.936328, 0.905513, 0.931453, 0.916946
0.683571, 24.4137, 0.481911, 0.4, -0.0049568, 0.936328, 0.90551, 0.931449, 0.916943
0.683621, 24.4092, 0.481828, 0.4, -0.00495727, 0.936327, 0.905508, 0.931446, 0.916939
0.683671, 24.4048, 0.481746, 0.4, -0.00495774, 0.936327, 0.905505, 0.931442, 0.916936
0.683721, 24.4003, 0.481664, 0.4, -0.0049582, 0.936327, 0.905502, 0.931438, 0.916932
0.683771, 24.3958, 0.481581, 0.4, -0.00495867, 0.936326, 0.905499, 0.931434, 0.916929
0.683821, 24.3914, 0.481499, 0.4, -0.00495913, 0.936326, 0.905497, 0.931431, 0.916925
0.683871, 24.3869, 0.481417, 0.4, -0.0049596, 0.936326, 0.905494, 0.931427, 0.916922
0.683921, 24.3825, 0.481334, 0.4, -0.00496006, 0.936326, 0.905491, 0.931423, 0.916918
0.683971, 24.378, 0.481252, 0.4, -0.00496052, 0.936325, 0.905489, 0.931419, 0.916915
0.684021, 24.3735, 0.48117, 0.4, -0.00496098, 0.936325, 0.905486, 0.931416, 0.916911
0.684071, 24.3691, 0.481088, 0.4, -0.00496145, 0.936325, 0.905483, 0.931412, 0.916908
0.684121, 24.3646, 0.481005, 0.4, -0.00496191, 0.936325, 0.905481, 0.931408, 0.916905
0.684171, 24.3601, 0.480923, 0.4, -0.00496237, 0.936324, 0.905478, 0.931404, 0.916901
0.684221, 24.3557, 0.480841, 0.4, -0.00496283, 0.936324, 0.905475, 0.931401, 0.916897
0.684271, 24.3512, 0.480758, 0.4, -0.00496329, 0.936324, 0.905473, 0.931397, 0.916894
0.684321, 24.3467, 0.480676, 0.4, -0.00496375, 0.936323, 0.90547, 0.931393, 0.91689
0.684371, 24.3423, 0.480594, 0.4, -0.00496421, 0.936323, 0.905467, 0.931389, 0.916887
0.684421, 24.3378, 0.480512, 0.4, -0.00496467, 0.936323, 0.905465, 0.931386, 0.916883
0.684471, 24.3333, 0.480429, 0.4, -0.00496513, 0.936323, 0.905462, 0.931382, 0.91688
0.684521, 24.3289, 0.480347, 0.4, -0.00496559, 0.936322, 0.905459, 0.931378, 0.916876
0.684571, 24.3244, 0.480264, 0.4, -0.00496604, 0.936322, 0.905457, 0.931374, 0.916873
0.684621, 24.3199, 0.480182, 0.4, -0.0049665, 0.936322, 0.905454, 0.93137, 0.91687
0.684671, 24.3154, 0.4801, 0.4, -0.00496696, 0.936322, 0.905451, 0.931367, 0.916866
0.684721, 24.311, 0.480018, 0.4, -0.00496741, 0.936321, 0.905449, 0.931363, 0.916863
0.684771, 24.3065, 0.479935, 0.4, -0.00496787, 0.936321, 0.905446, 0.931359, 0.916859
0.684821, 24.302, 0.479853, 0.4, -0.00496832, 0.936321, 0.905443, 0.931355, 0.916856
0.684871, 24.2976, 0.479771, 0.4, -0.00496878, 0.93632, 0.905441, 0.931352, 0.916852
0.684921, 24.2931, 0.479688, 0.4, -0.00496923, 0.93632, 0.905438, 0.931348, 0.916849
0.684971, 24.2886, 0.479606, 0.4, -0.00496969, 0.93632, 0.905435, 0.931344, 0.916845
0.685021, 24.2841, 0.479524, 0.4, -0.00497014, 0.93632, 0.905432, 0.93134, 0.916842
0.685071, 24.2797, 0.479442, 0.4, -0.00497059, 0.936319, 0.90543, 0.931337, 0.916838
0.685121, 24.2752, 0.479359, 0.4, -0.00497104, 0.936319, 0.905427, 0.931333, 0.916834
0.685171, 24.2707, 0.479277, 0.4, -0.00497149, 0.936319, 0.905424, 0.931329, 0.916831
0.685221, 24.2663, 0.479195, 0.4, -0.00497195, 0.936319, 0.905422, 0.931325, 0.916827
0.685272, 24.2618, 0.479113, 0.4, -0.0049724, 0.936318, 0.905419, 0.931321, 0.916824
0.685322, 24.2573, 0.47903, 0.4, -0.00497285, 0.936318, 0.905416, 0.931318, 0.91682
0.685372, 24.2528, 0.478948, 0.4, -0.0049733, 0.936318, 0.905414, 0.931314, 0.916817
0.685422, 24.2483, 0.478866, 0.4, -0.00497375, 0.936317, 0.905411, 0.93131, 0.916813
0.685472, 24.2439, 0.478783, 0.4, -0.00497419, 0.936317, 0.905408, 0.931306, 0.91681
0.685522, 24.2394, 0.478701, 0.4, -0.00497464, 0.936317, 0.905405, 0.931303, 0.916806
0.685572, 24.2349, 0.478619, 0.4, -0.00497509, 0.936317, 0.905403, 0.931299, 0.916803
0.685622, 24.2304, 0.478537, 0.4, -0.00497554, 0.936316, 0.9054, 0.931295, 0.916799
0.685672, 24.226, 0.478454, 0.4, -0.00497598, 0.936316, 0.905397, 0.931291, 0.916796
0.685722, 24.2215, 0.478372, 0.4, -0.00497643, 0.936316, 0.905395, 0.931288, 0.916792
0.685772, 24.217, 0.47829, 0.4, -0.00497688, 0.936315, 0.905392, 0.931284, 0.916789
0.685822, 24.2125, 0.478207, 0.4, -0.00497732, 0.936315, 0.905389, 0.93128, 0.916785
0.685872, 24.208, 0.478125, 0.4, -0.00497777, 0.936315, 0.905387, 0.931276, 0.916782
0.685922, 24.2036, 0.478043, 0.4, -0.00497821, 0.936315, 0.905384, 0.931272, 0.916778
0.685972, 24.1991, 0.477961, 0.4, -0.00497865, 0.936314, 0.905381, 0.931269, 0.916775
0.686022, 24.1946, 0.477878, 0.4, -0.0049791, 0.936314, 0.905378, 0.931265, 0.916771
0.686072, 24.1901, 0.477796, 0.4, -0.00497954, 0.936314, 0.905376, 0.931261, 0.916768
0.686122, 24.1856, 0.477714, 0.4, -0.00497998, 0.936313, 0.905373, 0.931257, 0.916764
0.686172, 24.1812, 0.477632, 0.4, -0.00498043, 0.936313, 0.90537, 0.931253, 0.916761
0.686222, 24.1767, 0.477549, 0.4, -0.00498087, 0.936313, 0.905368, 0.93125, 0.916757
0.686272, 24.1722, 0.477467, 0.4, -0.00498131, 0.936312, 0.905365, 0.931246, 0.916754
0.686322, 24.1677, 0.477385, 0.4, -0.00498175, 0.936312, 0.905362, 0.931242, 0.91675
0.686372, 24.1632, 0.477303, 0.4, -0.00498219, 0.936312, 0.905359, 0.931238, 0.916747
0.686422, 24.1587, 0.47722, 0.4, -0.00498263, 0.936312, 0.905357, 0.931235, 0.916743
0.686472, 24.1543, 0.477138, 0.4, -0.00498307, 0.936311, 0.905354, 0.931231, 0.916739
0.686522, 24.1498, 0.477056, 0.4, -0.00498351, 0.936311, 0.905351, 0.931227, 0.916736
0.686572, 24.1453, 0.476974, 0.4, -0.00498395, 0.936311, 0.905349, 0.931223, 0.916732
0.686622, 24.1408, 0.476892, 0.4, -0.00498438, 0.93631, 0.905346, 0.931219, 0.916729
0.686672, 24.1363, 0.476809, 0.4, -0.00498482, 0.93631, 0.905343, 0.931216, 0.916725
0.686722, 24.1318, 0.476727, 0.4, -0.00498526, 0.93631, 0.90534, 0.931212, 0.916722
0.686772, 24.1273, 0.476645, 0.4, -0.00498569, 0.93631, 0.905338, 0.931208, 0.916718
0.686822, 24.1229, 0.476562, 0.4, -0.00498613, 0.936309, 0.905335, 0.931204, 0.916715
0.686872, 24.1184, 0.47648, 0.4, -0.00498656, 0.936309, 0.905332, 0.9312, 0.916711
0.686922, 24.1139, 0.476398, 0.4, -0.004987, 0.936309, 0.90533, 0.931197, 0.916708
0.686972, 24.1094, 0.476316, 0.4, -0.00498743, 0.936308, 0.905327, 0.931193, 0.916704
0.687022, 24.1049, 0.476234, 0.4, -0.00498787, 0.936308, 0.905324, 0.931189, 0.916701
0.687072, 24.1004, 0.476151, 0.4, -0.0049883, 0.936308, 0.905321, 0.931185, 0.916697
0.687122, 24.0959, 0.476069, 0.4, -0.00498873, 0.936307, 0.905319, 0.931181, 0.916694
0.687172, 24.0914, 0.475987, 0.4, -0.00498916, 0.936307, 0.905316, 0.931178, 0.91669
0.687222, 24.0869, 0.475905, 0.4, -0.0049896, 0.936307, 0.905313, 0.931174, 0.916687
0.687272, 24.0824, 0.475822, 0.4, -0.00499003, 0.936306, 0.90531, 0.93117, 0.916683
0.687322, 24.078, 0.47574, 0.4, -0.00499046, 0.936306, 0.905308, 0.931166, 0.916679
0.687372, 24.0735, 0.475658, 0.4, -0.00499089, 0.936306, 0.905305, 0.931162, 0.916676
0.687422, 24.069, 0.475576, 0.4, -0.00499132, 0.936306, 0.905302, 0.931159, 0.916672
0.687472, 24.0645, 0.475494, 0.4, -0.00499175, 0.936305, 0.905299, 0.931155, 0.916669
0.687522, 24.06, 0.475411, 0.4, -0.00499218, 0.936305, 0.905297, 0.931151, 0.916665
0.687572, 24.0555, 0.475329, 0.4, -0.00499261, 0.936305, 0.905294, 0.931147, 0.916662
0.687622, 24.051, 0.475247, 0.4, -0.00499303, 0.936304, 0.905291, 0.931143, 0.916658
0.687672, 24.0465, 0.475165, 0.4, -0.00499346, 0.936304, 0.905288, 0.931139, 0.916654
0.687722, 24.042, 0.475083, 0.4, -0.00499389, 0.936304, 0.905286, 0.931136, 0.916651
0.687772, 24.0375, 0.475, 0.4, -0.00499432, 0.936303, 0.905283, 0.931132, 0.916647
0.687822, 24.033, 0.474918, 0.4, -0.00499474, 0.936303, 0.90528, 0.931128, 0.916644
0.687872, 24.0285, 0.474836, 0.4, -0.00499517, 0.936303, 0.905277, 0.931124, 0.91664
0.687922, 24.024, 0.474754, 0.4, -0.00499559, 0.936302, 0.905275, 0.93112, 0.916637
0.687972, 24.0195, 0.474672, 0.4, -0.00499602, 0.936302, 0.905272, 0.931117, 0.916633
0.688022, 24.015, 0.474589, 0.4, -0.00499644, 0.936302, 0.905269, 0.931113, 0.91663
0.688072, 24.0105, 0.474507, 0.4, -0.00499687, 0.936301, 0.905266, 0.931109, 0.916626
0.688122, 24.006, 0.474425, 0.4, -0.00499729, 0.936301, 0.905264, 0.931105, 0.916623
0.688172, 24.0015, 0.474343, 0.4, -0.00499771, 0.936301, 0.905261, 0.931101, 0.916619
0.688222, 23.997, 0.474261, 0.4, -0.00499813, 0.936301, 0.905258, 0.931098, 0.916615
0.688272, 23.9925, 0.474178, 0.4, -0.00499856, 0.9363, 0.905255, 0.931094, 0.916612
0.688322, 23.9881, 0.474096, 0.4, -0.00499898, 0.9363, 0.905253, 0.93109, 0.916608
0.688372, 23.9836, 0.474014, 0.4, -0.0049994, 0.936299, 0.90525, 0.931086, 0.916605
0.688422, 23.979, 0.473932, 0.4, -0.00499982, 0.936299, 0.905247, 0.931082, 0.916601
0.688472, 23.9746, 0.47385, 0.4, -0.00500024, 0.936299, 0.905244, 0.931078, 0.916598
0.688522, 23.9701, 0.473767, 0.4, -0.00500066, 0.936299, 0.905242, 0.931075, 0.916594
0.688572, 23.9656, 0.473685, 0.4, -0.00500108, 0.936298, 0.905239, 0.931071, 0.91659
0.688622, 23.9611, 0.473603, 0.4, -0.00500149, 0.936298, 0.905236, 0.931067, 0.916587
0.688672, 23.9565, 0.473521, 0.4, -0.00500191, 0.936298, 0.905233, 0.931063, 0.916583
0.688722, 23.952, 0.473439, 0.4, -0.00500233, 0.936297, 0.905231, 0.931059, 0.91658
0.688772, 23.9475, 0.473357, 0.4, -0.00500275, 0.936297, 0.905228, 0.931055, 0.916576
0.688822, 23.943, 0.473274, 0.4, -0.00500316, 0.936296, 0.905225, 0.931051, 0.916573
0.688872, 23.9385, 0.473192, 0.4, -0.00500358, 0.936296, 0.905222, 0.931048, 0.916569
0.688922, 23.934, 0.47311, 0.4, -0.00500399, 0.936296, 0.905219, 0.931044, 0.916565
0.688972, 23.9295, 0.473028, 0.4, -0.00500441, 0.936296, 0.905217, 0.93104, 0.916562
0.689022, 23.925, 0.472946, 0.4, -0.00500482, 0.936295, 0.905214, 0.931036, 0.916558
0.689072, 23.9205, 0.472864, 0.4, -0.00500524, 0.936295, 0.905211, 0.931032, 0.916555
0.689122, 23.916, 0.472781, 0.4, -0.00500565, 0.936295, 0.905208, 0.931029, 0.916551
0.689172, 23.9115, 0.472699, 0.4, -0.00500607, 0.936294, 0.905206, 0.931025, 0.916548
0.689222, 23.907, 0.472617, 0.4, -0.00500648, 0.936294, 0.905203, 0.931021, 0.916544
0.689272, 23.9025, 0.472535, 0.4, -0.00500689, 0.936294, 0.9052, 0.931017, 0.91654
0.689322, 23.898, 0.472453, 0.4, -0.0050073, 0.936293, 0.905197, 0.931013, 0.916537
0.689372, 23.8935, 0.47237, 0.4, -0.00500771, 0.936293, 0.905194, 0.931009, 0.916533
0.689422, 23.889, 0.472288, 0.4, -0.00500812, 0.936292, 0.905192, 0.931005, 0.91653
0.689472, 23.8845, 0.472206, 0.4, -0.00500854, 0.936292, 0.905189, 0.931002, 0.916526
0.689522, 23.88, 0.472124, 0.4, -0.00500894, 0.936292, 0.905186, 0.930998, 0.916522
0.689572, 23.8755, 0.472042, 0.4, -0.00500935, 0.936291, 0.905183, 0.930994, 0.916519
0.689622, 23.8709, 0.47196, 0.4, -0.00500976, 0.936291, 0.905181, 0.93099, 0.916515
0.689672, 23.8664, 0.471878, 0.4, -0.00501017, 0.936291, 0.905178, 0.930986, 0.916512
0.689722, 23.8619, 0.471795, 0.4, -0.00501058, 0.93629, 0.905175, 0.930982, 0.916508
0.689772, 23.8574, 0.471713, 0.4, -0.00501099, 0.93629, 0.905172, 0.930979, 0.916504
0.689822, 23.8529, 0.471631, 0.4, -0.00501139, 0.93629, 0.905169, 0.930975, 0.916501
0.689872, 23.8484, 0.471549, 0.4, -0.0050118, 0.936289, 0.905167, 0.930971, 0.916497
0.689922, 23.8439, 0.471467, 0.4, -0.0050122, 0.936289, 0.905164, 0.930967, 0.916494
0.689972, 23.8394, 0.471385, 0.4, -0.00501261, 0.936288, 0.905161, 0.930963, 0.91649
0.690022, 23.8349, 0.471302, 0.4, -0.00501301, 0.936288, 0.905158, 0.930959, 0.916486
0.690072, 23.8304, 0.47122, 0.4, -0.00501342, 0.936288, 0.905155, 0.930955, 0.916483
0.690122, 23.8258, 0.471138, 0.4, -0.00501382, 0.936288, 0.905153, 0.930952, 0.916479
0.690172, 23.8213, 0.471056, 0.4, -0.00501423, 0.936287, 0.90515, 0.930948, 0.916475
0.690222, 23.8168, 0.470974, 0.4, -0.00501463, 0.936287, 0.905147, 0.930944, 0.916472
0.690272, 23.8123, 0.470892, 0.4, -0.00501503, 0.936286, 0.905144, 0.93094, 0.916468
0.690322, 23.8078, 0.47081, 0.4, -0.00501543, 0.936286, 0.905141, 0.930936, 0.916465
0.690372, 23.8033, 0.470728, 0.4, -0.00501584, 0.936286, 0.905139, 0.930932, 0.916461
0.690422, 23.7988, 0.470645, 0.4, -0.00501624, 0.936285, 0.905136, 0.930928, 0.916457
0.690472, 23.7942, 0.470563, 0.4, -0.00501664, 0.936285, 0.905133, 0.930925, 0.916454
0.690522, 23.7897, 0.470481, 0.4, -0.00501704, 0.936284, 0.90513, 0.930921, 0.91645
0.690572, 23.7852, 0.470399, 0.4, -0.00501744, 0.936284, 0.905127, 0.930917, 0.916447
0.690622, 23.7807, 0.470317, 0.4, -0.00501784, 0.936284, 0.905125, 0.930913, 0.916443
0.690672, 23.7762, 0.470235, 0.4, -0.00501824, 0.936283, 0.905122, 0.930909, 0.916439
0.690722, 23.7717, 0.470153, 0.4, -0.00501863, 0.936283, 0.905119, 0.930905, 0.916436
0.690772, 23.7671, 0.470071, 0.4, -0.00501903, 0.936283, 0.905116, 0.930901, 0.916432
0.690822, 23.7626, 0.469989, 0.4, -0.00501943, 0.936282, 0.905113, 0.930897, 0.916429
0.690872, 23.7581, 0.469906, 0.4, -0.00501983, 0.936282, 0.90511, 0.930894, 0.916425
0.690922, 23.7536, 0.469824, 0.4, -0.00502022, 0.936282, 0.905108, 0.93089, 0.916421
0.690972, 23.7491, 0.469742, 0.4, -0.00502062, 0.936281, 0.905105, 0.930886, 0.916418
0.691022, 23.7446, 0.46966, 0.4, -0.00502101, 0.936281, 0.905102, 0.930882, 0.916414
0.691072, 23.74, 0.469578, 0.4, -0.00502141, 0.936281, 0.905099, 0.930878, 0.916411
0.691122, 23.7355, 0.469496, 0.4, -0.0050218, 0.93628, 0.905096, 0.930874, 0.916407
0.691172, 23.731, 0.469414, 0.4, -0.0050222, 0.93628, 0.905094, 0.93087, 0.916403
0.691222, 23.7265, 0.469332, 0.4, -0.00502259, 0.936279, 0.905091, 0.930866, 0.9164
0.691272, 23.722, 0.46925, 0.4, -0.00502298, 0.936279, 0.905088, 0.930863, 0.916396
0.691323, 23.7174, 0.469168, 0.4, -0.00502338, 0.936279, 0.905085, 0.930859, 0.916392
0.691373, 23.7129, 0.469085, 0.4, -0.00502377, 0.936278, 0.905082, 0.930855, 0.916389
0.691423, 23.7084, 0.469003, 0.4, -0.00502416, 0.936278, 0.905079, 0.930851, 0.916385
0.691473, 23.7039, 0.468921, 0.4, -0.00502455, 0.936278, 0.905077, 0.930847, 0.916381
0.691523, 23.6994, 0.468839, 0.4, -0.00502494, 0.936277, 0.905074, 0.930843, 0.916378
0.691573, 23.6948, 0.468757, 0.4, -0.00502533, 0.936277, 0.905071, 0.930839, 0.916374
0.691623, 23.6903, 0.468675, 0.4, -0.00502572, 0.936276, 0.905068, 0.930835, 0.916371
0.691673, 23.6858, 0.468593, 0.4, -0.00502611, 0.936276, 0.905065, 0.930831, 0.916367
0.691723, 23.6813, 0.468511, 0.4, -0.0050265, 0.936276, 0.905062, 0.930828, 0.916363
0.691773, 23.6767, 0.468429, 0.4, -0.00502689, 0.936275, 0.90506, 0.930824, 0.91636
0.691823, 23.6722, 0.468347, 0.4, -0.00502727, 0.936275, 0.905057, 0.93082, 0.916356
0.691873, 23.6677, 0.468265, 0.4, -0.00502766, 0.936275, 0.905054, 0.930816, 0.916352
0.691923, 23.6632, 0.468183, 0.4, -0.00502805, 0.936274, 0.905051, 0.930812, 0.916349
0.691973, 23.6586, 0.468101, 0.4, -0.00502843, 0.936274, 0.905048, 0.930808, 0.916345
0.692023, 23.6541, 0.468019, 0.4, -0.00502882, 0.936273, 0.905046, 0.930804, 0.916342
0.692073, 23.6496, 0.467936, 0.4, -0.0050292, 0.936273, 0.905043, 0.9308, 0.916338
0.692123, 23.6451, 0.467854, 0.4, -0.00502959, 0.936273, 0.90504, 0.930797, 0.916334
0.692173, 23.6405, 0.467772, 0.4, -0.00502997, 0.936272, 0.905037, 0.930793, 0.916331
0.692223, 23.636, 0.46769, 0.4, -0.00503036, 0.936272, 0.905034, 0.930789, 0.916327
0.692273, 23.6315, 0.467608, 0.4, -0.00503074, 0.936271, 0.905031, 0.930785, 0.916323
0.692323, 23.6269, 0.467526, 0.4, -0.00503112, 0.936271, 0.905028, 0.930781, 0.91632
0.692373, 23.6224, 0.467444, 0.4, -0.00503151, 0.936271, 0.905026, 0.930777, 0.916316
0.692423, 23.6179, 0.467362, 0.4, -0.00503189, 0.93627, 0.905023, 0.930773, 0.916312
0.692473, 23.6134, 0.46728, 0.4, -0.00503227, 0.93627, 0.90502, 0.930769, 0.916309
0.692523, 23.6088, 0.467198, 0.4, -0.00503265, 0.936269, 0.905017, 0.930765, 0.916305
0.692573, 23.6043, 0.467116, 0.4, -0.00503303, 0.936269, 0.905014, 0.930762, 0.916301
0.692623, 23.5998, 0.467034, 0.4, -0.00503341, 0.936269, 0.905011, 0.930758, 0.916298
0.692673, 23.5952, 0.466952, 0.4, -0.00503379, 0.936268, 0.905009, 0.930754, 0.916294
0.692723, 23.5907, 0.46687, 0.4, -0.00503417, 0.936268, 0.905006, 0.93075, 0.91629
0.692773, 23.5862, 0.466788, 0.4, -0.00503455, 0.936267, 0.905003, 0.930746, 0.916287
0.692823, 23.5816, 0.466706, 0.4, -0.00503493, 0.936267, 0.905, 0.930742, 0.916283
0.692873, 23.5771, 0.466624, 0.4, -0.0050353, 0.936267, 0.904997, 0.930738, 0.916279
0.692923, 23.5726, 0.466542, 0.4, -0.00503568, 0.936266, 0.904994, 0.930734, 0.916276
0.692973, 23.5681, 0.46646, 0.4, -0.00503606, 0.936266, 0.904991, 0.93073, 0.916272
0.693023, 23.5635, 0.466378, 0.4, -0.00503643, 0.936266, 0.904989, 0.930726, 0.916268
0.693073, 23.559, 0.466296, 0.4, -0.00503681, 0.936265, 0.904986, 0.930722, 0.916265
0.693123, 23.5545, 0.466214, 0.4, -0.00503718, 0.936265, 0.904983, 0.930719, 0.916261
0.693173, 23.5499, 0.466132, 0.4, -0.00503756, 0.936264, 0.90498, 0.930715, 0.916257
0.693223, 23.5454, 0.46605, 0.4, -0.00503793, 0.936264, 0.904977, 0.930711, 0.916254
0.693273, 23.5409, 0.465968, 0.4, -0.00503831, 0.936264, 0.904974, 0.930707, 0.91625
0.693323, 23.5363, 0.465886, 0.4, -0.00503868, 0.936263, 0.904971, 0.930703, 0.916246
0.693373, 23.5318, 0.465804, 0.4, -0.00503905, 0.936263, 0.904969, 0.930699, 0.916243
0.693423, 23.5272, 0.465722, 0.4, -0.00503942, 0.936262, 0.904966, 0.930695, 0.916239
0.693473, 23.5227, 0.46564, 0.4, -0.0050398, 0.936262, 0.904963, 0.930691, 0.916235
0.693523, 23.5182, 0.465558, 0.4, -0.00504017, 0.936261, 0.90496, 0.930687, 0.916232
0.693573, 23.5136, 0.465476, 0.4, -0.00504054, 0.936261, 0.904957, 0.930683, 0.916228
0.693623, 23.5091, 0.465394, 0.4, -0.00504091, 0.936261, 0.904954, 0.930679, 0.916224
0.693673, 23.5046, 0.465312, 0.4, -0.00504128, 0.93626, 0.904951, 0.930675, 0.916221
0.693723, 23.5, 0.46523, 0.4, -0.00504165, 0.93626, 0.904948, 0.930672, 0.916217
0.693773, 23.4955, 0.465148, 0.4, -0.00504202, 0.936259, 0.904945, 0.930668, 0.916213
0.693823, 23.491, 0.465066, 0.4, -0.00504239, 0.936259, 0.904943, 0.930664, 0.91621
0.693873, 23.4864, 0.464984, 0.4, -0.00504275, 0.936259, 0.90494, 0.93066, 0.916206
0.693923, 23.4819, 0.464902, 0.4, -0.00504312, 0.936258, 0.904937, 0.930656, 0.916202
0.693973, 23.4773, 0.46482, 0.4, -0.00504349, 0.936258, 0.904934, 0.930652, 0.916199
0.694023, 23.4728, 0.464738, 0.4, -0.00504386, 0.936257, 0.904931, 0.930648, 0.916195
0.694073, 23.4683, 0.464656, 0.4, -0.00504422, 0.936257, 0.904928, 0.930644, 0.916191
0.694123, 23.4637, 0.464574, 0.4, -0.00504459, 0.936256, 0.904925, 0.93064, 0.916188
0.694173, 23.4592, 0.464492, 0.4, -0.00504495, 0.936256, 0.904922, 0.930636, 0.916184
0.694223, 23.4546, 0.46441, 0.4, -0.00504532, 0.936256, 0.904919, 0.930632, 0.91618
0.694273, 23.4501, 0.464328, 0.4, -0.00504568, 0.936255, 0.904917, 0.930628, 0.916176
0.694323, 23.4456, 0.464246, 0.4, -0.00504605, 0.936255, 0.904914, 0.930624, 0.916173
0.694373, 23.441, 0.464164, 0.4, -0.00504641, 0.936254, 0.904911, 0.93062, 0.916169
0.694423, 23.4365, 0.464082, 0.4, -0.00504677, 0.936254, 0.904908, 0.930617, 0.916165
0.694473, 23.4319, 0.464, 0.4, -0.00504713, 0.936253, 0.904905, 0.930613, 0.916162
0.694523, 23.4274, 0.463918, 0.4, -0.00504749, 0.936253, 0.904902, 0.930609, 0.916158
0.694573, 23.4228, 0.463836, 0.4, -0.00504786, 0.936252, 0.904899, 0.930605, 0.916154
0.694623, 23.4183, 0.463754, 0.4, -0.00504822, 0.936252, 0.904896, 0.930601, 0.916151
0.694673, 23.4138, 0.463672, 0.4, -0.00504858, 0.936252, 0.904893, 0.930597, 0.916147
0.694723, 23.4092, 0.46359, 0.4, -0.00504894, 0.936251, 0.904891, 0.930593, 0.916143
0.694773, 23.4047, 0.463508, 0.4, -0.0050493, 0.936251, 0.904888, 0.930589, 0.91614
0.694823, 23.4001, 0.463426, 0.4, -0.00504965, 0.93625, 0.904885, 0.930585, 0.916136
0.694873, 23.3956, 0.463344, 0.4, -0.00505001, 0.93625, 0.904882, 0.930581, 0.916132
0.694923, 23.391, 0.463262, 0.4, -0.00505037, 0.936249, 0.904879, 0.930577, 0.916128
0.694973, 23.3865, 0.463181, 0.4, -0.00505073, 0.936249, 0.904876, 0.930573, 0.916125
0.695023, 23.3819, 0.463099, 0.4, -0.00505108, 0.936249, 0.904873, 0.930569, 0.916121
0.695073, 23.3774, 0.463017, 0.4, -0.00505144, 0.936248, 0.90487, 0.930565, 0.916117
0.695123, 23.3729, 0.462935, 0.4, -0.0050518, 0.936248, 0.904867, 0.930561, 0.916114
0.695173, 23.3683, 0.462853, 0.4, -0.00505215, 0.936247, 0.904864, 0.930557, 0.91611
0.695223, 23.3638, 0.462771, 0.4, -0.00505251, 0.936247, 0.904861, 0.930553, 0.916106
0.695273, 23.3592, 0.462689, 0.4, -0.00505286, 0.936246, 0.904859, 0.930549, 0.916102
0.695323, 23.3547, 0.462607, 0.4, -0.00505322, 0.936246, 0.904856, 0.930546, 0.916099
0.695373, 23.3501, 0.462525, 0.4, -0.00505357, 0.936245, 0.904853, 0.930542, 0.916095
0.695423, 23.3456, 0.462443, 0.4, -0.00505392, 0.936245, 0.90485, 0.930538, 0.916091
0.695473, 23.341, 0.462361, 0.4, -0.00505428, 0.936244, 0.904847, 0.930534, 0.916088
0.695523, 23.3365, 0.462279, 0.4, -0.00505463, 0.936244, 0.904844, 0.93053, 0.916084
0.695573, 23.3319, 0.462198, 0.4, -0.00505498, 0.936244, 0.904841, 0.930526, 0.91608
0.695623, 23.3274, 0.462116, 0.4, -0.00505533, 0.936243, 0.904838, 0.930522, 0.916076
0.695673, 23.3228, 0.462034, 0.4, -0.00505568, 0.936243, 0.904835, 0.930518, 0.916073
0.695723, 23.3183, 0.461952, 0.4, -0.00505603, 0.936242, 0.904832, 0.930514, 0.916069
0.695773, 23.3137, 0.46187, 0.4, -0.00505638, 0.936242, 0.904829, 0.93051, 0.916065
0.695823, 23.3092, 0.461788, 0.4, -0.00505673, 0.936241, 0.904826, 0.930506, 0.916062
0.695873, 23.3046, 0.461706, 0.4, -0.00505708, 0.936241, 0.904823, 0.930502, 0.916058
0.695923, 23.3001, 0.461624, 0.4, -0.00505743, 0.93624, 0.904821, 0.930498, 0.916054
0.695973, 23.2955, 0.461542, 0.4, -0.00505778, 0.93624, 0.904818, 0.930494, 0.91605
0.696023, 23.291, 0.46146, 0.4, -0.00505812, 0.936239, 0.904815, 0.93049, 0.916047
0.696073, 23.2864, 0.461379, 0.4, -0.00505847, 0.936239, 0.904812, 0.930486, 0.916043
0.696123, 23.2819, 0.461297, 0.4, -0.00505882, 0.936239, 0.904809, 0.930482, 0.916039
0.696173, 23.2773, 0.461215, 0.4, -0.00505916, 0.936238, 0.904806, 0.930478, 0.916036
0.696223, 23.2727, 0.461133, 0.4, -0.00505951, 0.936238, 0.904803, 0.930474, 0.916032
0.696273, 23.2682, 0.461051, 0.4, -0.00505985, 0.936237, 0.9048, 0.93047, 0.916028
0.696323, 23.2636, 0.460969, 0.4, -0.0050602, 0.936237, 0.904797, 0.930466, 0.916024
0.696373, 23.2591, 0.460887, 0.4, -0.00506054, 0.936236, 0.904794, 0.930462, 0.916021
0.696423, 23.2545, 0.460806, 0.4, -0.00506088, 0.936236, 0.904791, 0.930458, 0.916017
0.696473, 23.25, 0.460724, 0.4, -0.00506123, 0.936235, 0.904788, 0.930454, 0.916013
0.696523, 23.2454, 0.460642, 0.4, -0.00506157, 0.936235, 0.904785, 0.93045, 0.916009
0.696573, 23.2409, 0.46056, 0.4, -0.00506191, 0.936234, 0.904782, 0.930446, 0.916006
0.696623, 23.2363, 0.460478, 0.4, -0.00506225, 0.936234, 0.904779, 0.930442, 0.916002
0.696673, 23.2318, 0.460396, 0.4, -0.0050626, 0.936234, 0.904777, 0.930439, 0.915998
0.696723, 23.2272, 0.460314, 0.4, -0.00506294, 0.936233, 0.904774, 0.930435, 0.915994
0.696773, 23.2226, 0.460233, 0.4, -0.00506328, 0.936233, 0.904771, 0.930431, 0.915991
0.696823, 23.2181, 0.460151, 0.4, -0.00506362, 0.936232, 0.904768, 0.930427, 0.915987
0.696873, 23.2135, 0.460069, 0.4, -0.00506395, 0.936232, 0.904765, 0.930423, 0.915983
0.696923, 23.209, 0.459987, 0.4, -0.00506429, 0.936231, 0.904762, 0.930419, 0.91598
0.696973, 23.2044, 0.459905, 0.4, -0.00506463, 0.936231, 0.904759, 0.930415, 0.915976
0.697023, 23.1999, 0.459823, 0.4, -0.00506497, 0.93623, 0.904756, 0.930411, 0.915972
0.697073, 23.1953, 0.459742, 0.4, -0.00506531, 0.93623, 0.904753, 0.930407, 0.915968
0.697123, 23.1907, 0.45966, 0.4, -0.00506564, 0.936229, 0.90475, 0.930403, 0.915965
0.697173, 23.1862, 0.459578, 0.4, -0.00506598, 0.936229, 0.904747, 0.930399, 0.915961
0.697223, 23.1816, 0.459496, 0.4, -0.00506632, 0.936228, 0.904744, 0.930395, 0.915957
0.697273, 23.1771, 0.459414, 0.4, -0.00506665, 0.936228, 0.904741, 0.930391, 0.915953
0.697324, 23.1725, 0.459332, 0.4, -0.00506699, 0.936227, 0.904738, 0.930387, 0.91595
0.697374, 23.1679, 0.459251, 0.4, -0.00506732, 0.936227, 0.904735, 0.930383, 0.915946
0.697424, 23.1634, 0.459169, 0.4, -0.00506766, 0.936226, 0.904732, 0.930379, 0.915942
0.697474, 23.1588, 0.459087, 0.4, -0.00506799, 0.936226, 0.904729, 0.930375, 0.915938
0.697524, 23.1543, 0.459005, 0.4, -0.00506832, 0.936225, 0.904726, 0.930371, 0.915935
0.697574, 23.1497, 0.458923, 0.4, -0.00506865, 0.936225, 0.904723, 0.930367, 0.915931
0.697624, 23.1451, 0.458842, 0.4, -0.00506899, 0.936224, 0.90472, 0.930363, 0.915927
0.697674, 23.1406, 0.45876, 0.4, -0.00506932, 0.936224, 0.904718, 0.930359, 0.915923
0.697724, 23.136, 0.458678, 0.4, -0.00506965, 0.936223, 0.904715, 0.930355, 0.91592
0.697774, 23.1314, 0.458596, 0.4, -0.00506998, 0.936223, 0.904712, 0.930351, 0.915916
0.697824, 23.1269, 0.458514, 0.4, -0.00507031, 0.936222, 0.904709, 0.930347, 0.915912
0.697874, 23.1223, 0.458433, 0.4, -0.00507064, 0.936222, 0.904706, 0.930343, 0.915908
0.697924, 23.1178, 0.458351, 0.4, -0.00507097, 0.936221, 0.904703, 0.930339, 0.915904
0.697974, 23.1132, 0.458269, 0.4, -0.0050713, 0.936221, 0.9047, 0.930335, 0.915901
0.698024, 23.1086, 0.458187, 0.4, -0.00507163, 0.93622, 0.904697, 0.930331, 0.915897
0.698074, 23.1041, 0.458105, 0.4, -0.00507195, 0.93622, 0.904694, 0.930327, 0.915893
0.698124, 23.0995, 0.458024, 0.4, -0.00507228, 0.936219, 0.904691, 0.930323, 0.915889
0.698174, 23.0949, 0.457942, 0.4, -0.00507261, 0.936219, 0.904688, 0.930319, 0.915886
0.698224, 23.0904, 0.45786, 0.4, -0.00507293, 0.936219, 0.904685, 0.930315, 0.915882
0.698274, 23.0858, 0.457778, 0.4, -0.00507326, 0.936218, 0.904682, 0.930311, 0.915878
0.698324, 23.0812, 0.457696, 0.4, -0.00507358, 0.936218, 0.904679, 0.930307, 0.915874
0.698374, 23.0767, 0.457615, 0.4, -0.00507391, 0.936217, 0.904676, 0.930303, 0.915871
0.698424, 23.0721, 0.457533, 0.4, -0.00507423, 0.936216, 0.904673, 0.930299, 0.915867
0.698474, 23.0675, 0.457451, 0.4, -0.00507456, 0.936216, 0.90467, 0.930295, 0.915863
0.698524, 23.063, 0.457369, 0.4, -0.00507488, 0.936215, 0.904667, 0.930291, 0.915859
0.698574, 23.0584, 0.457288, 0.4, -0.0050752, 0.936215, 0.904664, 0.930287, 0.915855
0.698624, 23.0538, 0.457206, 0.4, -0.00507553, 0.936214, 0.904661, 0.930283, 0.915852
0.698674, 23.0493, 0.457124, 0.4, -0.00507585, 0.936214, 0.904658, 0.930279, 0.915848
0.698724, 23.0447, 0.457042, 0.4, -0.00507617, 0.936213, 0.904655, 0.930275, 0.915844
0.698774, 23.0401, 0.456961, 0.4, -0.00507649, 0.936213, 0.904652, 0.930271, 0.91584
0.698824, 23.0356, 0.456879, 0.4, -0.00507681, 0.936212, 0.904649, 0.930267, 0.915836
0.698874, 23.031, 0.456797, 0.4, -0.00507713, 0.936212, 0.904646, 0.930263, 0.915833
0.698924, 23.0264, 0.456716, 0.4, -0.00507745, 0.936211, 0.904643, 0.930259, 0.915829
0.698974, 23.0218, 0.456634, 0.4, -0.00507777, 0.936211, 0.90464, 0.930255, 0.915825
0.699024, 23.0173, 0.456552, 0.4, -0.00507809, 0.93621, 0.904637, 0.930251, 0.915821
0.699074, 23.0127, 0.45647, 0.4, -0.00507841, 0.93621, 0.904634, 0.930247, 0.915818
0.699124, 23.0081, 0.456389, 0.4, -0.00507872, 0.936209, 0.904631, 0.930243, 0.915814
0.699174, 23.0036, 0.456307, 0.4, -0.00507904, 0.936209, 0.904628, 0.930239, 0.91581
0.699224, 22.999, 0.456225, 0.4, -0.00507936, 0.936208, 0.904625, 0.930235, 0.915806
0.699274, 22.9944, 0.456143, 0.4, -0.00507968, 0.936208, 0.904622, 0.930231, 0.915802
0.699324, 22.9898, 0.456062, 0.4, -0.00507999, 0.936207, 0.904619, 0.930227, 0.915799
0.699374, 22.9853, 0.45598, 0.4, -0.00508031, 0.936207, 0.904616, 0.930223, 0.915795
0.699424, 22.9807, 0.455898, 0.4, -0.00508062, 0.936206, 0.904613, 0.930219, 0.915791
0.699474, 22.9761, 0.455817, 0.4, -0.00508094, 0.936206, 0.90461, 0.930214, 0.915787
0.699524, 22.9716, 0.455735, 0.4, -0.00508125, 0.936205, 0.904607, 0.93021, 0.915783
0.699574, 22.967, 0.455653, 0.4, -0.00508156, 0.936204, 0.904604, 0.930206, 0.91578
0.699624, 22.9624, 0.455571, 0.4, -0.00508188, 0.936204, 0.904601, 0.930202, 0.915776
0.699674, 22.9578, 0.45549, 0.4, -0.00508219, 0.936203, 0.904598, 0.930198, 0.915772
0.699724, 22.9533, 0.455408, 0.4, -0.0050825, 0.936203, 0.904595, 0.930194, 0.915768
0.699774, 22.9487, 0.455326, 0.4, -0.00508281, 0.936202, 0.904592, 0.93019, 0.915764
0.699824, 22.9441, 0.455245, 0.4, -0.00508312, 0.936202, 0.904589, 0.930186, 0.915761
0.699874, 22.9395, 0.455163, 0.4, -0.00508343, 0.936201, 0.904586, 0.930182, 0.915757
0.699924, 22.935, 0.455081, 0.4, -0.00508374, 0.936201, 0.904583, 0.930178, 0.915753
0.699974, 22.9304, 0.454999, 0.4, -0.00508405, 0.9362, 0.90458, 0.930174, 0.915749
0.700024, 22.9258, 0.454918, 0.4, -0.00508436, 0.9362, 0.904577, 0.93017, 0.915745
0.700074, 22.9212, 0.454836, 0.4, -0.00508467, 0.936199, 0.904574, 0.930166, 0.915742
0.700124, 22.9167, 0.454754, 0.4, -0.00508498, 0.936199, 0.904571, 0.930162, 0.915738
0.700174, 22.9121, 0.454673, 0.4, -0.00508529, 0.936198, 0.904568, 0.930158, 0.915734
0.700224, 22.9075, 0.454591, 0.4, -0.00508559, 0.936198, 0.904565, 0.930154, 0.91573
0.700274, 22.9029, 0.454509, 0.4, -0.0050859, 0.936197, 0.904562, 0.93015, 0.915726
0.700324, 22.8983, 0.454428, 0.4, -0.0050862, 0.936196, 0.904559, 0.930146, 0.915722
0.700374, 22.8938, 0.454346, 0.4, -0.00508651, 0.936196, 0.904555, 0.930142, 0.915719
0.700424, 22.8892, 0.454264, 0.4, -0.00508682, 0.936195, 0.904553, 0.930138, 0.915715
0.700474, 22.8846, 0.454183, 0.4, -0.00508712, 0.936195, 0.904549, 0.930134, 0.915711
0.700524, 22.88, 0.454101, 0.4, -0.00508743, 0.936194, 0.904546, 0.93013, 0.915707
0.700574, 22.8755, 0.45402, 0.4, -0.00508773, 0.936194, 0.904543, 0.930126, 0.915703
0.700624, 22.8709, 0.453938, 0.4, -0.00508803, 0.936193, 0.904541, 0.930122, 0.9157
0.700674, 22.8663, 0.453856, 0.4, -0.00508833, 0.936193, 0.904537, 0.930118, 0.915696
0.700724, 22.8617, 0.453775, 0.4, -0.00508864, 0.936192, 0.904534, 0.930113, 0.915692
0.700774, 22.8571, 0.453693, 0.4, -0.00508894, 0.936192, 0.904531, 0.93011, 0.915688
0.700824, 22.8526, 0.453612, 0.4, -0.00508924, 0.936191, 0.904528, 0.930105, 0.915684
0.700874, 22.848, 0.45353, 0.4, -0.00508954, 0.93619, 0.904525, 0.930101, 0.91568
0.700924, 22.8434, 0.453448, 0.4, -0.00508984, 0.93619, 0.904522, 0.930097, 0.915677
0.700974, 22.8388, 0.453366, 0.4, -0.00509014, 0.936189, 0.904519, 0.930093, 0.915673
0.701024, 22.8342, 0.453285, 0.4, -0.00509044, 0.936189, 0.904516, 0.930089, 0.915669
0.701074, 22.8297, 0.453203, 0.4, -0.00509074, 0.936188, 0.904513, 0.930085, 0.915665
0.701124, 22.8251, 0.453122, 0.4, -0.00509104, 0.936188, 0.90451, 0.930081, 0.915661
0.701174, 22.8205, 0.45304, 0.4, -0.00509134, 0.936187, 0.904507, 0.930077, 0.915657
0.701224, 22.8159, 0.452958, 0.4, -0.00509164, 0.936186, 0.904504, 0.930073, 0.915654
0.701274, 22.8113, 0.452877, 0.4, -0.00509193, 0.936186, 0.904501, 0.930069, 0.91565
0.701324, 22.8067, 0.452795, 0.4, -0.00509223, 0.936185, 0.904498, 0.930065, 0.915646
0.701374, 22.8022, 0.452714, 0.4, -0.00509253, 0.936185, 0.904495, 0.930061, 0.915642
0.701424, 22.7976, 0.452632, 0.4, -0.00509282, 0.936184, 0.904492, 0.930057, 0.915638
0.701474, 22.793, 0.452551, 0.4, -0.00509312, 0.936184, 0.904489, 0.930053, 0.915635
0.701524, 22.7884, 0.452469, 0.4, -0.00509341, 0.936183, 0.904486, 0.930049, 0.915631
0.701574, 22.7838, 0.452387, 0.4, -0.00509371, 0.936183, 0.904483, 0.930045, 0.915627
0.701624, 22.7792, 0.452306, 0.4, -0.005094, 0.936182, 0.90448, 0.930041, 0.915623
0.701674, 22.7747, 0.452224, 0.4, -0.00509429, 0.936181, 0.904476, 0.930036, 0.915619
0.701724, 22.7701, 0.452143, 0.4, -0.00509459, 0.936181, 0.904473, 0.930032, 0.915615
0.701774, 22.7655, 0.452061, 0.4, -0.00509488, 0.93618, 0.90447, 0.930028, 0.915611
0.701824, 22.7609, 0.45198, 0.4, -0.00509517, 0.93618, 0.904467, 0.930024, 0.915608
0.701874, 22.7563, 0.451898, 0.4, -0.00509546, 0.936179, 0.904464, 0.93002, 0.915604
0.701924, 22.7517, 0.451816, 0.4, -0.00509575, 0.936179, 0.904461, 0.930016, 0.9156
0.701974, 22.7471, 0.451735, 0.4, -0.00509604, 0.936178, 0.904458, 0.930012, 0.915596
0.702024, 22.7426, 0.451653, 0.4, -0.00509633, 0.936177, 0.904455, 0.930008, 0.915592
0.702074, 22.738, 0.451572, 0.4, -0.00509662, 0.936177, 0.904452, 0.930004, 0.915588
0.702124, 22.7334, 0.45149, 0.4, -0.00509691, 0.936176, 0.904449, 0.93, 0.915584
0.702174, 22.7288, 0.451409, 0.4, -0.0050972, 0.936176, 0.904446, 0.929996, 0.915581
0.702224, 22.7242, 0.451327, 0.4, -0.00509749, 0.936175, 0.904443, 0.929992, 0.915577
0.702274, 22.7196, 0.451246, 0.4, -0.00509777, 0.936175, 0.90444, 0.929987, 0.915573
0.702324, 22.715, 0.451164, 0.4, -0.00509806, 0.936174, 0.904437, 0.929983, 0.915569
0.702374, 22.7104, 0.451082, 0.4, -0.00509835, 0.936173, 0.904434, 0.929979, 0.915565
0.702424, 22.7059, 0.451001, 0.4, -0.00509863, 0.936173, 0.904431, 0.929975, 0.915561
0.702474, 22.7013, 0.450919, 0.4, -0.00509892, 0.936172, 0.904427, 0.929971, 0.915557
0.702524, 22.6967, 0.450838, 0.4, -0.00509921, 0.936172, 0.904424, 0.929967, 0.915554
0.702574, 22.6921, 0.450756, 0.4, -0.00509949, 0.936171, 0.904421, 0.929963, 0.91555
0.702624, 22.6875, 0.450675, 0.4, -0.00509977, 0.936171, 0.904418, 0.929959, 0.915546
0.702674, 22.6829, 0.450593, 0.4, -0.00510006, 0.93617, 0.904415, 0.929955, 0.915542
0.702724, 22.6783, 0.450512, 0.4, -0.00510034, 0.936169, 0.904412, 0.929951, 0.915538
0.702774, 22.6737, 0.45043, 0.4, -0.00510062, 0.936169, 0.904409, 0.929947, 0.915534
0.702824, 22.6691, 0.450349, 0.4, -0.00510091, 0.936168, 0.904406, 0.929943, 0.91553
0.702874, 22.6645, 0.450267, 0.4, -0.00510119, 0.936167, 0.904403, 0.929939, 0.915527
0.702924, 22.66, 0.450186, 0.4, -0.00510147, 0.936167, 0.9044, 0.929935, 0.915523
0.702974, 22.6554, 0.450104, 0.4, -0.00510175, 0.936166, 0.904397, 0.92993, 0.915519
0.703024, 22.6508, 0.450023, 0.4, -0.00510203, 0.936166, 0.904394, 0.929926, 0.915515
0.703074, 22.6462, 0.449941, 0.4, -0.00510231, 0.936165, 0.90439, 0.929922, 0.915511
0.703124, 22.6416, 0.44986, 0.4, -0.00510259, 0.936165, 0.904387, 0.929918, 0.915507
0.703174, 22.637, 0.449778, 0.4, -0.00510287, 0.936164, 0.904384, 0.929914, 0.915503
0.703224, 22.6324, 0.449697, 0.4, -0.00510315, 0.936163, 0.904381, 0.92991, 0.915499
0.703274, 22.6278, 0.449615, 0.4, -0.00510343, 0.936163, 0.904378, 0.929906, 0.915496
0.703324, 22.6232, 0.449534, 0.4, -0.00510371, 0.936162, 0.904375, 0.929902, 0.915492
0.703375, 22.6186, 0.449452, 0.4, -0.00510398, 0.936162, 0.904372, 0.929898, 0.915488
0.703425, 22.614, 0.449371, 0.4, -0.00510426, 0.936161, 0.904369, 0.929893, 0.915484
0.703475, 22.6094, 0.44929, 0.4, -0.00510454, 0.93616, 0.904366, 0.929889, 0.91548
0.703525, 22.6048, 0.449208, 0.4, -0.00510481, 0.93616, 0.904363, 0.929885, 0.915476
0.703575, 22.6002, 0.449127, 0.4, -0.00510509, 0.936159, 0.904359, 0.929881, 0.915472
0.703625, 22.5956, 0.449045, 0.4, -0.00510536, 0.936158, 0.904356, 0.929877, 0.915468
0.703675, 22.5911, 0.448964, 0.4, -0.00510564, 0.936158, 0.904353, 0.929873, 0.915464
0.703725, 22.5865, 0.448882, 0.4, -0.00510591, 0.936157, 0.90435, 0.929869, 0.915461
0.703775, 22.5819, 0.448801, 0.4, -0.00510618, 0.936157, 0.904347, 0.929865, 0.915457
0.703825, 22.5773, 0.448719, 0.4, -0.00510646, 0.936156, 0.904344, 0.929861, 0.915453
0.703875, 22.5727, 0.448638, 0.4, -0.00510673, 0.936155, 0.904341, 0.929857, 0.915449
0.703925, 22.5681, 0.448557, 0.4, -0.005107, 0.936155, 0.904338, 0.929852, 0.915445
0.703975, 22.5635, 0.448475, 0.4, -0.00510727, 0.936154, 0.904335, 0.929848, 0.915441
0.704025, 22.5589, 0.448394, 0.4, -0.00510754, 0.936154, 0.904331, 0.929844, 0.915437
0.704075, 22.5543, 0.448312, 0.4, -0.00510781, 0.936153, 0.904328, 0.92984, 0.915433
0.704125, 22.5497, 0.448231, 0.4, -0.00510808, 0.936152, 0.904325, 0.929836, 0.915429
0.704175, 22.5451, 0.448149, 0.4, -0.00510835, 0.936152, 0.904322, 0.929832, 0.915426
0.704225, 22.5405, 0.448068, 0.4, -0.00510862, 0.936151, 0.904319, 0.929828, 0.915422
0.704275, 22.5359, 0.447987, 0.4, -0.00510889, 0.93615, 0.904316, 0.929824, 0.915418
0.704325, 22.5313, 0.447905, 0.4, -0.00510916, 0.93615, 0.904313, 0.92982, 0.915414
0.704375, 22.5267, 0.447824, 0.4, -0.00510942, 0.936149, 0.90431, 0.929815, 0.91541
0.704425, 22.5221, 0.447742, 0.4, -0.00510969, 0.936148, 0.904307, 0.929811, 0.915406
0.704475, 22.5175, 0.447661, 0.4, -0.00510996, 0.936148, 0.904303, 0.929807, 0.915402
0.704525, 22.5129, 0.447579, 0.4, -0.00511022, 0.936147, 0.9043, 0.929803, 0.915398
0.704575, 22.5083, 0.447498, 0.4, -0.00511049, 0.936147, 0.904297, 0.929799, 0.915394
0.704625, 22.5037, 0.447417, 0.4, -0.00511075, 0.936146, 0.904294, 0.929795, 0.91539
0.704675, 22.4991, 0.447335, 0.4, -0.00511102, 0.936145, 0.904291, 0.929791, 0.915386
0.704725, 22.4945, 0.447254, 0.4, -0.00511128, 0.936145, 0.904288, 0.929787, 0.915383
0.704775, 22.4899, 0.447173, 0.4, -0.00511155, 0.936144, 0.904285, 0.929783, 0.915379
0.704825, 22.4853, 0.447091, 0.4, -0.00511181, 0.936144, 0.904282, 0.929778, 0.915375
0.704875, 22.4807, 0.44701, 0.4, -0.00511207, 0.936143, 0.904278, 0.929774, 0.915371
0.704925, 22.4761, 0.446929, 0.4, -0.00511234, 0.936142, 0.904275, 0.92977, 0.915367
0.704975, 22.4715, 0.446847, 0.4, -0.0051126, 0.936142, 0.904272, 0.929766, 0.915363
0.705025, 22.4669, 0.446766, 0.4, -0.00511286, 0.936141, 0.904269, 0.929762, 0.915359
0.705075, 22.4623, 0.446685, 0.4, -0.00511312, 0.93614, 0.904266, 0.929758, 0.915355
0.705125, 22.4577, 0.446603, 0.4, -0.00511338, 0.93614, 0.904263, 0.929754, 0.915351
0.705175, 22.4531, 0.446522, 0.4, -0.00511364, 0.936139, 0.90426, 0.929749, 0.915347
0.705225, 22.4485, 0.44644, 0.4, -0.0051139, 0.936138, 0.904256, 0.929745, 0.915343
0.705275, 22.4439, 0.446359, 0.4, -0.00511416, 0.936138, 0.904253, 0.929741, 0.915339
0.705325, 22.4393, 0.446278, 0.4, -0.00511442, 0.936137, 0.90425, 0.929737, 0.915336
0.705375, 22.4347, 0.446196, 0.4, -0.00511468, 0.936136, 0.904247, 0.929733, 0.915332
0.705425, 22.4301, 0.446115, 0.4, -0.00511493, 0.936136, 0.904244, 0.929729, 0.915328
0.705475, 22.4255, 0.446034, 0.4, -0.00511519, 0.936135, 0.904241, 0.929725, 0.915324
0.705525, 22.4209, 0.445952, 0.4, -0.00511545, 0.936134, 0.904238, 0.929721, 0.91532
0.705575, 22.4163, 0.445871, 0.4, -0.0051157, 0.936134, 0.904234, 0.929716, 0.915316
0.705625, 22.4117, 0.44579, 0.4, -0.00511596, 0.936133, 0.904231, 0.929712, 0.915312
0.705675, 22.4071, 0.445709, 0.4, -0.00511622, 0.936132, 0.904228, 0.929708, 0.915308
0.705725, 22.4025, 0.445627, 0.4, -0.00511647, 0.936132, 0.904225, 0.929704, 0.915304
0.705775, 22.3979, 0.445546, 0.4, -0.00511672, 0.936131, 0.904222, 0.9297, 0.9153
0.705825, 22.3932, 0.445465, 0.4, -0.00511698, 0.936131, 0.904219, 0.929696, 0.915296
0.705875, 22.3886, 0.445383, 0.4, -0.00511723, 0.93613, 0.904216, 0.929692, 0.915292
0.705925, 22.384, 0.445302, 0.4, -0.00511748, 0.936129, 0.904212, 0.929687, 0.915289
0.705975, 22.3794, 0.445221, 0.4, -0.00511774, 0.936129, 0.904209, 0.929683, 0.915285
0.706025, 22.3748, 0.445139, 0.4, -0.00511799, 0.936128, 0.904206, 0.929679, 0.915281
0.706075, 22.3702, 0.445058, 0.4, -0.00511824, 0.936127, 0.904203, 0.929675, 0.915277
0.706125, 22.3656, 0.444977, 0.4, -0.00511849, 0.936127, 0.9042, 0.929671, 0.915273
0.706175, 22.361, 0.444895, 0.4, -0.00511874, 0.936126, 0.904197, 0.929667, 0.915269
0.706225, 22.3564, 0.444814, 0.4, -0.00511899, 0.936125, 0.904193, 0.929663, 0.915265
0.706275, 22.3518, 0.444733, 0.4, -0.00511924, 0.936125, 0.90419, 0.929658, 0.915261
0.706325, 22.3472, 0.444652, 0.4, -0.00511949, 0.936124, 0.904187, 0.929654, 0.915257
0.706375, 22.3426, 0.44457, 0.4, -0.00511974, 0.936123, 0.904184, 0.92965, 0.915253
0.706425, 22.338, 0.444489, 0.4, -0.00511999, 0.936123, 0.904181, 0.929646, 0.915249
0.706475, 22.3334, 0.444408, 0.4, -0.00512023, 0.936122, 0.904178, 0.929642, 0.915245
0.706525, 22.3288, 0.444327, 0.4, -0.00512048, 0.936121, 0.904174, 0.929638, 0.915241
0.706575, 22.3241, 0.444246, 0.4, -0.00512073, 0.936121, 0.904171, 0.929633, 0.915237
0.706625, 22.3195, 0.444164, 0.4, -0.00512097, 0.93612, 0.904168, 0.929629, 0.915233
0.706675, 22.3149, 0.444083, 0.4, -0.00512122, 0.936119, 0.904165, 0.929625, 0.915229
0.706725, 22.3103, 0.444002, 0.4, -0.00512146, 0.936119, 0.904162, 0.929621, 0.915225
0.706775, 22.3057, 0.443921, 0.4, -0.00512171, 0.936118, 0.904159, 0.929617, 0.915221
0.706825, 22.3011, 0.443839, 0.4, -0.00512195, 0.936117, 0.904155, 0.929613, 0.915218
0.706875, 22.2965, 0.443758, 0.4, -0.0051222, 0.936117, 0.904152, 0.929609, 0.915214
0.706925, 22.2919, 0.443677, 0.4, -0.00512244, 0.936116, 0.904149, 0.929604, 0.91521
0.706975, 22.2873, 0.443596, 0.4, -0.00512268, 0.936115, 0.904146, 0.9296, 0.915206
0.707025, 22.2827, 0.443514, 0.4, -0.00512292, 0.936114, 0.904143, 0.929596, 0.915202
0.707075, 22.278, 0.443433, 0.4, -0.00512317, 0.936114, 0.904139, 0.929592, 0.915198
0.707125, 22.2734, 0.443352, 0.4, -0.00512341, 0.936113, 0.904136, 0.929588, 0.915194
0.707175, 22.2688, 0.443271, 0.4, -0.00512365, 0.936112, 0.904133, 0.929583, 0.91519
0.707225, 22.2642, 0.44319, 0.4, -0.00512389, 0.936112, 0.90413, 0.929579, 0.915186
0.707275, 22.2596, 0.443108, 0.4, -0.00512413, 0.936111, 0.904127, 0.929575, 0.915182
0.707325, 22.255, 0.443027, 0.4, -0.00512437, 0.93611, 0.904124, 0.929571, 0.915178
0.707375, 22.2504, 0.442946, 0.4, -0.00512461, 0.93611, 0.90412, 0.929567, 0.915174
0.707425, 22.2458, 0.442865, 0.4, -0.00512485, 0.936109, 0.904117, 0.929563, 0.91517
0.707475, 22.2411, 0.442784, 0.4, -0.00512508, 0.936108, 0.904114, 0.929558, 0.915166
0.707525, 22.2365, 0.442702, 0.4, -0.00512532, 0.936108, 0.904111, 0.929554, 0.915162
0.707575, 22.2319, 0.442621, 0.4, -0.00512556, 0.936107, 0.904108, 0.92955, 0.915158
0.707625, 22.2273, 0.44254, 0.4, -0.0051258, 0.936106, 0.904104, 0.929546, 0.915154
0.707675, 22.2227, 0.442459, 0.4, -0.00512603, 0.936106, 0.904101, 0.929542, 0.91515
0.707725, 22.2181, 0.442378, 0.4, -0.00512627, 0.936105, 0.904098, 0.929538, 0.915146
0.707775, 22.2135, 0.442297, 0.4, -0.0051265, 0.936104, 0.904095, 0.929533, 0.915142
0.707825, 22.2089, 0.442216, 0.4, -0.00512674, 0.936103, 0.904092, 0.929529, 0.915138
0.707875, 22.2042, 0.442134, 0.4, -0.00512697, 0.936103, 0.904088, 0.929525, 0.915134
0.707925, 22.1996, 0.442053, 0.4, -0.00512721, 0.936102, 0.904085, 0.929521, 0.91513
0.707975, 22.195, 0.441972, 0.4, -0.00512744, 0.936101, 0.904082, 0.929517, 0.915126
0.708025, 22.1904, 0.441891, 0.4, -0.00512767, 0.936101, 0.904079, 0.929513, 0.915122
0.708075, 22.1858, 0.44181, 0.4, -0.00512791, 0.9361, 0.904075, 0.929508, 0.915118
0.708125, 22.1812, 0.441729, 0.4, -0.00512814, 0.936099, 0.904072, 0.929504, 0.915114
0.708175, 22.1766, 0.441648, 0.4, -0.00512837, 0.936099, 0.904069, 0.9295, 0.91511
0.708225, 22.1719, 0.441566, 0.4, -0.0051286, 0.936098, 0.904066, 0.929496, 0.915106
0.708275, 22.1673, 0.441485, 0.4, -0.00512883, 0.936097, 0.904063, 0.929492, 0.915102
0.708325, 22.1627, 0.441404, 0.4, -0.00512906, 0.936096, 0.904059, 0.929487, 0.915098
0.708375, 22.1581, 0.441323, 0.4, -0.00512929, 0.936096, 0.904056, 0.929483, 0.915094
0.708425, 22.1535, 0.441242, 0.4, -0.00512952, 0.936095, 0.904053, 0.929479, 0.91509
0.708475, 22.1489, 0.441161, 0.4, -0.00512975, 0.936094, 0.90405, 0.929475, 0.915086
0.708525, 22.1442, 0.44108, 0.4, -0.00512998, 0.936093, 0.904047, 0.929471, 0.915082
0.708575, 22.1396, 0.440998, 0.4, -0.0051302, 0.936093, 0.904043, 0.929466, 0.915078
0.708625, 22.135, 0.440917, 0.4, -0.00513043, 0.936092, 0.90404, 0.929462, 0.915074
0.708675, 22.1304, 0.440836, 0.4, -0.00513066, 0.936091, 0.904037, 0.929458, 0.91507
0.708725, 22.1258, 0.440755, 0.4, -0.00513088, 0.936091, 0.904034, 0.929454, 0.915066
0.708775, 22.1211, 0.440674, 0.4, -0.00513111, 0.93609, 0.90403, 0.92945, 0.915062
0.708825, 22.1165, 0.440593, 0.4, -0.00513133, 0.936089, 0.904027, 0.929445, 0.915058
0.708875, 22.1119, 0.440512, 0.4, -0.00513156, 0.936088, 0.904024, 0.929441, 0.915054
0.708925, 22.1073, 0.440431, 0.4, -0.00513178, 0.936088, 0.904021, 0.929437, 0.91505
0.708975, 22.1027, 0.44035, 0.4, -0.00513201, 0.936087, 0.904017, 0.929433, 0.915046
0.709025, 22.0981, 0.440269, 0.4, -0.00513223, 0.936086, 0.904014, 0.929429, 0.915042
0.709075, 22.0934, 0.440188, 0.4, -0.00513245, 0.936085, 0.904011, 0.929424, 0.915038
0.709125, 22.0888, 0.440107, 0.4, -0.00513268, 0.936085, 0.904008, 0.92942, 0.915034
0.709175, 22.0842, 0.440025, 0.4, -0.0051329, 0.936084, 0.904005, 0.929416, 0.91503
0.709225, 22.0796, 0.439945, 0.4, -0.00513312, 0.936083, 0.904001, 0.929412, 0.915026
0.709275, 22.075, 0.439863, 0.4, -0.00513334, 0.936082, 0.903998, 0.929408, 0.915022
0.709325, 22.0703, 0.439782, 0.4, -0.00513356, 0.936082, 0.903995, 0.929403, 0.915018
0.709376, 22.0657, 0.439701, 0.4, -0.00513378, 0.936081, 0.903992, 0.929399, 0.915014
0.709426, 22.0611, 0.43962, 0.4, -0.005134, 0.93608, 0.903988, 0.929395, 0.91501
0.709476, 22.0565, 0.439539, 0.4, -0.00513422, 0.93608, 0.903985, 0.929391, 0.915006
0.709526, 22.0519, 0.439458, 0.4, -0.00513444, 0.936079, 0.903982, 0.929387, 0.915002
0.709576, 22.0472, 0.439377, 0.4, -0.00513466, 0.936078, 0.903979, 0.929382, 0.914998
0.709626, 22.0426, 0.439296, 0.4, -0.00513487, 0.936077, 0.903975, 0.929378, 0.914994
0.709676, 22.038, 0.439215, 0.4, -0.00513509, 0.936077, 0.903972, 0.929374, 0.91499
0.709726, 22.0334, 0.439134, 0.4, -0.00513531, 0.936076, 0.903969, 0.92937, 0.914986
0.709776, 22.0287, 0.439053, 0.4, -0.00513552, 0.936075, 0.903966, 0.929365, 0.914982
0.709826, 22.0241, 0.438972, 0.4, -0.00513574, 0.936074, 0.903962, 0.929361, 0.914978
0.709876, 22.0195, 0.438891, 0.4, -0.00513596, 0.936074, 0.903959, 0.929357, 0.914974
0.709926, 22.0149, 0.43881, 0.4, -0.00513617, 0.936073, 0.903956, 0.929353, 0.91497
0.709976, 22.0103, 0.438729, 0.4, -0.00513638, 0.936072, 0.903953, 0.929349, 0.914966
0.710026, 22.0056, 0.438648, 0.4, -0.0051366, 0.936071, 0.903949, 0.929344, 0.914962
0.710076, 22.001, 0.438567, 0.4, -0.00513681, 0.936071, 0.903946, 0.92934, 0.914958
0.710126, 21.9964, 0.438487, 0.4, -0.00513703, 0.93607, 0.903943, 0.929336, 0.914954
0.710176, 21.9918, 0.438406, 0.4, -0.00513724, 0.936069, 0.90394, 0.929332, 0.91495
0.710226, 21.9871, 0.438324, 0.4, -0.00513745, 0.936068, 0.903936, 0.929328, 0.914946
0.710276, 21.9825, 0.438244, 0.4, -0.00513766, 0.936068, 0.903933, 0.929323, 0.914942
0.710326, 21.9779, 0.438163, 0.4, -0.00513787, 0.936067, 0.90393, 0.929319, 0.914938
0.710376, 21.9733, 0.438082, 0.4, -0.00513808, 0.936066, 0.903927, 0.929315, 0.914934
0.710426, 21.9686, 0.438001, 0.4, -0.00513829, 0.936065, 0.903923, 0.929311, 0.91493
0.710476, 21.964, 0.43792, 0.4, -0.0051385, 0.936065, 0.90392, 0.929306, 0.914926
0.710526, 21.9594, 0.437839, 0.4, -0.00513871, 0.936064, 0.903917, 0.929302, 0.914922
0.710576, 21.9548, 0.437758, 0.4, -0.00513892, 0.936063, 0.903914, 0.929298, 0.914918
0.710626, 21.9501, 0.437677, 0.4, -0.00513913, 0.936062, 0.90391, 0.929294, 0.914914
0.710676, 21.9455, 0.437596, 0.4, -0.00513934, 0.936062, 0.903907, 0.929289, 0.91491
0.710726, 21.9409, 0.437515, 0.4, -0.00513955, 0.936061, 0.903904, 0.929285, 0.914906
0.710776, 21.9363, 0.437434, 0.4, -0.00513975, 0.93606, 0.903901, 0.929281, 0.914902
0.710826, 21.9316, 0.437353, 0.4, -0.00513996, 0.936059, 0.903897, 0.929277, 0.914898
0.710876, 21.927, 0.437272, 0.4, -0.00514016, 0.936058, 0.903894, 0.929273, 0.914894
0.710926, 21.9224, 0.437191, 0.4, -0.00514037, 0.936058, 0.903891, 0.929268, 0.91489
0.710976, 21.9178, 0.437111, 0.4, -0.00514058, 0.936057, 0.903887, 0.929264, 0.914886
0.711026, 21.9131, 0.43703, 0.4, -0.00514078, 0.936056, 0.903884, 0.92926, 0.914882
0.711076, 21.9085, 0.436949, 0.4, -0.00514098, 0.936055, 0.903881, 0.929256, 0.914878
0.711126, 21.9039, 0.436868, 0.4, -0.00514119, 0.936055, 0.903877, 0.929251, 0.914873
0.711176, 21.8993, 0.436787, 0.4, -0.00514139, 0.936054, 0.903874, 0.929247, 0.914869
0.711226, 21.8946, 0.436706, 0.4, -0.00514159, 0.936053, 0.903871, 0.929243, 0.914865
0.711276, 21.89, 0.436625, 0.4, -0.0051418, 0.936052, 0.903868, 0.929239, 0.914861
0.711326, 21.8854, 0.436544, 0.4, -0.005142, 0.936052, 0.903864, 0.929234, 0.914857
0.711376, 21.8807, 0.436463, 0.4, -0.0051422, 0.936051, 0.903861, 0.92923, 0.914853
0.711426, 21.8761, 0.436383, 0.4, -0.0051424, 0.93605, 0.903858, 0.929226, 0.914849
0.711476, 21.8715, 0.436302, 0.4, -0.0051426, 0.936049, 0.903855, 0.929222, 0.914845
0.711526, 21.8669, 0.436221, 0.4, -0.0051428, 0.936049, 0.903851, 0.929217, 0.914841
0.711576, 21.8622, 0.43614, 0.4, -0.005143, 0.936048, 0.903848, 0.929213, 0.914837
0.711626, 21.8576, 0.436059, 0.4, -0.0051432, 0.936047, 0.903845, 0.929209, 0.914833
0.711676, 21.853, 0.435978, 0.4, -0.00514339, 0.936046, 0.903841, 0.929205, 0.914829
0.711726, 21.8483, 0.435897, 0.4, -0.00514359, 0.936045, 0.903838, 0.9292, 0.914825
0.711776, 21.8437, 0.435816, 0.4, -0.00514379, 0.936045, 0.903835, 0.929196, 0.914821
0.711826, 21.8391, 0.435736, 0.4, -0.00514399, 0.936044, 0.903831, 0.929192, 0.914817
0.711876, 21.8345, 0.435655, 0.4, -0.00514418, 0.936043, 0.903828, 0.929188, 0.914813
0.711926, 21.8298, 0.435574, 0.4, -0.00514438, 0.936042, 0.903825, 0.929183, 0.914809
0.711976, 21.8252, 0.435493, 0.4, -0.00514457, 0.936041, 0.903822, 0.929179, 0.914805
0.712026, 21.8206, 0.435412, 0.4, -0.00514477, 0.936041, 0.903818, 0.929175, 0.9148
0.712076, 21.8159, 0.435332, 0.4, -0.00514496, 0.93604, 0.903815, 0.929171, 0.914796
0.712126, 21.8113, 0.435251, 0.4, -0.00514516, 0.936039, 0.903812, 0.929166, 0.914792
0.712176, 21.8067, 0.43517, 0.4, -0.00514535, 0.936038, 0.903808, 0.929162, 0.914788
0.712226, 21.802, 0.435089, 0.4, -0.00514554, 0.936037, 0.903805, 0.929158, 0.914784
0.712276, 21.7974, 0.435008, 0.4, -0.00514574, 0.936037, 0.903802, 0.929154, 0.91478
0.712326, 21.7928, 0.434928, 0.4, -0.00514593, 0.936036, 0.903798, 0.929149, 0.914776
0.712376, 21.7882, 0.434847, 0.4, -0.00514612, 0.936035, 0.903795, 0.929145, 0.914772
0.712426, 21.7835, 0.434766, 0.4, -0.00514631, 0.936034, 0.903792, 0.929141, 0.914768
0.712476, 21.7789, 0.434685, 0.4, -0.0051465, 0.936033, 0.903789, 0.929137, 0.914764
0.712526, 21.7743, 0.434605, 0.4, -0.00514669, 0.936033, 0.903785, 0.929132, 0.91476
0.712576, 21.7696, 0.434524, 0.4, -0.00514688, 0.936032, 0.903782, 0.929128, 0.914756
0.712626, 21.765, 0.434443, 0.4, -0.00514707, 0.936031, 0.903779, 0.929124, 0.914752
0.712676, 21.7604, 0.434362, 0.4, -0.00514726, 0.93603, 0.903775, 0.92912, 0.914748
0.712726, 21.7557, 0.434281, 0.4, -0.00514745, 0.936029, 0.903772, 0.929115, 0.914743
0.712776, 21.7511, 0.434201, 0.4, -0.00514764, 0.936028, 0.903769, 0.929111, 0.914739
0.712826, 21.7465, 0.43412, 0.4, -0.00514782, 0.936028, 0.903765, 0.929107, 0.914735
0.712876, 21.7418, 0.434039, 0.4, -0.00514801, 0.936027, 0.903762, 0.929102, 0.914731
0.712926, 21.7372, 0.433958, 0.4, -0.0051482, 0.936026, 0.903759, 0.929098, 0.914727
0.712976, 21.7326, 0.433878, 0.4, -0.00514838, 0.936025, 0.903755, 0.929094, 0.914723
0.713026, 21.7279, 0.433797, 0.4, -0.00514857, 0.936024, 0.903752, 0.92909, 0.914719
0.713076, 21.7233, 0.433716, 0.4, -0.00514875, 0.936023, 0.903749, 0.929085, 0.914715
0.713126, 21.7187, 0.433635, 0.4, -0.00514894, 0.936023, 0.903745, 0.929081, 0.914711
0.713176, 21.714, 0.433555, 0.4, -0.00514912, 0.936022, 0.903742, 0.929077, 0.914707
0.713226, 21.7094, 0.433474, 0.4, -0.00514931, 0.936021, 0.903739, 0.929072, 0.914703
0.713276, 21.7048, 0.433393, 0.4, -0.00514949, 0.93602, 0.903735, 0.929068, 0.914698
0.713326, 21.7001, 0.433313, 0.4, -0.00514967, 0.936019, 0.903732, 0.929064, 0.914694
0.713376, 21.6955, 0.433232, 0.4, -0.00514985, 0.936019, 0.903729, 0.92906, 0.91469
0.713426, 21.6909, 0.433151, 0.4, -0.00515004, 0.936018, 0.903725, 0.929055, 0.914686
0.713476, 21.6862, 0.433071, 0.4, -0.00515022, 0.936017, 0.903722, 0.929051, 0.914682
0.713526, 21.6816, 0.43299, 0.4, -0.0051504, 0.936016, 0.903719, 0.929047, 0.914678
0.713576, 21.677, 0.432909, 0.4, -0.00515058, 0.936015, 0.903715, 0.929042, 0.914674
0.713626, 21.6723, 0.432829, 0.4, -0.00515076, 0.936014, 0.903712, 0.929038, 0.91467
0.713676, 21.6677, 0.432748, 0.4, -0.00515094, 0.936014, 0.903709, 0.929034, 0.914666
0.713726, 21.663, 0.432667, 0.4, -0.00515112, 0.936013, 0.903705, 0.92903, 0.914662
0.713776, 21.6584, 0.432586, 0.4, -0.0051513, 0.936012, 0.903702, 0.929025, 0.914657
0.713826, 21.6538, 0.432506, 0.4, -0.00515147, 0.936011, 0.903699, 0.929021, 0.914653
0.713876, 21.6491, 0.432425, 0.4, -0.00515165, 0.93601, 0.903695, 0.929017, 0.914649
0.713926, 21.6445, 0.432344, 0.4, -0.00515183, 0.936009, 0.903692, 0.929012, 0.914645
0.713976, 21.6399, 0.432264, 0.4, -0.00515201, 0.936009, 0.903688, 0.929008, 0.914641
0.714026, 21.6352, 0.432183, 0.4, -0.00515218, 0.936008, 0.903685, 0.929004, 0.914637
0.714076, 21.6306, 0.432103, 0.4, -0.00515236, 0.936007, 0.903682, 0.929, 0.914633
0.714126, 21.6259, 0.432022, 0.4, -0.00515253, 0.936006, 0.903678, 0.928995, 0.914629
0.714176, 21.6213, 0.431941, 0.4, -0.00515271, 0.936005, 0.903675, 0.928991, 0.914625
0.714226, 21.6167, 0.431861, 0.4, -0.00515288, 0.936004, 0.903672, 0.928987, 0.914621
0.714276, 21.612, 0.43178, 0.4, -0.00515306, 0.936003, 0.903668, 0.928982, 0.914616
0.714326, 21.6074, 0.431699, 0.4, -0.00515323, 0.936003, 0.903665, 0.928978, 0.914612
0.714376, 21.6028, 0.431619, 0.4, -0.0051534, 0.936002, 0.903662, 0.928974, 0.914608
0.714426, 21.5981, 0.431538, 0.4, -0.00515357, 0.936001, 0.903658, 0.92897, 0.914604
0.714476, 21.5935, 0.431458, 0.4, -0.00515375, 0.936, 0.903655, 0.928965, 0.9146
0.714526, 21.5888, 0.431377, 0.4, -0.00515392, 0.935999, 0.903652, 0.928961, 0.914596
0.714576, 21.5842, 0.431296, 0.4, -0.00515409, 0.935998, 0.903648, 0.928957, 0.914592
0.714626, 21.5796, 0.431216, 0.4, -0.00515426, 0.935998, 0.903645, 0.928952, 0.914588
0.714676, 21.5749, 0.431135, 0.4, -0.00515443, 0.935997, 0.903642, 0.928948, 0.914584
0.714726, 21.5703, 0.431055, 0.4, -0.0051546, 0.935996, 0.903638, 0.928944, 0.914579
0.714776, 21.5657, 0.430974, 0.4, -0.00515477, 0.935995, 0.903635, 0.928939, 0.914575
0.714826, 21.561, 0.430894, 0.4, -0.00515494, 0.935994, 0.903631, 0.928935, 0.914571
0.714876, 21.5564, 0.430813, 0.4, -0.00515511, 0.935993, 0.903628, 0.928931, 0.914567
0.714926, 21.5517, 0.430732, 0.4, -0.00515527, 0.935992, 0.903625, 0.928926, 0.914563
0.714976, 21.5471, 0.430652, 0.4, -0.00515544, 0.935992, 0.903621, 0.928922, 0.914559
0.715026, 21.5425, 0.430571, 0.4, -0.00515561, 0.935991, 0.903618, 0.928918, 0.914555
0.715076, 21.5378, 0.430491, 0.4, -0.00515577, 0.93599, 0.903615, 0.928914, 0.91455
0.715126, 21.5332, 0.43041, 0.4, -0.00515594, 0.935989, 0.903611, 0.928909, 0.914546
0.715176, 21.5285, 0.43033, 0.4, -0.0051561, 0.935988, 0.903608, 0.928905, 0.914542
0.715226, 21.5239, 0.430249, 0.4, -0.00515627, 0.935987, 0.903604, 0.928901, 0.914538
0.715276, 21.5193, 0.430169, 0.4, -0.00515643, 0.935986, 0.903601, 0.928896, 0.914534
0.715326, 21.5146, 0.430088, 0.4, -0.0051566, 0.935985, 0.903598, 0.928892, 0.91453
0.715376, 21.51, 0.430008, 0.4, -0.00515676, 0.935985, 0.903594, 0.928888, 0.914526
0.715427, 21.5053, 0.429927, 0.4, -0.00515692, 0.935984, 0.903591, 0.928883, 0.914522
0.715477, 21.5007, 0.429847, 0.4, -0.00515709, 0.935983, 0.903588, 0.928879, 0.914517
0.715527, 21.496, 0.429766, 0.4, -0.00515725, 0.935982, 0.903584, 0.928875, 0.914513
0.715577, 21.4914, 0.429686, 0.4, -0.00515741, 0.935981, 0.903581, 0.92887, 0.914509
0.715627, 21.4868, 0.429605, 0.4, -0.00515757, 0.93598, 0.903577, 0.928866, 0.914505
0.715677, 21.4821, 0.429525, 0.4, -0.00515773, 0.935979, 0.903574, 0.928862, 0.914501
0.715727, 21.4775, 0.429444, 0.4, -0.00515789, 0.935979, 0.903571, 0.928858, 0.914497
0.715777, 21.4728, 0.429364, 0.4, -0.00515805, 0.935978, 0.903567, 0.928853, 0.914493
0.715827, 21.4682, 0.429283, 0.4, -0.00515821, 0.935977, 0.903564, 0.928849, 0.914488
0.715877, 21.4636, 0.429203, 0.4, -0.00515837, 0.935976, 0.90356, 0.928845, 0.914484
0.715927, 21.4589, 0.429122, 0.4, -0.00515852, 0.935975, 0.903557, 0.92884, 0.91448
0.715977, 21.4543, 0.429042, 0.4, -0.00515868, 0.935974, 0.903554, 0.928836, 0.914476
0.716027, 21.4496, 0.428961, 0.4, -0.00515884, 0.935973, 0.90355, 0.928832, 0.914472
0.716077, 21.445, 0.428881, 0.4, -0.005159, 0.935972, 0.903547, 0.928827, 0.914468
0.716127, 21.4403, 0.4288, 0.4, -0.00515915, 0.935971, 0.903543, 0.928823, 0.914464
0.716177, 21.4357, 0.42872, 0.4, -0.00515931, 0.93597, 0.90354, 0.928818, 0.914459
0.716227, 21.4311, 0.42864, 0.4, -0.00515946, 0.93597, 0.903537, 0.928814, 0.914455
0.716277, 21.4264, 0.428559, 0.4, -0.00515962, 0.935969, 0.903533, 0.92881, 0.914451
0.716327, 21.4218, 0.428479, 0.4, -0.00515977, 0.935968, 0.90353, 0.928805, 0.914447
0.716377, 21.4171, 0.428398, 0.4, -0.00515993, 0.935967, 0.903526, 0.928801, 0.914443
0.716427, 21.4125, 0.428318, 0.4, -0.00516008, 0.935966, 0.903523, 0.928797, 0.914439
0.716477, 21.4078, 0.428238, 0.4, -0.00516023, 0.935965, 0.90352, 0.928792, 0.914434
0.716527, 21.4032, 0.428157, 0.4, -0.00516039, 0.935964, 0.903516, 0.928788, 0.91443
0.716577, 21.3985, 0.428077, 0.4, -0.00516054, 0.935963, 0.903513, 0.928784, 0.914426
0.716627, 21.3939, 0.427996, 0.4, -0.00516069, 0.935962, 0.903509, 0.928779, 0.914422
0.716677, 21.3893, 0.427916, 0.4, -0.00516084, 0.935961, 0.903506, 0.928775, 0.914418
0.716727, 21.3846, 0.427836, 0.4, -0.00516099, 0.935961, 0.903503, 0.928771, 0.914414
0.716777, 21.38, 0.427755, 0.4, -0.00516114, 0.93596, 0.903499, 0.928766, 0.914409
0.716827, 21.3753, 0.427675, 0.4, -0.00516129, 0.935959, 0.903496, 0.928762, 0.914405
0.716877, 21.3707, 0.427594, 0.4, -0.00516144, 0.935958, 0.903492, 0.928758, 0.914401
0.716927, 21.366, 0.427514, 0.4, -0.00516159, 0.935957, 0.903489, 0.928753, 0.914397
0.716977, 21.3614, 0.427434, 0.4, -0.00516174, 0.935956, 0.903485, 0.928749, 0.914393
0.717027, 21.3567, 0.427353, 0.4, -0.00516188, 0.935955, 0.903482, 0.928745, 0.914389
0.717077, 21.3521, 0.427273, 0.4, -0.00516203, 0.935954, 0.903479, 0.92874, 0.914384
0.717127, 21.3474, 0.427193, 0.4, -0.00516218, 0.935953, 0.903475, 0.928736, 0.91438
0.717177, 21.3428, 0.427112, 0.4, -0.00516233, 0.935952, 0.903472, 0.928732, 0.914376
0.717227, 21.3382, 0.427032, 0.4, -0.00516247, 0.935951, 0.903468, 0.928727, 0.914372
0.717277, 21.3335, 0.426951, 0.4, -0.00516262, 0.93595, 0.903465, 0.928723, 0.914368
0.717327, 21.3289, 0.426871, 0.4, -0.00516276, 0.93595, 0.903461, 0.928719, 0.914364
0.717377, 21.3242, 0.426791, 0.4, -0.00516291, 0.935949, 0.903458, 0.928714, 0.914359
0.717427, 21.3196, 0.426711, 0.4, -0.00516305, 0.935948, 0.903455, 0.92871, 0.914355
0.717477, 21.3149, 0.42663, 0.4, -0.00516319, 0.935947, 0.903451, 0.928706, 0.914351
0.717527, 21.3103, 0.42655, 0.4, -0.00516334, 0.935946, 0.903448, 0.928701, 0.914347
0.717577, 21.3056, 0.42647, 0.4, -0.00516348, 0.935945, 0.903444, 0.928697, 0.914343
0.717627, 21.301, 0.426389, 0.4, -0.00516362, 0.935944, 0.903441, 0.928692, 0.914338
0.717677, 21.2963, 0.426309, 0.4, -0.00516376, 0.935943, 0.903437, 0.928688, 0.914334
0.717727, 21.2917, 0.426229, 0.4, -0.00516391, 0.935942, 0.903434, 0.928684, 0.91433
0.717777, 21.287, 0.426148, 0.4, -0.00516405, 0.935941, 0.903431, 0.928679, 0.914326
0.717827, 21.2824, 0.426068, 0.4, -0.00516419, 0.93594, 0.903427, 0.928675, 0.914322
0.717877, 21.2777, 0.425988, 0.4, -0.00516433, 0.935939, 0.903424, 0.928671, 0.914317
0.717927, 21.2731, 0.425908, 0.4, -0.00516447, 0.935938, 0.90342, 0.928666, 0.914313
0.717977, 21.2684, 0.425827, 0.4, -0.00516461, 0.935937, 0.903417, 0.928662, 0.914309
0.718027, 21.2638, 0.425747, 0.4, -0.00516474, 0.935937, 0.903413, 0.928658, 0.914305
0.718077, 21.2591, 0.425667, 0.4, -0.00516488, 0.935936, 0.90341, 0.928653, 0.914301
0.718127, 21.2545, 0.425587, 0.4, -0.00516502, 0.935935, 0.903406, 0.928649, 0.914297
0.718177, 21.2499, 0.425506, 0.4, -0.00516516, 0.935934, 0.903403, 0.928644, 0.914292
0.718227, 21.2452, 0.425426, 0.4, -0.00516529, 0.935933, 0.903399, 0.92864, 0.914288
0.718277, 21.2406, 0.425346, 0.4, -0.00516543, 0.935932, 0.903396, 0.928636, 0.914284
0.718327, 21.2359, 0.425266, 0.4, -0.00516557, 0.935931, 0.903393, 0.928631, 0.91428
0.718377, 21.2313, 0.425185, 0.4, -0.0051657, 0.93593, 0.903389, 0.928627, 0.914275
0.718427, 21.2266, 0.425105, 0.4, -0.00516584, 0.935929, 0.903386, 0.928623, 0.914271
0.718477, 21.222, 0.425025, 0.4, -0.00516597, 0.935928, 0.903382, 0.928618, 0.914267
0.718527, 21.2173, 0.424945, 0.4, -0.0051661, 0.935927, 0.903379, 0.928614, 0.914263
0.718577, 21.2127, 0.424864, 0.4, -0.00516624, 0.935926, 0.903375, 0.928609, 0.914259
0.718627, 21.208, 0.424784, 0.4, -0.00516637, 0.935925, 0.903372, 0.928605, 0.914254
0.718677, 21.2034, 0.424704, 0.4, -0.0051665, 0.935924, 0.903368, 0.928601, 0.91425
0.718727, 21.1987, 0.424624, 0.4, -0.00516663, 0.935923, 0.903365, 0.928596, 0.914246
0.718777, 21.1941, 0.424544, 0.4, -0.00516677, 0.935922, 0.903361, 0.928592, 0.914242
0.718827, 21.1894, 0.424464, 0.4, -0.0051669, 0.935921, 0.903358, 0.928588, 0.914238
0.718877, 21.1848, 0.424383, 0.4, -0.00516703, 0.93592, 0.903354, 0.928583, 0.914234
0.718927, 21.1801, 0.424303, 0.4, -0.00516716, 0.935919, 0.903351, 0.928579, 0.914229
0.718977, 21.1755, 0.424223, 0.4, -0.00516729, 0.935918, 0.903348, 0.928574, 0.914225
0.719027, 21.1708, 0.424143, 0.4, -0.00516742, 0.935918, 0.903344, 0.92857, 0.914221
0.719077, 21.1662, 0.424063, 0.4, -0.00516755, 0.935917, 0.903341, 0.928566, 0.914217
0.719127, 21.1615, 0.423983, 0.4, -0.00516767, 0.935916, 0.903337, 0.928561, 0.914212
0.719177, 21.1569, 0.423903, 0.4, -0.0051678, 0.935915, 0.903334, 0.928557, 0.914208
0.719227, 21.1522, 0.423822, 0.4, -0.00516793, 0.935914, 0.90333, 0.928553, 0.914204
0.719277, 21.1476, 0.423742, 0.4, -0.00516806, 0.935913, 0.903327, 0.928548, 0.9142
0.719327, 21.1429, 0.423662, 0.4, -0.00516818, 0.935912, 0.903323, 0.928544, 0.914195
0.719377, 21.1382, 0.423582, 0.4, -0.00516831, 0.935911, 0.90332, 0.928539, 0.914191
0.719427, 21.1336, 0.423502, 0.4, -0.00516843, 0.93591, 0.903316, 0.928535, 0.914187
0.719477, 21.1289, 0.423422, 0.4, -0.00516856, 0.935909, 0.903313, 0.928531, 0.914183
0.719527, 21.1243, 0.423342, 0.4, -0.00516868, 0.935908, 0.903309, 0.928526, 0.914179
0.719577, 21.1196, 0.423262, 0.4, -0.00516881, 0.935907, 0.903306, 0.928522, 0.914174
0.719627, 21.115, 0.423181, 0.4, -0.00516893, 0.935906, 0.903302, 0.928517, 0.91417
0.719677, 21.1103, 0.423101, 0.4, -0.00516905, 0.935905, 0.903299, 0.928513, 0.914166
0.719727, 21.1057, 0.423021, 0.4, -0.00516918, 0.935904, 0.903295, 0.928509, 0.914162
0.719777, 21.101, 0.422941, 0.4, -0.0051693, 0.935903, 0.903292, 0.928504, 0.914157
0.719827, 21.0964, 0.422861, 0.4, -0.00516942, 0.935902, 0.903288, 0.9285, 0.914153
0.719877, 21.0917, 0.422781, 0.4, -0.00516954, 0.935901, 0.903285, 0.928495, 0.914149
0.719927, 21.0871, 0.422701, 0.4, -0.00516966, 0.9359, 0.903282, 0.928491, 0.914145
0.719977, 21.0824, 0.422621, 0.4, -0.00516978, 0.935899, 0.903278, 0.928487, 0.914141
0.720027, 21.0778, 0.422541, 0.4, -0.0051699, 0.935898, 0.903275, 0.928482, 0.914136
0.720077, 21.0731, 0.422461, 0.4, -0.00517002, 0.935897, 0.903271, 0.928478, 0.914132
0.720127, 21.0685, 0.422381, 0.4, -0.00517014, 0.935896, 0.903268, 0.928474, 0.914128
0.720177, 21.0638, 0.422301, 0.4, -0.00517026, 0.935895, 0.903264, 0.928469, 0.914124
0.720227, 21.0592, 0.422221, 0.4, -0.00517038, 0.935894, 0.90326, 0.928465, 0.914119
0.720277, 21.0545, 0.422141, 0.4, -0.0051705, 0.935893, 0.903257, 0.92846, 0.914115
0.720327, 21.0499, 0.422061, 0.4, -0.00517061, 0.935892, 0.903253, 0.928456, 0.914111
0.720377, 21.0452, 0.421981, 0.4, -0.00517073, 0.935891, 0.90325, 0.928451, 0.914107
0.720427, 21.0405, 0.421901, 0.4, -0.00517085, 0.93589, 0.903247, 0.928447, 0.914102
0.720477, 21.0359, 0.421821, 0.4, -0.00517096, 0.935889, 0.903243, 0.928443, 0.914098
0.720527, 21.0312, 0.421741, 0.4, -0.00517108, 0.935888, 0.90324, 0.928438, 0.914094
0.720577, 21.0266, 0.421661, 0.4, -0.00517119, 0.935887, 0.903236, 0.928434, 0.91409
0.720627, 21.0219, 0.421581, 0.4, -0.00517131, 0.935886, 0.903232, 0.928429, 0.914085
0.720677, 21.0173, 0.421501, 0.4, -0.00517142, 0.935885, 0.903229, 0.928425, 0.914081
0.720727, 21.0126, 0.421421, 0.4, -0.00517153, 0.935884, 0.903225, 0.928421, 0.914077
0.720777, 21.008, 0.421341, 0.4, -0.00517165, 0.935883, 0.903222, 0.928416, 0.914073
0.720827, 21.0033, 0.421261, 0.4, -0.00517176, 0.935882, 0.903218, 0.928412, 0.914068
0.720877, 20.9987, 0.421181, 0.4, -0.00517187, 0.935881, 0.903215, 0.928407, 0.914064
0.720927, 20.994, 0.421101, 0.4, -0.00517198, 0.93588, 0.903211, 0.928403, 0.91406
0.720977, 20.9893, 0.421021, 0.4, -0.00517209, 0.935879, 0.903208, 0.928398, 0.914056
0.721027, 20.9847, 0.420941, 0.4, -0.0051722, 0.935878, 0.903204, 0.928394, 0.914051
0.721077, 20.98, 0.420861, 0.4, -0.00517231, 0.935877, 0.903201, 0.92839, 0.914047
0.721127, 20.9754, 0.420781, 0.4, -0.00517242, 0.935876, 0.903197, 0.928385, 0.914043
0.721177, 20.9707, 0.420701, 0.4, -0.00517253, 0.935875, 0.903194, 0.928381, 0.914039
0.721227, 20.9661, 0.420621, 0.4, -0.00517264, 0.935874, 0.90319, 0.928376, 0.914034
0.721277, 20.9614, 0.420541, 0.4, -0.00517275, 0.935873, 0.903187, 0.928372, 0.91403
0.721327, 20.9568, 0.420461, 0.4, -0.00517286, 0.935872, 0.903183, 0.928368, 0.914026
0.721377, 20.9521, 0.420381, 0.4, -0.00517296, 0.935871, 0.90318, 0.928363, 0.914022
0.721428, 20.9475, 0.420302, 0.4, -0.00517307, 0.93587, 0.903176, 0.928359, 0.914017
0.721478, 20.9428, 0.420222, 0.4, -0.00517318, 0.935869, 0.903173, 0.928354, 0.914013
0.721528, 20.9381, 0.420142, 0.4, -0.00517328, 0.935868, 0.903169, 0.92835, 0.914009
0.721578, 20.9335, 0.420062, 0.4, -0.00517339, 0.935867, 0.903166, 0.928346, 0.914005
0.721628, 20.9288, 0.419982, 0.4, -0.00517349, 0.935866, 0.903162, 0.928341, 0.914
0.721678, 20.9242, 0.419902, 0.4, -0.0051736, 0.935865, 0.903159, 0.928337, 0.913996
0.721728, 20.9195, 0.419822, 0.4, -0.0051737, 0.935864, 0.903155, 0.928332, 0.913992
0.721778, 20.9149, 0.419742, 0.4, -0.00517381, 0.935863, 0.903151, 0.928328, 0.913987
0.721828, 20.9102, 0.419662, 0.4, -0.00517391, 0.935862, 0.903148, 0.928323, 0.913983
0.721878, 20.9055, 0.419582, 0.4, -0.00517401, 0.935861, 0.903144, 0.928319, 0.913979
0.721928, 20.9009, 0.419503, 0.4, -0.00517411, 0.93586, 0.903141, 0.928314, 0.913975
0.721978, 20.8962, 0.419423, 0.4, -0.00517422, 0.935859, 0.903137, 0.92831, 0.91397
0.722028, 20.8916, 0.419343, 0.4, -0.00517432, 0.935857, 0.903134, 0.928306, 0.913966
0.722078, 20.8869, 0.419263, 0.4, -0.00517442, 0.935856, 0.90313, 0.928301, 0.913962
0.722128, 20.8823, 0.419183, 0.4, -0.00517452, 0.935855, 0.903126, 0.928297, 0.913957
0.722178, 20.8776, 0.419104, 0.4, -0.00517462, 0.935854, 0.903123, 0.928292, 0.913953
0.722228, 20.8729, 0.419024, 0.4, -0.00517472, 0.935853, 0.903119, 0.928288, 0.913949
0.722278, 20.8683, 0.418944, 0.4, -0.00517482, 0.935852, 0.903116, 0.928283, 0.913945
0.722328, 20.8636, 0.418864, 0.4, -0.00517492, 0.935851, 0.903112, 0.928279, 0.91394
0.722378, 20.859, 0.418784, 0.4, -0.00517501, 0.93585, 0.903109, 0.928274, 0.913936
0.722428, 20.8543, 0.418704, 0.4, -0.00517511, 0.935849, 0.903105, 0.92827, 0.913932
0.722478, 20.8497, 0.418625, 0.4, -0.00517521, 0.935848, 0.903102, 0.928266, 0.913927
0.722528, 20.845, 0.418545, 0.4, -0.00517531, 0.935847, 0.903098, 0.928261, 0.913923
0.722578, 20.8403, 0.418465, 0.4, -0.0051754, 0.935846, 0.903095, 0.928257, 0.913919
0.722628, 20.8357, 0.418385, 0.4, -0.0051755, 0.935845, 0.903091, 0.928252, 0.913915
0.722678, 20.831, 0.418306, 0.4, -0.00517559, 0.935844, 0.903088, 0.928248, 0.91391
0.722728, 20.8264, 0.418226, 0.4, -0.00517569, 0.935843, 0.903084, 0.928243, 0.913906
0.722778, 20.8217, 0.418146, 0.4, -0.00517578, 0.935842, 0.90308, 0.928239, 0.913902
0.722828, 20.817, 0.418066, 0.4, -0.00517588, 0.935841, 0.903077, 0.928234, 0.913897
0.722878, 20.8124, 0.417986, 0.4, -0.00517597, 0.93584, 0.903073, 0.92823, 0.913893
0.722928, 20.8077, 0.417907, 0.4, -0.00517606, 0.935839, 0.90307, 0.928226, 0.913889
0.722978, 20.8031, 0.417827, 0.4, -0.00517615, 0.935838, 0.903066, 0.928221, 0.913885
0.723028, 20.7984, 0.417747, 0.4, -0.00517625, 0.935836, 0.903063, 0.928217, 0.91388
0.723078, 20.7938, 0.417668, 0.4, -0.00517634, 0.935835, 0.903059, 0.928212, 0.913876
0.723128, 20.7891, 0.417588, 0.4, -0.00517643, 0.935834, 0.903055, 0.928208, 0.913872
0.723178, 20.7844, 0.417508, 0.4, -0.00517652, 0.935833, 0.903052, 0.928203, 0.913867
0.723228, 20.7798, 0.417429, 0.4, -0.00517661, 0.935832, 0.903048, 0.928199, 0.913863
0.723278, 20.7751, 0.417349, 0.4, -0.0051767, 0.935831, 0.903045, 0.928194, 0.913859
0.723328, 20.7705, 0.417269, 0.4, -0.00517679, 0.93583, 0.903041, 0.92819, 0.913854
0.723378, 20.7658, 0.417189, 0.4, -0.00517688, 0.935829, 0.903038, 0.928185, 0.91385
0.723428, 20.7611, 0.41711, 0.4, -0.00517696, 0.935828, 0.903034, 0.928181, 0.913846
0.723478, 20.7565, 0.41703, 0.4, -0.00517705, 0.935827, 0.90303, 0.928176, 0.913841
0.723528, 20.7518, 0.41695, 0.4, -0.00517714, 0.935826, 0.903027, 0.928172, 0.913837
0.723578, 20.7472, 0.416871, 0.4, -0.00517723, 0.935825, 0.903023, 0.928168, 0.913833
0.723628, 20.7425, 0.416791, 0.4, -0.00517731, 0.935824, 0.90302, 0.928163, 0.913829
0.723678, 20.7378, 0.416711, 0.4, -0.0051774, 0.935822, 0.903016, 0.928159, 0.913824
0.723728, 20.7332, 0.416632, 0.4, -0.00517748, 0.935821, 0.903013, 0.928154, 0.91382
0.723778, 20.7285, 0.416552, 0.4, -0.00517757, 0.93582, 0.903009, 0.92815, 0.913816
0.723828, 20.7239, 0.416472, 0.4, -0.00517765, 0.935819, 0.903005, 0.928145, 0.913811
0.723878, 20.7192, 0.416393, 0.4, -0.00517774, 0.935818, 0.903002, 0.928141, 0.913807
0.723928, 20.7145, 0.416313, 0.4, -0.00517782, 0.935817, 0.902998, 0.928136, 0.913803
0.723978, 20.7099, 0.416233, 0.4, -0.0051779, 0.935816, 0.902995, 0.928132, 0.913798
0.724028, 20.7052, 0.416154, 0.4, -0.00517799, 0.935815, 0.902991, 0.928127, 0.913794
0.724078, 20.7006, 0.416074, 0.4, -0.00517807, 0.935814, 0.902988, 0.928123, 0.91379
0.724128, 20.6959, 0.415995, 0.4, -0.00517815, 0.935813, 0.902984, 0.928118, 0.913785
0.724178, 20.6912, 0.415915, 0.4, -0.00517823, 0.935812, 0.90298, 0.928114, 0.913781
0.724228, 20.6866, 0.415835, 0.4, -0.00517831, 0.935811, 0.902977, 0.92811, 0.913777
0.724278, 20.6819, 0.415756, 0.4, -0.00517839, 0.93581, 0.902973, 0.928105, 0.913773
0.724328, 20.6773, 0.415676, 0.4, -0.00517847, 0.935808, 0.902969, 0.928101, 0.913768
0.724378, 20.6726, 0.415597, 0.4, -0.00517855, 0.935807, 0.902966, 0.928096, 0.913764
0.724428, 20.6679, 0.415517, 0.4, -0.00517863, 0.935806, 0.902962, 0.928092, 0.913759
0.724478, 20.6633, 0.415438, 0.4, -0.00517871, 0.935805, 0.902959, 0.928087, 0.913755
0.724528, 20.6586, 0.415358, 0.4, -0.00517879, 0.935804, 0.902955, 0.928083, 0.913751
0.724578, 20.654, 0.415278, 0.4, -0.00517887, 0.935803, 0.902951, 0.928078, 0.913746
0.724628, 20.6493, 0.415199, 0.4, -0.00517894, 0.935802, 0.902948, 0.928074, 0.913742
0.724678, 20.6446, 0.415119, 0.4, -0.00517902, 0.935801, 0.902944, 0.928069, 0.913738
0.724728, 20.64, 0.41504, 0.4, -0.0051791, 0.9358, 0.902941, 0.928065, 0.913733
0.724778, 20.6353, 0.41496, 0.4, -0.00517917, 0.935798, 0.902937, 0.92806, 0.913729
0.724828, 20.6307, 0.414881, 0.4, -0.00517925, 0.935797, 0.902933, 0.928056, 0.913725
0.724878, 20.626, 0.414801, 0.4, -0.00517932, 0.935796, 0.90293, 0.928051, 0.91372
0.724928, 20.6213, 0.414722, 0.4, -0.0051794, 0.935795, 0.902926, 0.928047, 0.913716
0.724978, 20.6167, 0.414642, 0.4, -0.00517947, 0.935794, 0.902923, 0.928042, 0.913712
0.725028, 20.612, 0.414563, 0.4, -0.00517954, 0.935793, 0.902919, 0.928038, 0.913707
0.725078, 20.6073, 0.414483, 0.4, -0.00517962, 0.935792, 0.902915, 0.928033, 0.913703
0.725128, 20.6027, 0.414404, 0.4, -0.00517969, 0.935791, 0.902912, 0.928029, 0.913699
0.725178, 20.598, 0.414324, 0.4, -0.00517976, 0.93579, 0.902908, 0.928024, 0.913694
0.725228, 20.5934, 0.414245, 0.4, -0.00517983, 0.935789, 0.902905, 0.92802, 0.91369
0.725278, 20.5887, 0.414165, 0.4, -0.0051799, 0.935787, 0.902901, 0.928015, 0.913686
0.725328, 20.584, 0.414086, 0.4, -0.00517997, 0.935786, 0.902897, 0.928011, 0.913681
0.725378, 20.5794, 0.414006, 0.4, -0.00518004, 0.935785, 0.902894, 0.928006, 0.913677
0.725428, 20.5747, 0.413927, 0.4, -0.00518011, 0.935784, 0.90289, 0.928002, 0.913673
0.725478, 20.5701, 0.413848, 0.4, -0.00518018, 0.935783, 0.902886, 0.927997, 0.913668
0.725528, 20.5654, 0.413768, 0.4, -0.00518025, 0.935782, 0.902883, 0.927993, 0.913664
0.725578, 20.5607, 0.413689, 0.4, -0.00518032, 0.935781, 0.902879, 0.927988, 0.91366
0.725628, 20.5561, 0.413609, 0.4, -0.00518039, 0.93578, 0.902876, 0.927984, 0.913655
0.725678, 20.5514, 0.41353, 0.4, -0.00518045, 0.935778, 0.902872, 0.927979, 0.913651
0.725728, 20.5467, 0.41345, 0.4, -0.00518052, 0.935777, 0.902868, 0.927975, 0.913647
0.725778, 20.5421, 0.413371, 0.4, -0.00518059, 0.935776, 0.902865, 0.92797, 0.913642
0.725828, 20.5374, 0.413292, 0.4, -0.00518065, 0.935775, 0.902861, 0.927966, 0.913638
0.725878, 20.5328, 0.413212, 0.4, -0.00518072, 0.935774, 0.902857, 0.927961, 0.913634
0.725928, 20.5281, 0.413133, 0.4, -0.00518078, 0.935773, 0.902854, 0.927957, 0.913629
0.725978, 20.5234, 0.413053, 0.4, -0.00518085, 0.935772, 0.90285, 0.927952, 0.913625
0.726028, 20.5188, 0.412974, 0.4, -0.00518091, 0.93577, 0.902846, 0.927948, 0.91362
0.726078, 20.5141, 0.412895, 0.4, -0.00518097, 0.935769, 0.902843, 0.927943, 0.913616
0.726128, 20.5094, 0.412815, 0.4, -0.00518104, 0.935768, 0.902839, 0.927939, 0.913612
0.726178, 20.5048, 0.412736, 0.4, -0.0051811, 0.935767, 0.902835, 0.927934, 0.913607
0.726228, 20.5001, 0.412656, 0.4, -0.00518116, 0.935766, 0.902832, 0.92793, 0.913603
0.726278, 20.4954, 0.412577, 0.4, -0.00518122, 0.935765, 0.902828, 0.927925, 0.913599
0.726328, 20.4908, 0.412498, 0.4, -0.00518129, 0.935764, 0.902825, 0.927921, 0.913594
0.726378, 20.4861, 0.412418, 0.4, -0.00518135, 0.935762, 0.902821, 0.927916, 0.91359
0.726428, 20.4815, 0.412339, 0.4, -0.00518141, 0.935761, 0.902817, 0.927912, 0.913585
0.726478, 20.4768, 0.41226, 0.4, -0.00518147, 0.93576, 0.902814, 0.927907, 0.913581
0.726528, 20.4721, 0.41218, 0.4, -0.00518153, 0.935759, 0.90281, 0.927903, 0.913577
0.726578, 20.4675, 0.412101, 0.4, -0.00518158, 0.935758, 0.902806, 0.927898, 0.913572
0.726628, 20.4628, 0.412022, 0.4, -0.00518164, 0.935757, 0.902803, 0.927894, 0.913568
0.726678, 20.4581, 0.411942, 0.4, -0.0051817, 0.935755, 0.902799, 0.927889, 0.913564
0.726728, 20.4535, 0.411863, 0.4, -0.00518176, 0.935754, 0.902795, 0.927885, 0.913559
0.726778, 20.4488, 0.411784, 0.4, -0.00518182, 0.935753, 0.902792, 0.92788, 0.913555
0.726828, 20.4442, 0.411705, 0.4, -0.00518187, 0.935752, 0.902788, 0.927876, 0.91355
0.726878, 20.4395, 0.411625, 0.4, -0.00518193, 0.935751, 0.902784, 0.927871, 0.913546
0.726928, 20.4348, 0.411546, 0.4, -0.00518198, 0.93575, 0.902781, 0.927867, 0.913542
0.726978, 20.4302, 0.411467, 0.4, -0.00518204, 0.935749, 0.902777, 0.927862, 0.913537
0.727028, 20.4255, 0.411388, 0.4, -0.00518209, 0.935747, 0.902773, 0.927858, 0.913533
0.727078, 20.4208, 0.411308, 0.4, -0.00518215, 0.935746, 0.90277, 0.927853, 0.913529
0.727128, 20.4162, 0.411229, 0.4, -0.0051822, 0.935745, 0.902766, 0.927849, 0.913524
0.727178, 20.4115, 0.41115, 0.4, -0.00518226, 0.935744, 0.902762, 0.927844, 0.91352
0.727228, 20.4068, 0.411071, 0.4, -0.00518231, 0.935743, 0.902759, 0.927839, 0.913515
0.727278, 20.4022, 0.410991, 0.4, -0.00518236, 0.935741, 0.902755, 0.927835, 0.913511
0.727328, 20.3975, 0.410912, 0.4, -0.00518241, 0.93574, 0.902751, 0.92783, 0.913507
0.727378, 20.3929, 0.410833, 0.4, -0.00518246, 0.935739, 0.902748, 0.927826, 0.913502
0.727428, 20.3882, 0.410754, 0.4, -0.00518252, 0.935738, 0.902744, 0.927821, 0.913498
0.727479, 20.3835, 0.410674, 0.4, -0.00518257, 0.935737, 0.90274, 0.927817, 0.913493
0.727529, 20.3789, 0.410595, 0.4, -0.00518262, 0.935736, 0.902737, 0.927812, 0.913489
0.727579, 20.3742, 0.410516, 0.4, -0.00518267, 0.935734, 0.902733, 0.927808, 0.913485
0.727629, 20.3695, 0.410437, 0.4, -0.00518271, 0.935733, 0.902729, 0.927803, 0.91348
0.727679, 20.3649, 0.410358, 0.4, -0.00518276, 0.935732, 0.902726, 0.927799, 0.913476
0.727729, 20.3602, 0.410278, 0.4, -0.00518281, 0.935731, 0.902722, 0.927794, 0.913471
0.727779, 20.3555, 0.410199, 0.4, -0.00518286, 0.93573, 0.902718, 0.92779, 0.913467
0.727829, 20.3509, 0.41012, 0.4, -0.00518291, 0.935729, 0.902715, 0.927785, 0.913463
0.727879, 20.3462, 0.410041, 0.4, -0.00518295, 0.935727, 0.902711, 0.927781, 0.913458
0.727929, 20.3415, 0.409962, 0.4, -0.005183, 0.935726, 0.902707, 0.927776, 0.913454
0.727979, 20.3369, 0.409883, 0.4, -0.00518305, 0.935725, 0.902704, 0.927772, 0.91345
0.728029, 20.3322, 0.409803, 0.4, -0.00518309, 0.935724, 0.9027, 0.927767, 0.913445
0.728079, 20.3275, 0.409724, 0.4, -0.00518314, 0.935723, 0.902696, 0.927762, 0.913441
0.728129, 20.3229, 0.409645, 0.4, -0.00518318, 0.935721, 0.902693, 0.927758, 0.913436
0.728179, 20.3182, 0.409566, 0.4, -0.00518322, 0.93572, 0.902689, 0.927753, 0.913432
0.728229, 20.3135, 0.409487, 0.4, -0.00518327, 0.935719, 0.902685, 0.927749, 0.913427
0.728279, 20.3089, 0.409408, 0.4, -0.00518331, 0.935718, 0.902681, 0.927744, 0.913423
0.728329, 20.3042, 0.409329, 0.4, -0.00518335, 0.935717, 0.902678, 0.92774, 0.913419
0.728379, 20.2996, 0.40925, 0.4, -0.0051834, 0.935715, 0.902674, 0.927735, 0.913414
0.728429, 20.2949, 0.409171, 0.4, -0.00518344, 0.935714, 0.90267, 0.927731, 0.91341
0.728479, 20.2902, 0.409091, 0.4, -0.00518348, 0.935713, 0.902667, 0.927726, 0.913405
0.728529, 20.2856, 0.409013, 0.4, -0.00518352, 0.935712, 0.902663, 0.927722, 0.913401
0.728579, 20.2809, 0.408933, 0.4, -0.00518356, 0.935711, 0.902659, 0.927717, 0.913397
0.728629, 20.2762, 0.408854, 0.4, -0.0051836, 0.93571, 0.902656, 0.927712, 0.913392
0.728679, 20.2716, 0.408775, 0.4, -0.00518364, 0.935708, 0.902652, 0.927708, 0.913388
0.728729, 20.2669, 0.408696, 0.4, -0.00518368, 0.935707, 0.902648, 0.927703, 0.913383
0.728779, 20.2622, 0.408617, 0.4, -0.00518372, 0.935706, 0.902645, 0.927699, 0.913379
0.728829, 20.2576, 0.408538, 0.4, -0.00518375, 0.935705, 0.902641, 0.927694, 0.913375
0.728879, 20.2529, 0.408459, 0.4, -0.00518379, 0.935703, 0.902637, 0.92769, 0.91337
0.728929, 20.2482, 0.40838, 0.4, -0.00518383, 0.935702, 0.902633, 0.927685, 0.913366
0.728979, 20.2436, 0.408301, 0.4, -0.00518386, 0.935701, 0.90263, 0.927681, 0.913361
0.729029, 20.2389, 0.408222, 0.4, -0.0051839, 0.9357, 0.902626, 0.927676, 0.913357
0.729079, 20.2342, 0.408143, 0.4, -0.00518394, 0.935699, 0.902622, 0.927671, 0.913352
0.729129, 20.2296, 0.408064, 0.4, -0.00518397, 0.935697, 0.902619, 0.927667, 0.913348
0.729179, 20.2249, 0.407985, 0.4, -0.00518401, 0.935696, 0.902615, 0.927662, 0.913344
0.729229, 20.2202, 0.407906, 0.4, -0.00518404, 0.935695, 0.902611, 0.927658, 0.913339
0.729279, 20.2156, 0.407827, 0.4, -0.00518407, 0.935694, 0.902607, 0.927653, 0.913335
0.729329, 20.2109, 0.407748, 0.4, -0.00518411, 0.935692, 0.902604, 0.927649, 0.91333
0.729379, 20.2063, 0.407669, 0.4, -0.00518414, 0.935691, 0.9026, 0.927644, 0.913326
0.729429, 20.2016, 0.40759, 0.4, -0.00518417, 0.93569, 0.902596, 0.92764, 0.913321
0.729479, 20.1969, 0.407511, 0.4, -0.00518421, 0.935689, 0.902593, 0.927635, 0.913317
0.729529, 20.1923, 0.407432, 0.4, -0.00518424, 0.935688, 0.902589, 0.92763, 0.913313
0.729579, 20.1876, 0.407353, 0.4, -0.00518427, 0.935686, 0.902585, 0.927626, 0.913308
0.729629, 20.1829, 0.407275, 0.4, -0.0051843, 0.935685, 0.902581, 0.927621, 0.913304
0.729679, 20.1783, 0.407196, 0.4, -0.00518433, 0.935684, 0.902578, 0.927617, 0.913299
0.729729, 20.1736, 0.407117, 0.4, -0.00518436, 0.935683, 0.902574, 0.927612, 0.913295
0.729779, 20.1689, 0.407038, 0.4, -0.00518439, 0.935681, 0.90257, 0.927608, 0.91329
0.729829, 20.1643, 0.406959, 0.4, -0.00518442, 0.93568, 0.902566, 0.927603, 0.913286
0.729879, 20.1596, 0.40688, 0.4, -0.00518444, 0.935679, 0.902563, 0.927598, 0.913282
0.729929, 20.1549, 0.406801, 0.4, -0.00518447, 0.935678, 0.902559, 0.927594, 0.913277
0.729979, 20.1503, 0.406722, 0.4, -0.0051845, 0.935677, 0.902555, 0.927589, 0.913273
0.730029, 20.1456, 0.406643, 0.4, -0.00518453, 0.935675, 0.902552, 0.927585, 0.913268
0.730079, 20.1409, 0.406564, 0.4, -0.00518455, 0.935674, 0.902548, 0.92758, 0.913264
0.730129, 20.1363, 0.406485, 0.4, -0.00518458, 0.935673, 0.902544, 0.927576, 0.913259
0.730179, 20.1316, 0.406407, 0.4, -0.0051846, 0.935672, 0.90254, 0.927571, 0.913255
0.730229, 20.1269, 0.406328, 0.4, -0.00518463, 0.93567, 0.902537, 0.927566, 0.91325
0.730279, 20.1223, 0.406249, 0.4, -0.00518465, 0.935669, 0.902533, 0.927562, 0.913246
0.730329, 20.1176, 0.40617, 0.4, -0.00518468, 0.935668, 0.902529, 0.927557, 0.913241
0.730379, 20.1129, 0.406091, 0.4, -0.0051847, 0.935667, 0.902525, 0.927553, 0.913237
0.730429, 20.1083, 0.406012, 0.4, -0.00518472, 0.935665, 0.902522, 0.927548, 0.913233
0.730479, 20.1036, 0.405933, 0.4, -0.00518475, 0.935664, 0.902518, 0.927544, 0.913228
0.730529, 20.0989, 0.405855, 0.4, -0.00518477, 0.935663, 0.902514, 0.927539, 0.913224
0.730579, 20.0943, 0.405776, 0.4, -0.00518479, 0.935661, 0.90251, 0.927534, 0.913219
0.730629, 20.0896, 0.405697, 0.4, -0.00518481, 0.93566, 0.902507, 0.92753, 0.913215
0.730679, 20.0849, 0.405618, 0.4, -0.00518483, 0.935659, 0.902503, 0.927525, 0.91321
0.730729, 20.0803, 0.405539, 0.4, -0.00518485, 0.935658, 0.902499, 0.927521, 0.913206
0.730779, 20.0756, 0.405461, 0.4, -0.00518487, 0.935656, 0.902495, 0.927516, 0.913201
0.730829, 20.0709, 0.405382, 0.4, -0.00518489, 0.935655, 0.902492, 0.927511, 0.913197
0.730879, 20.0663, 0.405303, 0.4, -0.00518491, 0.935654, 0.902488, 0.927507, 0.913192
0.730929, 20.0616, 0.405224, 0.4, -0.00518493, 0.935653, 0.902484, 0.927502, 0.913188
0.730979, 20.0569, 0.405145, 0.4, -0.00518495, 0.935651, 0.90248, 0.927498, 0.913183
0.731029, 20.0523, 0.405067, 0.4, -0.00518496, 0.93565, 0.902477, 0.927493, 0.913179
0.731079, 20.0476, 0.404988, 0.4, -0.00518498, 0.935649, 0.902473, 0.927488, 0.913175
0.731129, 20.0429, 0.404909, 0.4, -0.005185, 0.935647, 0.902469, 0.927484, 0.91317
0.731179, 20.0383, 0.40483, 0.4, -0.00518501, 0.935646, 0.902465, 0.927479, 0.913166
0.731229, 20.0336, 0.404752, 0.4, -0.00518503, 0.935645, 0.902462, 0.927475, 0.913161
0.731279, 20.0289, 0.404673, 0.4, -0.00518504, 0.935644, 0.902458, 0.92747, 0.913157
0.731329, 20.0243, 0.404594, 0.4, -0.00518506, 0.935642, 0.902454, 0.927465, 0.913152
0.731379, 20.0196, 0.404515, 0.4, -0.00518507, 0.935641, 0.90245, 0.927461, 0.913148
0.731429, 20.0149, 0.404437, 0.4, -0.00518509, 0.93564, 0.902446, 0.927456, 0.913143
0.731479, 20.0103, 0.404358, 0.4, -0.0051851, 0.935639, 0.902443, 0.927452, 0.913139
0.731529, 20.0056, 0.404279, 0.4, -0.00518511, 0.935637, 0.902439, 0.927447, 0.913134
0.731579, 20.0009, 0.404201, 0.4, -0.00518513, 0.935636, 0.902435, 0.927442, 0.91313
0.731629, 19.9963, 0.404122, 0.4, -0.00518514, 0.935635, 0.902431, 0.927438, 0.913125
0.731679, 19.9916, 0.404043, 0.4, -0.00518515, 0.935633, 0.902428, 0.927433, 0.913121
0.731729, 19.9869, 0.403965, 0.4, -0.00518516, 0.935632, 0.902424, 0.927429, 0.913116
0.731779, 19.9823, 0.403886, 0.4, -0.00518517, 0.935631, 0.90242, 0.927424, 0.913112
0.731829, 19.9776, 0.403807, 0.4, -0.00518518, 0.93563, 0.902416, 0.927419, 0.913107
0.731879, 19.9729, 0.403729, 0.4, -0.00518519, 0.935628, 0.902413, 0.927415, 0.913103
0.731929, 19.9683, 0.40365, 0.4, -0.0051852, 0.935627, 0.902409, 0.92741, 0.913098
0.731979, 19.9636, 0.403571, 0.4, -0.00518521, 0.935626, 0.902405, 0.927406, 0.913094
0.732029, 19.9589, 0.403493, 0.4, -0.00518522, 0.935624, 0.902401, 0.927401, 0.91309
0.732079, 19.9543, 0.403414, 0.4, -0.00518523, 0.935623, 0.902397, 0.927396, 0.913085
0.732129, 19.9496, 0.403336, 0.4, -0.00518524, 0.935622, 0.902394, 0.927392, 0.913081
0.732179, 19.9449, 0.403257, 0.4, -0.00518524, 0.93562, 0.90239, 0.927387, 0.913076
0.732229, 19.9403, 0.403178, 0.4, -0.00518525, 0.935619, 0.902386, 0.927383, 0.913072
0.732279, 19.9356, 0.4031, 0.4, -0.00518526, 0.935618, 0.902382, 0.927378, 0.913067
0.732329, 19.9309, 0.403021, 0.4, -0.00518526, 0.935617, 0.902378, 0.927373, 0.913063
0.732379, 19.9263, 0.402943, 0.4, -0.00518527, 0.935615, 0.902375, 0.927369, 0.913058
0.732429, 19.9216, 0.402864, 0.4, -0.00518527, 0.935614, 0.902371, 0.927364, 0.913054
0.732479, 19.9169, 0.402785, 0.4, -0.00518528, 0.935613, 0.902367, 0.927359, 0.913049
0.732529, 19.9123, 0.402707, 0.4, -0.00518528, 0.935611, 0.902363, 0.927355, 0.913045
0.732579, 19.9076, 0.402628, 0.4, -0.00518528, 0.93561, 0.902359, 0.92735, 0.91304
0.732629, 19.9029, 0.40255, 0.4, -0.00518529, 0.935609, 0.902356, 0.927346, 0.913036
0.732679, 19.8983, 0.402471, 0.4, -0.00518529, 0.935607, 0.902352, 0.927341, 0.913031
0.732729, 19.8936, 0.402393, 0.4, -0.00518529, 0.935606, 0.902348, 0.927336, 0.913027
0.732779, 19.8889, 0.402314, 0.4, -0.00518529, 0.935605, 0.902344, 0.927332, 0.913022
0.732829, 19.8843, 0.402236, 0.4, -0.00518529, 0.935604, 0.902341, 0.927327, 0.913018
0.732879, 19.8796, 0.402157, 0.4, -0.0051853, 0.935602, 0.902337, 0.927323, 0.913013
0.732929, 19.8749, 0.402079, 0.4, -0.0051853, 0.935601, 0.902333, 0.927318, 0.913009
0.732979, 19.8703, 0.402, 0.4, -0.0051853, 0.9356, 0.902329, 0.927313, 0.913004
0.733029, 19.8656, 0.401922, 0.4, -0.00518529, 0.935598, 0.902325, 0.927309, 0.913
0.733079, 19.8609, 0.401843, 0.4, -0.00518529, 0.935597, 0.902322, 0.927304, 0.912995
0.733129, 19.8563, 0.401765, 0.4, -0.00518529, 0.935596, 0.902318, 0.9273, 0.912991
0.733179, 19.8516, 0.401686, 0.4, -0.00518529, 0.935594, 0.902314, 0.927295, 0.912986
0.733229, 19.8469, 0.401608, 0.4, -0.00518529, 0.935593, 0.90231, 0.92729, 0.912982
0.733279, 19.8423, 0.40153, 0.4, -0.00518528, 0.935592, 0.902306, 0.927286, 0.912977
0.733329, 19.8376, 0.401451, 0.4, -0.00518528, 0.93559, 0.902303, 0.927281, 0.912973
0.733379, 19.8329, 0.401373, 0.4, -0.00518528, 0.935589, 0.902299, 0.927276, 0.912968
0.733429, 19.8283, 0.401294, 0.4, -0.00518527, 0.935588, 0.902295, 0.927272, 0.912964
0.733479, 19.8236, 0.401216, 0.4, -0.00518527, 0.935586, 0.902291, 0.927267, 0.912959
0.73353, 19.8189, 0.401137, 0.4, -0.00518526, 0.935585, 0.902287, 0.927263, 0.912955
0.73358, 19.8143, 0.401059, 0.4, -0.00518526, 0.935584, 0.902283, 0.927258, 0.91295
0.73363, 19.8096, 0.400981, 0.4, -0.00518525, 0.935582, 0.90228, 0.927253, 0.912946
0.73368, 19.8049, 0.400902, 0.4, -0.00518524, 0.935581, 0.902276, 0.927249, 0.912941
0.73373, 19.8003, 0.400824, 0.4, -0.00518524, 0.93558, 0.902272, 0.927244, 0.912937
0.73378, 19.7956, 0.400745, 0.4, -0.00518523, 0.935578, 0.902268, 0.927239, 0.912932
0.73383, 19.7909, 0.400667, 0.4, -0.00518522, 0.935577, 0.902264, 0.927235, 0.912928
0.73388, 19.7863, 0.400589, 0.4, -0.00518521, 0.935576, 0.90226, 0.92723, 0.912923
0.73393, 19.7816, 0.40051, 0.4, -0.0051852, 0.935574, 0.902257, 0.927225, 0.912918
0.73398, 19.7769, 0.400432, 0.4, -0.00518519, 0.935573, 0.902253, 0.927221, 0.912914
0.73403, 19.7723, 0.400354, 0.4, -0.00518518, 0.935572, 0.902249, 0.927216, 0.912909
0.73408, 19.7676, 0.400275, 0.4, -0.00518517, 0.93557, 0.902245, 0.927211, 0.912905
0.73413, 19.7629, 0.400197, 0.4, -0.00518516, 0.935569, 0.902241, 0.927207, 0.9129
0.73418, 19.7583, 0.400119, 0.4, -0.00518515, 0.935568, 0.902237, 0.927202, 0.912896
0.73423, 19.7536, 0.40004, 0.4, -0.00518514, 0.935566, 0.902234, 0.927198, 0.912891
0.73428, 19.7489, 0.399962, 0.4, -0.00518513, 0.935565, 0.90223, 0.927193, 0.912887
0.73433, 19.7443, 0.399883, 0.4, -0.00518511, 0.935564, 0.902226, 0.927188, 0.912882
0.73438, 19.7396, 0.399805, 0.4, -0.0051851, 0.935562, 0.902222, 0.927184, 0.912878
0.73443, 19.7349, 0.399727, 0.4, -0.00518509, 0.935561, 0.902218, 0.927179, 0.912873
0.73448, 19.7303, 0.399649, 0.4, -0.00518507, 0.935559, 0.902215, 0.927174, 0.912869
0.73453, 19.7256, 0.39957, 0.4, -0.00518506, 0.935558, 0.902211, 0.92717, 0.912864
0.73458, 19.7209, 0.399492, 0.4, -0.00518504, 0.935557, 0.902207, 0.927165, 0.91286
0.73463, 19.7163, 0.399414, 0.4, -0.00518503, 0.935555, 0.902203, 0.92716, 0.912855
0.73468, 19.7116, 0.399336, 0.4, -0.00518501, 0.935554, 0.902199, 0.927156, 0.91285
0.73473, 19.7069, 0.399257, 0.4, -0.00518499, 0.935553, 0.902195, 0.927151, 0.912846
0.73478, 19.7023, 0.399179, 0.4, -0.00518498, 0.935551, 0.902192, 0.927146, 0.912841
0.73483, 19.6976, 0.399101, 0.4, -0.00518496, 0.93555, 0.902188, 0.927142, 0.912837
0.73488, 19.6929, 0.399022, 0.4, -0.00518494, 0.935549, 0.902184, 0.927137, 0.912832
0.73493, 19.6883, 0.398944, 0.4, -0.00518493, 0.935547, 0.90218, 0.927132, 0.912828
0.73498, 19.6836, 0.398866, 0.4, -0.00518491, 0.935546, 0.902176, 0.927128, 0.912823
0.73503, 19.6789, 0.398788, 0.4, -0.00518489, 0.935545, 0.902172, 0.927123, 0.912819
0.73508, 19.6743, 0.39871, 0.4, -0.00518487, 0.935543, 0.902168, 0.927118, 0.912814
0.73513, 19.6696, 0.398632, 0.4, -0.00518485, 0.935542, 0.902165, 0.927114, 0.91281
0.73518, 19.6649, 0.398553, 0.4, -0.00518483, 0.93554, 0.902161, 0.927109, 0.912805
0.73523, 19.6603, 0.398475, 0.4, -0.00518481, 0.935539, 0.902157, 0.927105, 0.9128
0.73528, 19.6556, 0.398397, 0.4, -0.00518479, 0.935538, 0.902153, 0.9271, 0.912796
0.73533, 19.6509, 0.398319, 0.4, -0.00518477, 0.935536, 0.902149, 0.927095, 0.912791
0.73538, 19.6463, 0.398241, 0.4, -0.00518474, 0.935535, 0.902145, 0.927091, 0.912787
0.73543, 19.6416, 0.398162, 0.4, -0.00518472, 0.935533, 0.902141, 0.927086, 0.912782
0.73548, 19.6369, 0.398084, 0.4, -0.0051847, 0.935532, 0.902138, 0.927081, 0.912778
0.73553, 19.6323, 0.398006, 0.4, -0.00518467, 0.935531, 0.902134, 0.927077, 0.912773
0.73558, 19.6276, 0.397928, 0.4, -0.00518465, 0.935529, 0.90213, 0.927072, 0.912769
0.73563, 19.6229, 0.39785, 0.4, -0.00518463, 0.935528, 0.902126, 0.927067, 0.912764
0.73568, 19.6183, 0.397772, 0.4, -0.0051846, 0.935526, 0.902122, 0.927063, 0.912759
0.73573, 19.6136, 0.397694, 0.4, -0.00518458, 0.935525, 0.902118, 0.927058, 0.912755
0.73578, 19.6089, 0.397615, 0.4, -0.00518455, 0.935524, 0.902114, 0.927053, 0.91275
0.73583, 19.6043, 0.397537, 0.4, -0.00518452, 0.935522, 0.90211, 0.927049, 0.912746
0.73588, 19.5996, 0.397459, 0.4, -0.0051845, 0.935521, 0.902107, 0.927044, 0.912741
0.73593, 19.5949, 0.397381, 0.4, -0.00518447, 0.935519, 0.902103, 0.927039, 0.912737
0.73598, 19.5903, 0.397303, 0.4, -0.00518444, 0.935518, 0.902099, 0.927035, 0.912732
0.73603, 19.5856, 0.397225, 0.4, -0.00518441, 0.935517, 0.902095, 0.92703, 0.912727
0.73608, 19.5809, 0.397147, 0.4, -0.00518438, 0.935515, 0.902091, 0.927025, 0.912723
0.73613, 19.5763, 0.397069, 0.4, -0.00518436, 0.935514, 0.902087, 0.92702, 0.912718
0.73618, 19.5716, 0.396991, 0.4, -0.00518433, 0.935512, 0.902083, 0.927016, 0.912714
0.73623, 19.5669, 0.396912, 0.4, -0.0051843, 0.935511, 0.902079, 0.927011, 0.912709
0.73628, 19.5623, 0.396834, 0.4, -0.00518427, 0.93551, 0.902075, 0.927006, 0.912705
0.73633, 19.5576, 0.396756, 0.4, -0.00518423, 0.935508, 0.902072, 0.927002, 0.9127
0.73638, 19.5529, 0.396678, 0.4, -0.0051842, 0.935507, 0.902068, 0.926997, 0.912695
0.73643, 19.5483, 0.3966, 0.4, -0.00518417, 0.935505, 0.902064, 0.926992, 0.912691
0.73648, 19.5436, 0.396522, 0.4, -0.00518414, 0.935504, 0.90206, 0.926988, 0.912686
0.73653, 19.5389, 0.396445, 0.4, -0.00518411, 0.935503, 0.902056, 0.926983, 0.912682
0.73658, 19.5343, 0.396367, 0.4, -0.00518407, 0.935501, 0.902052, 0.926978, 0.912677
0.73663, 19.5296, 0.396289, 0.4, -0.00518404, 0.9355, 0.902048, 0.926974, 0.912673
0.73668, 19.5249, 0.396211, 0.4, -0.00518401, 0.935498, 0.902044, 0.926969, 0.912668
0.73673, 19.5203, 0.396133, 0.4, -0.00518397, 0.935497, 0.902041, 0.926964, 0.912663
0.73678, 19.5156, 0.396055, 0.4, -0.00518394, 0.935496, 0.902037, 0.92696, 0.912659
0.73683, 19.5109, 0.395977, 0.4, -0.0051839, 0.935494, 0.902033, 0.926955, 0.912654
0.73688, 19.5063, 0.395899, 0.4, -0.00518386, 0.935493, 0.902029, 0.92695, 0.91265
0.73693, 19.5016, 0.395821, 0.4, -0.00518383, 0.935491, 0.902025, 0.926946, 0.912645
0.73698, 19.4969, 0.395743, 0.4, -0.00518379, 0.93549, 0.902021, 0.926941, 0.912641
0.73703, 19.4923, 0.395665, 0.4, -0.00518375, 0.935488, 0.902017, 0.926936, 0.912636
0.73708, 19.4876, 0.395587, 0.4, -0.00518371, 0.935487, 0.902013, 0.926932, 0.912632
0.73713, 19.483, 0.395509, 0.4, -0.00518368, 0.935486, 0.902009, 0.926927, 0.912627
0.73718, 19.4783, 0.395432, 0.4, -0.00518364, 0.935484, 0.902006, 0.926922, 0.912622
0.73723, 19.4736, 0.395354, 0.4, -0.0051836, 0.935483, 0.902002, 0.926918, 0.912618
0.73728, 19.469, 0.395276, 0.4, -0.00518356, 0.935481, 0.901998, 0.926913, 0.912613
0.73733, 19.4643, 0.395198, 0.4, -0.00518352, 0.93548, 0.901994, 0.926908, 0.912609
0.73738, 19.4596, 0.39512, 0.4, -0.00518348, 0.935478, 0.90199, 0.926903, 0.912604
0.73743, 19.455, 0.395042, 0.4, -0.00518344, 0.935477, 0.901986, 0.926899, 0.912599
0.73748, 19.4503, 0.394964, 0.4, -0.0051834, 0.935476, 0.901982, 0.926894, 0.912595
0.73753, 19.4456, 0.394886, 0.4, -0.00518336, 0.935474, 0.901978, 0.926889, 0.91259
0.73758, 19.441, 0.394809, 0.4, -0.00518331, 0.935473, 0.901974, 0.926885, 0.912586
0.73763, 19.4363, 0.394731, 0.4, -0.00518327, 0.935471, 0.90197, 0.92688, 0.912581
0.73768, 19.4316, 0.394653, 0.4, -0.00518323, 0.93547, 0.901967, 0.926875, 0.912576
0.73773, 19.427, 0.394575, 0.4, -0.00518318, 0.935468, 0.901963, 0.926871, 0.912572
0.73778, 19.4223, 0.394497, 0.4, -0.00518314, 0.935467, 0.901959, 0.926866, 0.912567
0.73783, 19.4176, 0.394419, 0.4, -0.0051831, 0.935466, 0.901955, 0.926861, 0.912563
0.73788, 19.413, 0.394342, 0.4, -0.00518305, 0.935464, 0.901951, 0.926856, 0.912558
0.73793, 19.4083, 0.394264, 0.4, -0.00518301, 0.935463, 0.901947, 0.926852, 0.912553
0.73798, 19.4036, 0.394186, 0.4, -0.00518296, 0.935461, 0.901943, 0.926847, 0.912549
0.73803, 19.399, 0.394108, 0.4, -0.00518291, 0.93546, 0.901939, 0.926842, 0.912544
0.73808, 19.3943, 0.39403, 0.4, -0.00518287, 0.935458, 0.901935, 0.926838, 0.912539
0.73813, 19.3897, 0.393953, 0.4, -0.00518282, 0.935457, 0.901931, 0.926833, 0.912535
0.73818, 19.385, 0.393875, 0.4, -0.00518277, 0.935455, 0.901927, 0.926828, 0.91253
0.73823, 19.3803, 0.393797, 0.4, -0.00518272, 0.935454, 0.901923, 0.926823, 0.912526
0.73828, 19.3757, 0.393719, 0.4, -0.00518268, 0.935452, 0.901919, 0.926819, 0.912521
0.73833, 19.371, 0.393642, 0.4, -0.00518263, 0.935451, 0.901915, 0.926814, 0.912516
0.73838, 19.3663, 0.393564, 0.4, -0.00518258, 0.935449, 0.901912, 0.926809, 0.912512
0.73843, 19.3617, 0.393486, 0.4, -0.00518253, 0.935448, 0.901908, 0.926805, 0.912507
0.73848, 19.357, 0.393408, 0.4, -0.00518248, 0.935447, 0.901904, 0.9268, 0.912503
0.73853, 19.3523, 0.393331, 0.4, -0.00518243, 0.935445, 0.9019, 0.926795, 0.912498
0.73858, 19.3477, 0.393253, 0.4, -0.00518237, 0.935444, 0.901896, 0.926791, 0.912493
0.73863, 19.343, 0.393175, 0.4, -0.00518232, 0.935442, 0.901892, 0.926786, 0.912489
0.73868, 19.3383, 0.393098, 0.4, -0.00518227, 0.935441, 0.901888, 0.926781, 0.912484
0.73873, 19.3337, 0.39302, 0.4, -0.00518222, 0.935439, 0.901884, 0.926776, 0.91248
0.73878, 19.329, 0.392942, 0.4, -0.00518216, 0.935438, 0.90188, 0.926772, 0.912475
0.73883, 19.3243, 0.392865, 0.4, -0.00518211, 0.935436, 0.901876, 0.926767, 0.91247
0.73888, 19.3197, 0.392787, 0.4, -0.00518205, 0.935435, 0.901872, 0.926762, 0.912466
0.73893, 19.315, 0.39271, 0.4, -0.005182, 0.935433, 0.901868, 0.926758, 0.912461
0.73898, 19.3104, 0.392632, 0.4, -0.00518194, 0.935432, 0.901864, 0.926753, 0.912457
0.73903, 19.3057, 0.392554, 0.4, -0.00518189, 0.93543, 0.901861, 0.926748, 0.912452
0.73908, 19.301, 0.392477, 0.4, -0.00518183, 0.935429, 0.901857, 0.926743, 0.912447
0.73913, 19.2964, 0.392399, 0.4, -0.00518178, 0.935427, 0.901853, 0.926739, 0.912443
0.73918, 19.2917, 0.392321, 0.4, -0.00518172, 0.935426, 0.901849, 0.926734, 0.912438
0.73923, 19.287, 0.392244, 0.4, -0.00518166, 0.935425, 0.901845, 0.926729, 0.912433
0.73928, 19.2824, 0.392166, 0.4, -0.00518161, 0.935423, 0.901841, 0.926725, 0.912429
0.73933, 19.2777, 0.392089, 0.4, -0.00518155, 0.935422, 0.901837, 0.92672, 0.912424
0.73938, 19.2731, 0.392011, 0.4, -0.00518149, 0.93542, 0.901833, 0.926715, 0.91242
0.73943, 19.2684, 0.391934, 0.4, -0.00518143, 0.935419, 0.901829, 0.92671, 0.912415
0.73948, 19.2637, 0.391856, 0.4, -0.00518137, 0.935417, 0.901825, 0.926706, 0.91241
0.739531, 19.2591, 0.391779, 0.4, -0.00518131, 0.935416, 0.901821, 0.926701, 0.912406
0.739581, 19.2544, 0.391701, 0.4, -0.00518125, 0.935414, 0.901817, 0.926696, 0.912401
0.739631, 19.2497, 0.391623, 0.4, -0.00518119, 0.935413, 0.901813, 0.926692, 0.912396
0.739681, 19.2451, 0.391546, 0.4, -0.00518113, 0.935411, 0.901809, 0.926687, 0.912392
0.739731, 19.2404, 0.391468, 0.4, -0.00518107, 0.93541, 0.901805, 0.926682, 0.912387
0.739781, 19.2357, 0.391391, 0.4, -0.005181, 0.935408, 0.901801, 0.926677, 0.912382
0.739831, 19.2311, 0.391313, 0.4, -0.00518094, 0.935406, 0.901797, 0.926673, 0.912378
0.739881, 19.2264, 0.391236, 0.4, -0.00518088, 0.935405, 0.901793, 0.926668, 0.912373
0.739931, 19.2218, 0.391158, 0.4, -0.00518082, 0.935404, 0.901789, 0.926663, 0.912369
0.739981, 19.2171, 0.391081, 0.4, -0.00518075, 0.935402, 0.901785, 0.926658, 0.912364
0.740031, 19.2124, 0.391003, 0.4, -0.00518069, 0.9354, 0.901781, 0.926654, 0.912359
0.740081, 19.2078, 0.390926, 0.4, -0.00518062, 0.935399, 0.901777, 0.926649, 0.912355
0.740131, 19.2031, 0.390848, 0.4, -0.00518056, 0.935398, 0.901773, 0.926644, 0.91235
0.740181, 19.1984, 0.390771, 0.4, -0.00518049, 0.935396, 0.901769, 0.926639, 0.912345
0.740231, 19.1938, 0.390693, 0.4, -0.00518042, 0.935394, 0.901765, 0.926635, 0.912341
0.740281, 19.1891, 0.390616, 0.4, -0.00518036, 0.935393, 0.901761, 0.92663, 0.912336
0.740331, 19.1845, 0.390538, 0.4, -0.00518029, 0.935391, 0.901757, 0.926625, 0.912331
0.740381, 19.1798, 0.390461, 0.4, -0.00518022, 0.93539, 0.901753, 0.92662, 0.912327
0.740431, 19.1751, 0.390384, 0.4, -0.00518015, 0.935388, 0.901749, 0.926616, 0.912322
0.740481, 19.1705, 0.390306, 0.4, -0.00518009, 0.935387, 0.901745, 0.926611, 0.912317
0.740531, 19.1658, 0.390229, 0.4, -0.00518002, 0.935385, 0.901742, 0.926606, 0.912313
0.740581, 19.1611, 0.390151, 0.4, -0.00517995, 0.935384, 0.901738, 0.926601, 0.912308
0.740631, 19.1565, 0.390074, 0.4, -0.00517988, 0.935382, 0.901734, 0.926597, 0.912303
0.740681, 19.1518, 0.389997, 0.4, -0.00517981, 0.935381, 0.90173, 0.926592, 0.912299
0.740731, 19.1472, 0.389919, 0.4, -0.00517974, 0.935379, 0.901726, 0.926587, 0.912294
0.740781, 19.1425, 0.389842, 0.4, -0.00517966, 0.935378, 0.901722, 0.926582, 0.912289
0.740831, 19.1378, 0.389765, 0.4, -0.00517959, 0.935376, 0.901718, 0.926578, 0.912285
0.740881, 19.1332, 0.389687, 0.4, -0.00517952, 0.935375, 0.901714, 0.926573, 0.91228
0.740931, 19.1285, 0.38961, 0.4, -0.00517945, 0.935373, 0.90171, 0.926568, 0.912275
0.740981, 19.1239, 0.389533, 0.4, -0.00517937, 0.935372, 0.901706, 0.926563, 0.912271
0.741031, 19.1192, 0.389455, 0.4, -0.0051793, 0.93537, 0.901702, 0.926559, 0.912266
0.741081, 19.1145, 0.389378, 0.4, -0.00517923, 0.935369, 0.901698, 0.926554, 0.912262
0.741131, 19.1099, 0.389301, 0.4, -0.00517915, 0.935367, 0.901694, 0.926549, 0.912257
0.741181, 19.1052, 0.389223, 0.4, -0.00517908, 0.935365, 0.90169, 0.926544, 0.912252
0.741231, 19.1005, 0.389146, 0.4, -0.005179, 0.935364, 0.901686, 0.92654, 0.912247
0.741281, 19.0959, 0.389069, 0.4, -0.00517893, 0.935362, 0.901682, 0.926535, 0.912243
0.741331, 19.0912, 0.388991, 0.4, -0.00517885, 0.935361, 0.901678, 0.92653, 0.912238
0.741381, 19.0866, 0.388914, 0.4, -0.00517877, 0.935359, 0.901674, 0.926525, 0.912234
0.741431, 19.0819, 0.388837, 0.4, -0.0051787, 0.935358, 0.90167, 0.926521, 0.912229
0.741481, 19.0772, 0.38876, 0.4, -0.00517862, 0.935356, 0.901666, 0.926516, 0.912224
0.741531, 19.0726, 0.388683, 0.4, -0.00517854, 0.935355, 0.901662, 0.926511, 0.91222
0.741581, 19.0679, 0.388605, 0.4, -0.00517846, 0.935353, 0.901658, 0.926506, 0.912215
0.741631, 19.0633, 0.388528, 0.4, -0.00517838, 0.935352, 0.901654, 0.926502, 0.91221
0.741681, 19.0586, 0.388451, 0.4, -0.00517831, 0.93535, 0.90165, 0.926497, 0.912206
0.741731, 19.0539, 0.388374, 0.4, -0.00517823, 0.935349, 0.901646, 0.926492, 0.912201
0.741781, 19.0493, 0.388297, 0.4, -0.00517815, 0.935347, 0.901642, 0.926487, 0.912196
0.741831, 19.0446, 0.388219, 0.4, -0.00517806, 0.935345, 0.901638, 0.926483, 0.912192
0.741881, 19.04, 0.388142, 0.4, -0.00517798, 0.935344, 0.901634, 0.926478, 0.912187
0.741931, 19.0353, 0.388065, 0.4, -0.0051779, 0.935342, 0.90163, 0.926473, 0.912182
0.741981, 19.0306, 0.387988, 0.4, -0.00517782, 0.935341, 0.901626, 0.926468, 0.912177
0.742031, 19.026, 0.387911, 0.4, -0.00517774, 0.935339, 0.901622, 0.926464, 0.912173
0.742081, 19.0213, 0.387833, 0.4, -0.00517765, 0.935338, 0.901618, 0.926459, 0.912168
0.742131, 19.0167, 0.387756, 0.4, -0.00517757, 0.935336, 0.901614, 0.926454, 0.912163
0.742181, 19.012, 0.387679, 0.4, -0.00517749, 0.935335, 0.90161, 0.926449, 0.912159
0.742231, 19.0073, 0.387602, 0.4, -0.0051774, 0.935333, 0.901606, 0.926445, 0.912154
0.742281, 19.0027, 0.387525, 0.4, -0.00517732, 0.935331, 0.901602, 0.92644, 0.912149
0.742331, 18.998, 0.387448, 0.4, -0.00517723, 0.93533, 0.901598, 0.926435, 0.912145
0.742381, 18.9934, 0.387371, 0.4, -0.00517714, 0.935328, 0.901594, 0.92643, 0.91214
0.742431, 18.9887, 0.387293, 0.4, -0.00517706, 0.935327, 0.90159, 0.926425, 0.912135
0.742481, 18.984, 0.387216, 0.4, -0.00517697, 0.935325, 0.901586, 0.926421, 0.912131
0.742531, 18.9794, 0.387139, 0.4, -0.00517689, 0.935324, 0.901582, 0.926416, 0.912126
0.742581, 18.9747, 0.387062, 0.4, -0.0051768, 0.935322, 0.901578, 0.926411, 0.912121
0.742631, 18.9701, 0.386985, 0.4, -0.00517671, 0.93532, 0.901574, 0.926406, 0.912117
0.742681, 18.9654, 0.386908, 0.4, -0.00517662, 0.935319, 0.901569, 0.926401, 0.912112
0.742731, 18.9607, 0.386831, 0.4, -0.00517653, 0.935317, 0.901565, 0.926397, 0.912107
0.742781, 18.9561, 0.386754, 0.4, -0.00517644, 0.935316, 0.901561, 0.926392, 0.912102
0.742831, 18.9514, 0.386677, 0.4, -0.00517635, 0.935314, 0.901557, 0.926387, 0.912098
0.742881, 18.9468, 0.3866, 0.4, -0.00517626, 0.935312, 0.901553, 0.926382, 0.912093
0.742931, 18.9421, 0.386523, 0.4, -0.00517617, 0.935311, 0.901549, 0.926378, 0.912088
0.742981, 18.9375, 0.386446, 0.4, -0.00517608, 0.935309, 0.901545, 0.926373, 0.912084
0.743031, 18.9328, 0.386369, 0.4, -0.00517599, 0.935308, 0.901541, 0.926368, 0.912079
0.743081, 18.9281, 0.386292, 0.4, -0.0051759, 0.935306, 0.901537, 0.926363, 0.912074
0.743131, 18.9235, 0.386215, 0.4, -0.00517581, 0.935305, 0.901533, 0.926359, 0.91207
0.743181, 18.9188, 0.386138, 0.4, -0.00517571, 0.935303, 0.901529, 0.926354, 0.912065
0.743231, 18.9142, 0.386061, 0.4, -0.00517562, 0.935301, 0.901525, 0.926349, 0.91206
0.743281, 18.9095, 0.385984, 0.4, -0.00517553, 0.9353, 0.901521, 0.926344, 0.912055
0.743331, 18.9048, 0.385907, 0.4, -0.00517543, 0.935298, 0.901517, 0.926339, 0.912051
0.743381, 18.9002, 0.38583, 0.4, -0.00517534, 0.935297, 0.901513, 0.926335, 0.912046
0.743431, 18.8955, 0.385753, 0.4, -0.00517524, 0.935295, 0.901509, 0.92633, 0.912041
0.743481, 18.8909, 0.385676, 0.4, -0.00517515, 0.935293, 0.901505, 0.926325, 0.912037
0.743531, 18.8862, 0.385599, 0.4, -0.00517505, 0.935292, 0.901501, 0.92632, 0.912032
0.743581, 18.8816, 0.385522, 0.4, -0.00517495, 0.93529, 0.901497, 0.926316, 0.912027
0.743631, 18.8769, 0.385445, 0.4, -0.00517486, 0.935289, 0.901493, 0.926311, 0.912023
0.743681, 18.8722, 0.385368, 0.4, -0.00517476, 0.935287, 0.901489, 0.926306, 0.912018
0.743731, 18.8676, 0.385292, 0.4, -0.00517466, 0.935285, 0.901485, 0.926301, 0.912013
0.743781, 18.8629, 0.385215, 0.4, -0.00517456, 0.935284, 0.901481, 0.926296, 0.912008
0.743831, 18.8583, 0.385138, 0.4, -0.00517446, 0.935282, 0.901477, 0.926292, 0.912004
0.743881, 18.8536, 0.385061, 0.4, -0.00517436, 0.935281, 0.901473, 0.926287, 0.911999
0.743931, 18.849, 0.384984, 0.4, -0.00517427, 0.935279, 0.901469, 0.926282, 0.911994
0.743981, 18.8443, 0.384907, 0.4, -0.00517417, 0.935277, 0.901465, 0.926277, 0.91199
0.744031, 18.8396, 0.38483, 0.4, -0.00517407, 0.935276, 0.90146, 0.926272, 0.911985
0.744081, 18.835, 0.384754, 0.4, -0.00517396, 0.935274, 0.901456, 0.926268, 0.91198
0.744131, 18.8303, 0.384677, 0.4, -0.00517386, 0.935273, 0.901452, 0.926263, 0.911975
0.744181, 18.8257, 0.3846, 0.4, -0.00517376, 0.935271, 0.901448, 0.926258, 0.911971
0.744231, 18.821, 0.384523, 0.4, -0.00517366, 0.935269, 0.901444, 0.926253, 0.911966
0.744281, 18.8164, 0.384447, 0.4, -0.00517356, 0.935268, 0.90144, 0.926248, 0.911961
0.744331, 18.8117, 0.38437, 0.4, -0.00517345, 0.935266, 0.901436, 0.926244, 0.911956
0.744381, 18.8071, 0.384293, 0.4, -0.00517335, 0.935264, 0.901432, 0.926239, 0.911952
0.744431, 18.8024, 0.384216, 0.4, -0.00517325, 0.935263, 0.901428, 0.926234, 0.911947
0.744481, 18.7977, 0.384139, 0.4, -0.00517314, 0.935261, 0.901424, 0.926229, 0.911942
0.744531, 18.7931, 0.384062, 0.4, -0.00517304, 0.93526, 0.90142, 0.926224, 0.911938
0.744581, 18.7884, 0.383986, 0.4, -0.00517293, 0.935258, 0.901416, 0.92622, 0.911933
0.744631, 18.7838, 0.383909, 0.4, -0.00517282, 0.935256, 0.901412, 0.926215, 0.911928
0.744681, 18.7791, 0.383832, 0.4, -0.00517272, 0.935255, 0.901408, 0.92621, 0.911923
0.744731, 18.7745, 0.383755, 0.4, -0.00517261, 0.935253, 0.901403, 0.926205, 0.911919
0.744781, 18.7698, 0.383679, 0.4, -0.0051725, 0.935251, 0.901399, 0.9262, 0.911914
0.744831, 18.7651, 0.383602, 0.4, -0.0051724, 0.93525, 0.901395, 0.926195, 0.911909
0.744881, 18.7605, 0.383525, 0.4, -0.00517229, 0.935248, 0.901391, 0.926191, 0.911904
0.744931, 18.7558, 0.383449, 0.4, -0.00517218, 0.935246, 0.901387, 0.926186, 0.9119
0.744981, 18.7512, 0.383372, 0.4, -0.00517207, 0.935245, 0.901383, 0.926181, 0.911895
0.745031, 18.7465, 0.383295, 0.4, -0.00517196, 0.935243, 0.901379, 0.926176, 0.91189
0.745081, 18.7419, 0.383218, 0.4, -0.00517185, 0.935241, 0.901375, 0.926171, 0.911885
0.745131, 18.7372, 0.383142, 0.4, -0.00517174, 0.93524, 0.901371, 0.926167, 0.911881
0.745181, 18.7326, 0.383065, 0.4, -0.00517163, 0.935238, 0.901367, 0.926162, 0.911876
0.745231, 18.7279, 0.382988, 0.4, -0.00517152, 0.935236, 0.901363, 0.926157, 0.911871
0.745281, 18.7233, 0.382912, 0.4, -0.00517141, 0.935235, 0.901359, 0.926152, 0.911866
0.745331, 18.7186, 0.382835, 0.4, -0.00517129, 0.935233, 0.901355, 0.926147, 0.911862
0.745381, 18.7139, 0.382758, 0.4, -0.00517118, 0.935232, 0.90135, 0.926143, 0.911857
0.745431, 18.7093, 0.382682, 0.4, -0.00517107, 0.93523, 0.901346, 0.926138, 0.911852
0.745481, 18.7046, 0.382605, 0.4, -0.00517095, 0.935228, 0.901342, 0.926133, 0.911847
0.745531, 18.7, 0.382529, 0.4, -0.00517084, 0.935227, 0.901338, 0.926128, 0.911843
0.745582, 18.6953, 0.382452, 0.4, -0.00517073, 0.935225, 0.901334, 0.926123, 0.911838
0.745632, 18.6907, 0.382375, 0.4, -0.00517061, 0.935223, 0.90133, 0.926118, 0.911833
0.745682, 18.686, 0.382299, 0.4, -0.0051705, 0.935222, 0.901326, 0.926114, 0.911829
0.745732, 18.6814, 0.382222, 0.4, -0.00517038, 0.93522, 0.901322, 0.926109, 0.911824
0.745782, 18.6767, 0.382146, 0.4, -0.00517026, 0.935218, 0.901318, 0.926104, 0.911819
0.745832, 18.6721, 0.382069, 0.4, -0.00517015, 0.935217, 0.901314, 0.926099, 0.911814
0.745882, 18.6674, 0.381993, 0.4, -0.00517003, 0.935215, 0.90131, 0.926094, 0.91181
0.745932, 18.6628, 0.381916, 0.4, -0.00516991, 0.935213, 0.901305, 0.92609, 0.911805
0.745982, 18.6581, 0.38184, 0.4, -0.0051698, 0.935212, 0.901301, 0.926085, 0.9118
0.746032, 18.6535, 0.381763, 0.4, -0.00516968, 0.93521, 0.901297, 0.92608, 0.911795
0.746082, 18.6488, 0.381687, 0.4, -0.00516956, 0.935208, 0.901293, 0.926075, 0.911791
0.746132, 18.6441, 0.38161, 0.4, -0.00516944, 0.935207, 0.901289, 0.92607, 0.911786
0.746182, 18.6395, 0.381534, 0.4, -0.00516932, 0.935205, 0.901285, 0.926066, 0.911781
0.746232, 18.6348, 0.381457, 0.4, -0.0051692, 0.935203, 0.901281, 0.926061, 0.911776
0.746282, 18.6302, 0.381381, 0.4, -0.00516908, 0.935202, 0.901277, 0.926056, 0.911772
0.746332, 18.6255, 0.381304, 0.4, -0.00516896, 0.9352, 0.901273, 0.926051, 0.911767
0.746382, 18.6209, 0.381228, 0.4, -0.00516883, 0.935198, 0.901269, 0.926046, 0.911762
0.746432, 18.6162, 0.381152, 0.4, -0.00516871, 0.935197, 0.901265, 0.926041, 0.911757
0.746482, 18.6116, 0.381075, 0.4, -0.00516859, 0.935195, 0.90126, 0.926037, 0.911753
0.746532, 18.6069, 0.380999, 0.4, -0.00516847, 0.935193, 0.901256, 0.926032, 0.911748
0.746582, 18.6023, 0.380922, 0.4, -0.00516834, 0.935192, 0.901252, 0.926027, 0.911743
0.746632, 18.5976, 0.380846, 0.4, -0.00516822, 0.93519, 0.901248, 0.926022, 0.911738
0.746682, 18.593, 0.380769, 0.4, -0.0051681, 0.935188, 0.901244, 0.926017, 0.911733
0.746732, 18.5883, 0.380693, 0.4, -0.00516797, 0.935187, 0.90124, 0.926012, 0.911729
0.746782, 18.5837, 0.380617, 0.4, -0.00516785, 0.935185, 0.901236, 0.926008, 0.911724
0.746832, 18.579, 0.38054, 0.4, -0.00516772, 0.935183, 0.901232, 0.926003, 0.911719
0.746882, 18.5744, 0.380464, 0.4, -0.0051676, 0.935182, 0.901228, 0.925998, 0.911714
0.746932, 18.5697, 0.380387, 0.4, -0.00516747, 0.93518, 0.901223, 0.925993, 0.91171
0.746982, 18.5651, 0.380311, 0.4, -0.00516734, 0.935178, 0.901219, 0.925988, 0.911705
0.747032, 18.5604, 0.380235, 0.4, -0.00516721, 0.935177, 0.901215, 0.925983, 0.9117
0.747082, 18.5558, 0.380158, 0.4, -0.00516709, 0.935175, 0.901211, 0.925979, 0.911695
0.747132, 18.5511, 0.380082, 0.4, -0.00516696, 0.935173, 0.901207, 0.925974, 0.911691
0.747182, 18.5465, 0.380006, 0.4, -0.00516683, 0.935172, 0.901203, 0.925969, 0.911686
0.747232, 18.5418, 0.379929, 0.4, -0.0051667, 0.93517, 0.901199, 0.925964, 0.911681
0.747282, 18.5372, 0.379853, 0.4, -0.00516657, 0.935168, 0.901195, 0.925959, 0.911676
0.747332, 18.5325, 0.379777, 0.4, -0.00516644, 0.935166, 0.90119, 0.925954, 0.911671
0.747382, 18.5279, 0.379701, 0.4, -0.00516631, 0.935165, 0.901186, 0.925949, 0.911667
0.747432, 18.5232, 0.379624, 0.4, -0.00516618, 0.935163, 0.901182, 0.925945, 0.911662
0.747482, 18.5186, 0.379548, 0.4, -0.00516605, 0.935161, 0.901178, 0.92594, 0.911657
0.747532, 18.5139, 0.379472, 0.4, -0.00516592, 0.93516, 0.901174, 0.925935, 0.911652
0.747582, 18.5093, 0.379396, 0.4, -0.00516578, 0.935158, 0.90117, 0.92593, 0.911648
0.747632, 18.5046, 0.379319, 0.4, -0.00516565, 0.935156, 0.901166, 0.925925, 0.911643
0.747682, 18.5, 0.379243, 0.4, -0.00516552, 0.935154, 0.901161, 0.92592, 0.911638
0.747732, 18.4953, 0.379167, 0.4, -0.00516538, 0.935153, 0.901157, 0.925915, 0.911633
0.747782, 18.4907, 0.37909, 0.4, -0.00516525, 0.935151, 0.901153, 0.925911, 0.911628
0.747832, 18.486, 0.379014, 0.4, -0.00516512, 0.935149, 0.901149, 0.925906, 0.911624
0.747882, 18.4814, 0.378938, 0.4, -0.00516498, 0.935148, 0.901145, 0.925901, 0.911619
0.747932, 18.4767, 0.378862, 0.4, -0.00516485, 0.935146, 0.901141, 0.925896, 0.911614
0.747982, 18.4721, 0.378786, 0.4, -0.00516471, 0.935144, 0.901137, 0.925891, 0.911609
0.748032, 18.4674, 0.378709, 0.4, -0.00516457, 0.935142, 0.901132, 0.925886, 0.911604
0.748082, 18.4628, 0.378633, 0.4, -0.00516444, 0.93514, 0.901128, 0.925882, 0.9116
0.748132, 18.4581, 0.378557, 0.4, -0.0051643, 0.935139, 0.901124, 0.925877, 0.911595
0.748182, 18.4535, 0.378481, 0.4, -0.00516416, 0.935137, 0.90112, 0.925872, 0.91159
0.748232, 18.4488, 0.378405, 0.4, -0.00516402, 0.935135, 0.901116, 0.925867, 0.911585
0.748282, 18.4442, 0.378329, 0.4, -0.00516389, 0.935134, 0.901112, 0.925862, 0.91158
0.748332, 18.4395, 0.378253, 0.4, -0.00516375, 0.935132, 0.901107, 0.925857, 0.911576
0.748382, 18.4349, 0.378176, 0.4, -0.00516361, 0.93513, 0.901103, 0.925852, 0.911571
0.748432, 18.4303, 0.3781, 0.4, -0.00516347, 0.935129, 0.901099, 0.925848, 0.911566
0.748482, 18.4256, 0.378024, 0.4, -0.00516333, 0.935127, 0.901095, 0.925843, 0.911561
0.748532, 18.421, 0.377948, 0.4, -0.00516319, 0.935125, 0.901091, 0.925838, 0.911556
0.748582, 18.4163, 0.377872, 0.4, -0.00516305, 0.935123, 0.901087, 0.925833, 0.911552
0.748632, 18.4117, 0.377796, 0.4, -0.0051629, 0.935122, 0.901083, 0.925828, 0.911547
0.748682, 18.407, 0.37772, 0.4, -0.00516276, 0.93512, 0.901078, 0.925823, 0.911542
0.748732, 18.4024, 0.377644, 0.4, -0.00516262, 0.935118, 0.901074, 0.925818, 0.911537
0.748782, 18.3977, 0.377568, 0.4, -0.00516248, 0.935116, 0.90107, 0.925813, 0.911532
0.748832, 18.3931, 0.377492, 0.4, -0.00516233, 0.935115, 0.901066, 0.925809, 0.911528
0.748882, 18.3884, 0.377416, 0.4, -0.00516219, 0.935113, 0.901062, 0.925804, 0.911523
0.748932, 18.3838, 0.37734, 0.4, -0.00516204, 0.935111, 0.901058, 0.925799, 0.911518
0.748982, 18.3791, 0.377264, 0.4, -0.0051619, 0.935109, 0.901053, 0.925794, 0.911513
0.749032, 18.3745, 0.377188, 0.4, -0.00516175, 0.935108, 0.901049, 0.925789, 0.911508
0.749082, 18.3699, 0.377112, 0.4, -0.00516161, 0.935106, 0.901045, 0.925784, 0.911504
0.749132, 18.3652, 0.377036, 0.4, -0.00516146, 0.935104, 0.901041, 0.925779, 0.911499
0.749182, 18.3606, 0.37696, 0.4, -0.00516132, 0.935102, 0.901037, 0.925775, 0.911494
0.749232, 18.3559, 0.376884, 0.4, -0.00516117, 0.935101, 0.901033, 0.92577, 0.911489
0.749282, 18.3513, 0.376808, 0.4, -0.00516102, 0.935099, 0.901028, 0.925765, 0.911484
0.749332, 18.3466, 0.376732, 0.4, -0.00516088, 0.935097, 0.901024, 0.92576, 0.91148
0.749382, 18.342, 0.376656, 0.4, -0.00516073, 0.935095, 0.90102, 0.925755, 0.911475
0.749432, 18.3373, 0.37658, 0.4, -0.00516058, 0.935094, 0.901016, 0.92575, 0.91147
0.749482, 18.3327, 0.376504, 0.4, -0.00516043, 0.935092, 0.901012, 0.925745, 0.911465
0.749532, 18.328, 0.376428, 0.4, -0.00516028, 0.93509, 0.901008, 0.92574, 0.91146
0.749582, 18.3234, 0.376352, 0.4, -0.00516013, 0.935088, 0.901003, 0.925736, 0.911456
0.749632, 18.3188, 0.376276, 0.4, -0.00515998, 0.935087, 0.900999, 0.925731, 0.911451
0.749682, 18.3141, 0.3762, 0.4, -0.00515983, 0.935085, 0.900995, 0.925726, 0.911446
0.749732, 18.3095, 0.376125, 0.4, -0.00515968, 0.935083, 0.900991, 0.925721, 0.911441
0.749782, 18.3048, 0.376049, 0.4, -0.00515952, 0.935081, 0.900987, 0.925716, 0.911436
0.749832, 18.3002, 0.375973, 0.4, -0.00515937, 0.93508, 0.900983, 0.925711, 0.911431
0.749882, 18.2955, 0.375897, 0.4, -0.00515922, 0.935078, 0.900978, 0.925706, 0.911427
0.749932, 18.2909, 0.375821, 0.4, -0.00515907, 0.935076, 0.900974, 0.925701, 0.911422
0.749982, 18.2863, 0.375745, 0.4, -0.00515891, 0.935074, 0.90097, 0.925697, 0.911417
0.750032, 18.2816, 0.375669, 0.4, -0.00515876, 0.935072, 0.900966, 0.925692, 0.911412
0.750082, 18.277, 0.375594, 0.4, -0.0051586, 0.935071, 0.900962, 0.925687, 0.911407
0.750132, 18.2723, 0.375518, 0.4, -0.00515845, 0.935069, 0.900957, 0.925682, 0.911402
0.750182, 18.2677, 0.375442, 0.4, -0.00515829, 0.935067, 0.900953, 0.925677, 0.911398
0.750232, 18.263, 0.375366, 0.4, -0.00515814, 0.935066, 0.900949, 0.925672, 0.911393
0.750282, 18.2584, 0.375291, 0.4, -0.00515798, 0.935064, 0.900945, 0.925667, 0.911388
0.750332, 18.2538, 0.375215, 0.4, -0.00515783, 0.935062, 0.900941, 0.925662, 0.911383
0.750382, 18.2491, 0.375139, 0.4, -0.00515767, 0.93506, 0.900936, 0.925658, 0.911378
0.750432, 18.2445, 0.375063, 0.4, -0.00515751, 0.935058, 0.900932, 0.925653, 0.911373
0.750482, 18.2398, 0.374987, 0.4, -0.00515735, 0.935056, 0.900928, 0.925648, 0.911369
0.750532, 18.2352, 0.374912, 0.4, -0.00515719, 0.935055, 0.900924, 0.925643, 0.911364
0.750582, 18.2305, 0.374836, 0.4, -0.00515704, 0.935053, 0.90092, 0.925638, 0.911359
0.750632, 18.2259, 0.37476, 0.4, -0.00515688, 0.935051, 0.900916, 0.925633, 0.911354
0.750682, 18.2213, 0.374685, 0.4, -0.00515672, 0.935049, 0.900911, 0.925628, 0.911349
0.750732, 18.2166, 0.374609, 0.4, -0.00515656, 0.935048, 0.900907, 0.925623, 0.911344
0.750782, 18.212, 0.374533, 0.4, -0.00515639, 0.935046, 0.900903, 0.925618, 0.91134
0.750832, 18.2073, 0.374457, 0.4, -0.00515623, 0.935044, 0.900899, 0.925614, 0.911335
0.750882, 18.2027, 0.374382, 0.4, -0.00515607, 0.935042, 0.900895, 0.925609, 0.91133
0.750932, 18.1981, 0.374306, 0.4, -0.00515591, 0.93504, 0.90089, 0.925604, 0.911325
0.750982, 18.1934, 0.37423, 0.4, -0.00515575, 0.935039, 0.900886, 0.925599, 0.91132
0.751032, 18.1888, 0.374155, 0.4, -0.00515559, 0.935037, 0.900882, 0.925594, 0.911315
0.751082, 18.1841, 0.374079, 0.4, -0.00515542, 0.935035, 0.900878, 0.925589, 0.911311
0.751132, 18.1795, 0.374003, 0.4, -0.00515526, 0.935033, 0.900873, 0.925584, 0.911306
0.751182, 18.1749, 0.373928, 0.4, -0.00515509, 0.935031, 0.900869, 0.925579, 0.911301
0.751232, 18.1702, 0.373852, 0.4, -0.00515493, 0.935029, 0.900865, 0.925574, 0.911296
0.751282, 18.1656, 0.373777, 0.4, -0.00515476, 0.935028, 0.900861, 0.925569, 0.911291
0.751332, 18.1609, 0.373701, 0.4, -0.0051546, 0.935026, 0.900857, 0.925565, 0.911286
0.751382, 18.1563, 0.373625, 0.4, -0.00515443, 0.935024, 0.900852, 0.92556, 0.911281
0.751432, 18.1517, 0.37355, 0.4, -0.00515427, 0.935022, 0.900848, 0.925555, 0.911277
0.751482, 18.147, 0.373474, 0.4, -0.0051541, 0.93502, 0.900844, 0.92555, 0.911272
0.751532, 18.1424, 0.373399, 0.4, -0.00515393, 0.935019, 0.90084, 0.925545, 0.911267
0.751583, 18.1378, 0.373323, 0.4, -0.00515376, 0.935017, 0.900835, 0.92554, 0.911262
0.751633, 18.1331, 0.373248, 0.4, -0.0051536, 0.935015, 0.900831, 0.925535, 0.911257
0.751683, 18.1285, 0.373172, 0.4, -0.00515343, 0.935013, 0.900827, 0.92553, 0.911252
0.751733, 18.1238, 0.373096, 0.4, -0.00515326, 0.935011, 0.900823, 0.925525, 0.911247
0.751783, 18.1192, 0.373021, 0.4, -0.00515309, 0.93501, 0.900819, 0.92552, 0.911243
0.751833, 18.1146, 0.372946, 0.4, -0.00515292, 0.935008, 0.900814, 0.925515, 0.911238
0.751883, 18.1099, 0.37287, 0.4, -0.00515275, 0.935006, 0.90081, 0.925511, 0.911233
0.751933, 18.1053, 0.372794, 0.4, -0.00515258, 0.935004, 0.900806, 0.925506, 0.911228
0.751983, 18.1006, 0.372719, 0.4, -0.00515241, 0.935002, 0.900802, 0.925501, 0.911223
0.752033, 18.096, 0.372643, 0.4, -0.00515224, 0.935, 0.900797, 0.925496, 0.911218
0.752083, 18.0914, 0.372568, 0.4, -0.00515206, 0.934999, 0.900793, 0.925491, 0.911213
0.752133, 18.0867, 0.372493, 0.4, -0.00515189, 0.934997, 0.900789, 0.925486, 0.911209
0.752183, 18.0821, 0.372417, 0.4, -0.00515172, 0.934995, 0.900785, 0.925481, 0.911204
0.752233, 18.0775, 0.372342, 0.4, -0.00515154, 0.934993, 0.900781, 0.925476, 0.911199
0.752283, 18.0728, 0.372266, 0.4, -0.00515137, 0.934991, 0.900776, 0.925471, 0.911194
0.752333, 18.0682, 0.372191, 0.4, -0.0051512, 0.934989, 0.900772, 0.925466, 0.911189
0.752383, 18.0636, 0.372115, 0.4, -0.00515102, 0.934988, 0.900768, 0.925462, 0.911184
0.752433, 18.0589, 0.37204, 0.4, -0.00515085, 0.934986, 0.900764, 0.925457, 0.911179
0.752483, 18.0543, 0.371965, 0.4, -0.00515067, 0.934984, 0.900759, 0.925452, 0.911175
0.752533, 18.0497, 0.37189, 0.4, -0.00515049, 0.934982, 0.900755, 0.925447, 0.91117
0.752583, 18.045, 0.371814, 0.4, -0.00515032, 0.93498, 0.900751, 0.925442, 0.911165
0.752633, 18.0404, 0.371739, 0.4, -0.00515014, 0.934978, 0.900747, 0.925437, 0.91116
0.752683, 18.0357, 0.371663, 0.4, -0.00514996, 0.934977, 0.900743, 0.925432, 0.911155
0.752733, 18.0311, 0.371588, 0.4, -0.00514979, 0.934975, 0.900738, 0.925427, 0.91115
0.752783, 18.0265, 0.371513, 0.4, -0.00514961, 0.934973, 0.900734, 0.925422, 0.911145
0.752833, 18.0218, 0.371437, 0.4, -0.00514943, 0.934971, 0.90073, 0.925417, 0.911141
0.752883, 18.0172, 0.371362, 0.4, -0.00514925, 0.934969, 0.900725, 0.925412, 0.911136
0.752933, 18.0126, 0.371287, 0.4, -0.00514907, 0.934967, 0.900721, 0.925408, 0.911131
0.752983, 18.0079, 0.371212, 0.4, -0.00514889, 0.934966, 0.900717, 0.925403, 0.911126
0.753033, 18.0033, 0.371136, 0.4, -0.00514871, 0.934964, 0.900713, 0.925398, 0.911121
0.753083, 17.9987, 0.371061, 0.4, -0.00514853, 0.934962, 0.900709, 0.925393, 0.911116
0.753133, 17.994, 0.370986, 0.4, -0.00514835, 0.93496, 0.900704, 0.925388, 0.911111
0.753183, 17.9894, 0.37091, 0.4, -0.00514817, 0.934958, 0.9007, 0.925383, 0.911106
0.753233, 17.9848, 0.370835, 0.4, -0.00514798, 0.934956, 0.900696, 0.925378, 0.911101
0.753283, 17.9801, 0.37076, 0.4, -0.0051478, 0.934954, 0.900692, 0.925373, 0.911097
0.753333, 17.9755, 0.370685, 0.4, -0.00514762, 0.934953, 0.900687, 0.925368, 0.911092
0.753383, 17.9709, 0.37061, 0.4, -0.00514743, 0.934951, 0.900683, 0.925363, 0.911087
0.753433, 17.9662, 0.370534, 0.4, -0.00514725, 0.934949, 0.900679, 0.925358, 0.911082
0.753483, 17.9616, 0.370459, 0.4, -0.00514707, 0.934947, 0.900674, 0.925353, 0.911077
0.753533, 17.957, 0.370384, 0.4, -0.00514688, 0.934945, 0.90067, 0.925349, 0.911072
0.753583, 17.9523, 0.370309, 0.4, -0.00514669, 0.934943, 0.900666, 0.925344, 0.911067
0.753633, 17.9477, 0.370233, 0.4, -0.00514651, 0.934941, 0.900662, 0.925339, 0.911062
0.753683, 17.9431, 0.370158, 0.4, -0.00514632, 0.93494, 0.900657, 0.925334, 0.911058
0.753733, 17.9384, 0.370083, 0.4, -0.00514614, 0.934938, 0.900653, 0.925329, 0.911053
0.753783, 17.9338, 0.370008, 0.4, -0.00514595, 0.934936, 0.900649, 0.925324, 0.911048
0.753833, 17.9292, 0.369933, 0.4, -0.00514576, 0.934934, 0.900645, 0.925319, 0.911043
0.753883, 17.9246, 0.369858, 0.4, -0.00514557, 0.934932, 0.90064, 0.925314, 0.911038
0.753933, 17.9199, 0.369783, 0.4, -0.00514539, 0.93493, 0.900636, 0.925309, 0.911033
0.753983, 17.9153, 0.369707, 0.4, -0.0051452, 0.934928, 0.900632, 0.925304, 0.911028
0.754033, 17.9107, 0.369632, 0.4, -0.00514501, 0.934926, 0.900628, 0.925299, 0.911023
0.754083, 17.906, 0.369557, 0.4, -0.00514482, 0.934924, 0.900623, 0.925294, 0.911018
0.754133, 17.9014, 0.369482, 0.4, -0.00514463, 0.934923, 0.900619, 0.925289, 0.911013
0.754183, 17.8968, 0.369407, 0.4, -0.00514444, 0.934921, 0.900615, 0.925284, 0.911008
0.754233, 17.8921, 0.369332, 0.4, -0.00514425, 0.934919, 0.90061, 0.925279, 0.911004
0.754283, 17.8875, 0.369257, 0.4, -0.00514406, 0.934917, 0.900606, 0.925274, 0.910999
0.754333, 17.8829, 0.369182, 0.4, -0.00514386, 0.934915, 0.900602, 0.925269, 0.910994
0.754383, 17.8783, 0.369107, 0.4, -0.00514367, 0.934913, 0.900598, 0.925265, 0.910989
0.754433, 17.8736, 0.369032, 0.4, -0.00514348, 0.934911, 0.900593, 0.92526, 0.910984
0.754483, 17.869, 0.368957, 0.4, -0.00514328, 0.934909, 0.900589, 0.925255, 0.910979
0.754533, 17.8644, 0.368882, 0.4, -0.00514309, 0.934907, 0.900585, 0.92525, 0.910974
0.754583, 17.8597, 0.368807, 0.4, -0.0051429, 0.934906, 0.90058, 0.925245, 0.910969
0.754633, 17.8551, 0.368732, 0.4, -0.0051427, 0.934904, 0.900576, 0.92524, 0.910964
0.754683, 17.8505, 0.368657, 0.4, -0.00514251, 0.934902, 0.900572, 0.925235, 0.910959
0.754733, 17.8459, 0.368582, 0.4, -0.00514231, 0.9349, 0.900568, 0.92523, 0.910955
0.754783, 17.8412, 0.368507, 0.4, -0.00514212, 0.934898, 0.900563, 0.925225, 0.91095
0.754833, 17.8366, 0.368432, 0.4, -0.00514192, 0.934896, 0.900559, 0.92522, 0.910945
0.754883, 17.832, 0.368357, 0.4, -0.00514172, 0.934894, 0.900555, 0.925215, 0.91094
0.754933, 17.8273, 0.368282, 0.4, -0.00514153, 0.934892, 0.90055, 0.92521, 0.910935
0.754983, 17.8227, 0.368207, 0.4, -0.00514133, 0.93489, 0.900546, 0.925205, 0.91093
0.755033, 17.8181, 0.368132, 0.4, -0.00514113, 0.934888, 0.900542, 0.9252, 0.910925
0.755083, 17.8135, 0.368057, 0.4, -0.00514093, 0.934886, 0.900538, 0.925195, 0.91092
0.755133, 17.8088, 0.367982, 0.4, -0.00514073, 0.934884, 0.900533, 0.92519, 0.910915
0.755183, 17.8042, 0.367907, 0.4, -0.00514053, 0.934883, 0.900529, 0.925185, 0.91091
0.755233, 17.7996, 0.367832, 0.4, -0.00514033, 0.934881, 0.900525, 0.92518, 0.910905
0.755283, 17.795, 0.367758, 0.4, -0.00514013, 0.934879, 0.90052, 0.925176, 0.910901
0.755333, 17.7903, 0.367683, 0.4, -0.00513993, 0.934877, 0.900516, 0.925171, 0.910896
0.755383, 17.7857, 0.367608, 0.4, -0.00513973, 0.934875, 0.900512, 0.925166, 0.910891
0.755433, 17.7811, 0.367533, 0.4, -0.00513953, 0.934873, 0.900507, 0.925161, 0.910886
0.755483, 17.7765, 0.367458, 0.4, -0.00513933, 0.934871, 0.900503, 0.925156, 0.910881
0.755533, 17.7718, 0.367383, 0.4, -0.00513913, 0.934869, 0.900499, 0.925151, 0.910876
0.755583, 17.7672, 0.367309, 0.4, -0.00513892, 0.934867, 0.900495, 0.925146, 0.910871
0.755633, 17.7626, 0.367234, 0.4, -0.00513872, 0.934865, 0.90049, 0.925141, 0.910866
0.755683, 17.7579, 0.367159, 0.4, -0.00513852, 0.934863, 0.900486, 0.925136, 0.910861
0.755733, 17.7533, 0.367084, 0.4, -0.00513831, 0.934861, 0.900482, 0.925131, 0.910856
0.755783, 17.7487, 0.367009, 0.4, -0.00513811, 0.934859, 0.900477, 0.925126, 0.910851
0.755833, 17.7441, 0.366935, 0.4, -0.0051379, 0.934858, 0.900473, 0.925121, 0.910846
0.755883, 17.7395, 0.36686, 0.4, -0.0051377, 0.934856, 0.900469, 0.925116, 0.910841
0.755933, 17.7348, 0.366785, 0.4, -0.00513749, 0.934854, 0.900464, 0.925111, 0.910837
0.755983, 17.7302, 0.36671, 0.4, -0.00513729, 0.934852, 0.90046, 0.925106, 0.910832
0.756033, 17.7256, 0.366635, 0.4, -0.00513708, 0.93485, 0.900456, 0.925101, 0.910827
0.756083, 17.721, 0.366561, 0.4, -0.00513687, 0.934848, 0.900451, 0.925096, 0.910822
0.756133, 17.7163, 0.366486, 0.4, -0.00513666, 0.934846, 0.900447, 0.925091, 0.910817
0.756183, 17.7117, 0.366411, 0.4, -0.00513646, 0.934844, 0.900443, 0.925086, 0.910812
0.756233, 17.7071, 0.366337, 0.4, -0.00513625, 0.934842, 0.900439, 0.925081, 0.910807
0.756283, 17.7025, 0.366262, 0.4, -0.00513604, 0.93484, 0.900434, 0.925076, 0.910802
0.756333, 17.6978, 0.366187, 0.4, -0.00513583, 0.934838, 0.90043, 0.925072, 0.910797
0.756383, 17.6932, 0.366113, 0.4, -0.00513562, 0.934836, 0.900426, 0.925066, 0.910792
0.756433, 17.6886, 0.366038, 0.4, -0.00513541, 0.934834, 0.900421, 0.925062, 0.910787
0.756483, 17.684, 0.365964, 0.4, -0.0051352, 0.934833, 0.900417, 0.925057, 0.910782
0.756533, 17.6794, 0.365889, 0.4, -0.00513499, 0.934831, 0.900413, 0.925052, 0.910777
0.756583, 17.6747, 0.365814, 0.4, -0.00513478, 0.934829, 0.900408, 0.925047, 0.910773
0.756633, 17.6701, 0.36574, 0.4, -0.00513456, 0.934827, 0.900404, 0.925042, 0.910768
0.756683, 17.6655, 0.365665, 0.4, -0.00513435, 0.934825, 0.9004, 0.925037, 0.910763
0.756733, 17.6609, 0.36559, 0.4, -0.00513414, 0.934823, 0.900395, 0.925032, 0.910758
0.756783, 17.6563, 0.365516, 0.4, -0.00513393, 0.934821, 0.900391, 0.925027, 0.910753
0.756833, 17.6516, 0.365441, 0.4, -0.00513371, 0.934819, 0.900387, 0.925022, 0.910748
0.756883, 17.647, 0.365367, 0.4, -0.0051335, 0.934817, 0.900383, 0.925017, 0.910743
0.756933, 17.6424, 0.365292, 0.4, -0.00513328, 0.934815, 0.900378, 0.925012, 0.910738
0.756983, 17.6378, 0.365218, 0.4, -0.00513307, 0.934813, 0.900374, 0.925007, 0.910733
0.757033, 17.6332, 0.365143, 0.4, -0.00513285, 0.934811, 0.900369, 0.925002, 0.910728
0.757083, 17.6285, 0.365069, 0.4, -0.00513264, 0.934809, 0.900365, 0.924997, 0.910723
0.757133, 17.6239, 0.364994, 0.4, -0.00513242, 0.934807, 0.900361, 0.924992, 0.910718
0.757183, 17.6193, 0.36492, 0.4, -0.0051322, 0.934805, 0.900356, 0.924987, 0.910713
0.757233, 17.6147, 0.364845, 0.4, -0.00513199, 0.934803, 0.900352, 0.924982, 0.910708
0.757283, 17.6101, 0.364771, 0.4, -0.00513177, 0.934801, 0.900348, 0.924977, 0.910703
0.757333, 17.6054, 0.364696, 0.4, -0.00513155, 0.934799, 0.900343, 0.924972, 0.910698
0.757383, 17.6008, 0.364622, 0.4, -0.00513133, 0.934797, 0.900339, 0.924967, 0.910694
0.757433, 17.5962, 0.364547, 0.4, -0.00513111, 0.934795, 0.900335, 0.924962, 0.910689
0.757483, 17.5916, 0.364473, 0.4, -0.00513089, 0.934793, 0.90033, 0.924957, 0.910684
0.757533, 17.587, 0.364398, 0.4, -0.00513067, 0.934792, 0.900326, 0.924952, 0.910679
0.757583, 17.5823, 0.364324, 0.4, -0.00513045, 0.934789, 0.900322, 0.924947, 0.910674
0.757634, 17.5777, 0.364249, 0.4, -0.00513023, 0.934788, 0.900317, 0.924942, 0.910669
0.757684, 17.5731, 0.364175, 0.4, -0.00513001, 0.934786, 0.900313, 0.924937, 0.910664
0.757734, 17.5685, 0.364101, 0.4, -0.00512979, 0.934784, 0.900309, 0.924932, 0.910659
0.757784, 17.5639, 0.364026, 0.4, -0.00512957, 0.934782, 0.900304, 0.924927, 0.910654
0.757834, 17.5593, 0.363952, 0.4, -0.00512935, 0.93478, 0.9003, 0.924922, 0.910649
0.757884, 17.5546, 0.363878, 0.4, -0.00512912, 0.934778, 0.900296, 0.924917, 0.910644
0.757934, 17.55, 0.363803, 0.4, -0.0051289, 0.934776, 0.900291, 0.924912, 0.910639
0.757984, 17.5454, 0.363729, 0.4, -0.00512868, 0.934774, 0.900287, 0.924908, 0.910634
0.758034, 17.5408, 0.363654, 0.4, -0.00512845, 0.934772, 0.900283, 0.924902, 0.910629
0.758084, 17.5362, 0.36358, 0.4, -0.00512823, 0.93477, 0.900278, 0.924897, 0.910624
0.758134, 17.5316, 0.363506, 0.4, -0.005128, 0.934768, 0.900274, 0.924892, 0.910619
0.758184, 17.527, 0.363431, 0.4, -0.00512778, 0.934766, 0.90027, 0.924888, 0.910614
0.758234, 17.5223, 0.363357, 0.4, -0.00512755, 0.934764, 0.900265, 0.924882, 0.910609
0.758284, 17.5177, 0.363283, 0.4, -0.00512733, 0.934762, 0.900261, 0.924878, 0.910604
0.758334, 17.5131, 0.363209, 0.4, -0.0051271, 0.93476, 0.900257, 0.924873, 0.910599
0.758384, 17.5085, 0.363134, 0.4, -0.00512687, 0.934758, 0.900252, 0.924868, 0.910594
0.758434, 17.5039, 0.36306, 0.4, -0.00512664, 0.934756, 0.900248, 0.924863, 0.910589
0.758484, 17.4993, 0.362986, 0.4, -0.00512642, 0.934754, 0.900243, 0.924858, 0.910584
0.758534, 17.4947, 0.362911, 0.4, -0.00512619, 0.934752, 0.900239, 0.924853, 0.910579
0.758584, 17.49, 0.362837, 0.4, -0.00512596, 0.93475, 0.900235, 0.924848, 0.910575
0.758634, 17.4854, 0.362763, 0.4, -0.00512573, 0.934748, 0.90023, 0.924843, 0.91057
0.758684, 17.4808, 0.362689, 0.4, -0.0051255, 0.934746, 0.900226, 0.924838, 0.910565
0.758734, 17.4762, 0.362615, 0.4, -0.00512527, 0.934744, 0.900222, 0.924833, 0.91056
0.758784, 17.4716, 0.36254, 0.4, -0.00512504, 0.934742, 0.900217, 0.924828, 0.910555
0.758834, 17.467, 0.362466, 0.4, -0.00512481, 0.93474, 0.900213, 0.924823, 0.91055
0.758884, 17.4624, 0.362392, 0.4, -0.00512458, 0.934738, 0.900209, 0.924818, 0.910545
0.758934, 17.4578, 0.362318, 0.4, -0.00512434, 0.934736, 0.900204, 0.924813, 0.91054
0.758984, 17.4531, 0.362244, 0.4, -0.00512411, 0.934734, 0.9002, 0.924808, 0.910535
0.759034, 17.4485, 0.362169, 0.4, -0.00512388, 0.934732, 0.900195, 0.924803, 0.91053
0.759084, 17.4439, 0.362095, 0.4, -0.00512365, 0.93473, 0.900191, 0.924798, 0.910525
0.759134, 17.4393, 0.362021, 0.4, -0.00512341, 0.934728, 0.900187, 0.924793, 0.91052
0.759184, 17.4347, 0.361947, 0.4, -0.00512318, 0.934726, 0.900182, 0.924788, 0.910515
0.759234, 17.4301, 0.361873, 0.4, -0.00512294, 0.934724, 0.900178, 0.924783, 0.91051
0.759284, 17.4255, 0.361799, 0.4, -0.00512271, 0.934722, 0.900174, 0.924778, 0.910505
0.759334, 17.4209, 0.361725, 0.4, -0.00512247, 0.93472, 0.900169, 0.924773, 0.9105
0.759384, 17.4163, 0.361651, 0.4, -0.00512224, 0.934718, 0.900165, 0.924768, 0.910495
0.759434, 17.4116, 0.361577, 0.4, -0.005122, 0.934716, 0.90016, 0.924763, 0.91049
0.759484, 17.407, 0.361503, 0.4, -0.00512177, 0.934714, 0.900156, 0.924758, 0.910485
0.759534, 17.4024, 0.361429, 0.4, -0.00512153, 0.934712, 0.900152, 0.924753, 0.91048
0.759584, 17.3978, 0.361354, 0.4, -0.00512129, 0.934709, 0.900147, 0.924748, 0.910475
0.759634, 17.3932, 0.36128, 0.4, -0.00512105, 0.934707, 0.900143, 0.924743, 0.91047
0.759684, 17.3886, 0.361207, 0.4, -0.00512081, 0.934705, 0.900139, 0.924738, 0.910465
0.759734, 17.384, 0.361132, 0.4, -0.00512057, 0.934703, 0.900134, 0.924733, 0.91046
0.759784, 17.3794, 0.361058, 0.4, -0.00512034, 0.934701, 0.90013, 0.924728, 0.910455
0.759834, 17.3748, 0.360984, 0.4, -0.0051201, 0.934699, 0.900125, 0.924723, 0.91045
0.759884, 17.3702, 0.36091, 0.4, -0.00511986, 0.934697, 0.900121, 0.924718, 0.910445
0.759934, 17.3656, 0.360836, 0.4, -0.00511962, 0.934695, 0.900117, 0.924713, 0.91044
0.759984, 17.3609, 0.360762, 0.4, -0.00511937, 0.934693, 0.900112, 0.924708, 0.910435
0.760034, 17.3563, 0.360689, 0.4, -0.00511913, 0.934691, 0.900108, 0.924703, 0.91043
0.760084, 17.3517, 0.360615, 0.4, -0.00511889, 0.934689, 0.900103, 0.924698, 0.910425
0.760134, 17.3471, 0.360541, 0.4, -0.00511865, 0.934687, 0.900099, 0.924693, 0.91042
0.760184, 17.3425, 0.360467, 0.4, -0.00511841, 0.934685, 0.900095, 0.924688, 0.910415
0.760234, 17.3379, 0.360393, 0.4, -0.00511816, 0.934683, 0.90009, 0.924683, 0.91041
0.760284, 17.3333, 0.360319, 0.4, -0.00511792, 0.934681, 0.900086, 0.924678, 0.910405
0.760334, 17.3287, 0.360245, 0.4, -0.00511767, 0.934679, 0.900081, 0.924673, 0.9104
0.760384, 17.3241, 0.360171, 0.4, -0.00511743, 0.934677, 0.900077, 0.924668, 0.910395
0.760434, 17.3195, 0.360097, 0.4, -0.00511719, 0.934675, 0.900073, 0.924663, 0.91039
0.760484, 17.3149, 0.360023, 0.4, -0.00511694, 0.934673, 0.900068, 0.924658, 0.910385
0.760534, 17.3103, 0.35995, 0.4, -0.0051167, 0.934671, 0.900064, 0.924652, 0.91038
0.760584, 17.3057, 0.359876, 0.4, -0.00511645, 0.934669, 0.900059, 0.924647, 0.910375
0.760634, 17.3011, 0.359802, 0.4, -0.0051162, 0.934667, 0.900055, 0.924643, 0.91037
0.760684, 17.2965, 0.359728, 0.4, -0.00511596, 0.934664, 0.900051, 0.924637, 0.910365
0.760734, 17.2919, 0.359654, 0.4, -0.00511571, 0.934662, 0.900046, 0.924632, 0.91036
0.760784, 17.2873, 0.35958, 0.4, -0.00511546, 0.93466, 0.900042, 0.924627, 0.910355
0.760834, 17.2827, 0.359506, 0.4, -0.00511521, 0.934658, 0.900037, 0.924622, 0.91035
0.760884, 17.278, 0.359433, 0.4, -0.00511496, 0.934656, 0.900033, 0.924617, 0.910345
0.760934, 17.2734, 0.359359, 0.4, -0.00511471, 0.934654, 0.900028, 0.924612, 0.91034
0.760984, 17.2688, 0.359285, 0.4, -0.00511446, 0.934652, 0.900024, 0.924607, 0.910335
0.761034, 17.2642, 0.359211, 0.4, -0.00511421, 0.93465, 0.90002, 0.924602, 0.91033
0.761084, 17.2596, 0.359138, 0.4, -0.00511396, 0.934648, 0.900015, 0.924597, 0.910325
0.761134, 17.255, 0.359064, 0.4, -0.00511371, 0.934646, 0.900011, 0.924592, 0.91032
0.761184, 17.2504, 0.35899, 0.4, -0.00511346, 0.934644, 0.900006, 0.924587, 0.910315
0.761234, 17.2458, 0.358916, 0.4, -0.00511321, 0.934642, 0.900002, 0.924582, 0.91031
0.761284, 17.2412, 0.358843, 0.4, -0.00511296, 0.93464, 0.899998, 0.924577, 0.910305
0.761334, 17.2366, 0.358769, 0.4, -0.0051127, 0.934637, 0.899993, 0.924572, 0.9103
0.761384, 17.232, 0.358695, 0.4, -0.00511245, 0.934635, 0.899989, 0.924567, 0.910295
0.761434, 17.2274, 0.358622, 0.4, -0.0051122, 0.934633, 0.899984, 0.924562, 0.91029
0.761484, 17.2228, 0.358548, 0.4, -0.00511194, 0.934631, 0.89998, 0.924557, 0.910285
0.761534, 17.2182, 0.358474, 0.4, -0.00511169, 0.934629, 0.899975, 0.924552, 0.91028
0.761584, 17.2136, 0.358401, 0.4, -0.00511143, 0.934627, 0.899971, 0.924547, 0.910275
0.761634, 17.209, 0.358327, 0.4, -0.00511118, 0.934625, 0.899967, 0.924542, 0.91027
0.761684, 17.2044, 0.358253, 0.4, -0.00511092, 0.934623, 0.899962, 0.924537, 0.910265
0.761734, 17.1998, 0.35818, 0.4, -0.00511067, 0.934621, 0.899958, 0.924532, 0.91026
0.761784, 17.1952, 0.358106, 0.4, -0.00511041, 0.934619, 0.899953, 0.924527, 0.910255
0.761834, 17.1906, 0.358032, 0.4, -0.00511015, 0.934617, 0.899949, 0.924522, 0.91025
0.761884, 17.186, 0.357959, 0.4, -0.0051099, 0.934614, 0.899944, 0.924517, 0.910245
0.761934, 17.1814, 0.357885, 0.4, -0.00510964, 0.934612, 0.89994, 0.924512, 0.91024
0.761984, 17.1768, 0.357812, 0.4, -0.00510938, 0.93461, 0.899936, 0.924507, 0.910235
0.762034, 17.1722, 0.357738, 0.4, -0.00510912, 0.934608, 0.899931, 0.924502, 0.91023
0.762084, 17.1676, 0.357665, 0.4, -0.00510886, 0.934606, 0.899927, 0.924497, 0.910225
0.762134, 17.163, 0.357591, 0.4, -0.0051086, 0.934604, 0.899922, 0.924492, 0.91022
0.762184, 17.1584, 0.357518, 0.4, -0.00510834, 0.934602, 0.899918, 0.924487, 0.910215
0.762234, 17.1538, 0.357444, 0.4, -0.00510808, 0.9346, 0.899913, 0.924482, 0.91021
0.762284, 17.1492, 0.357371, 0.4, -0.00510782, 0.934598, 0.899909, 0.924477, 0.910205
0.762334, 17.1446, 0.357297, 0.4, -0.00510756, 0.934596, 0.899905, 0.924471, 0.9102
0.762384, 17.14, 0.357224, 0.4, -0.0051073, 0.934593, 0.8999, 0.924466, 0.910195
0.762434, 17.1355, 0.35715, 0.4, -0.00510704, 0.934591, 0.899896, 0.924461, 0.91019
0.762484, 17.1309, 0.357077, 0.4, -0.00510678, 0.934589, 0.899891, 0.924456, 0.910184
0.762534, 17.1263, 0.357003, 0.4, -0.00510651, 0.934587, 0.899887, 0.924451, 0.910179
0.762584, 17.1217, 0.35693, 0.4, -0.00510625, 0.934585, 0.899882, 0.924446, 0.910174
0.762634, 17.1171, 0.356857, 0.4, -0.00510599, 0.934583, 0.899878, 0.924441, 0.910169
0.762684, 17.1125, 0.356783, 0.4, -0.00510572, 0.934581, 0.899874, 0.924436, 0.910164
0.762734, 17.1079, 0.35671, 0.4, -0.00510546, 0.934579, 0.899869, 0.924431, 0.910159
0.762784, 17.1033, 0.356636, 0.4, -0.00510519, 0.934577, 0.899865, 0.924426, 0.910154
0.762834, 17.0987, 0.356563, 0.4, -0.00510493, 0.934575, 0.89986, 0.924421, 0.910149
0.762884, 17.0941, 0.35649, 0.4, -0.00510466, 0.934573, 0.899856, 0.924416, 0.910144
0.762934, 17.0895, 0.356416, 0.4, -0.00510439, 0.93457, 0.899851, 0.924411, 0.910139
0.762984, 17.0849, 0.356343, 0.4, -0.00510413, 0.934568, 0.899847, 0.924406, 0.910134
0.763034, 17.0803, 0.35627, 0.4, -0.00510386, 0.934566, 0.899842, 0.924401, 0.910129
0.763084, 17.0757, 0.356196, 0.4, -0.00510359, 0.934564, 0.899838, 0.924396, 0.910124
0.763134, 17.0711, 0.356123, 0.4, -0.00510332, 0.934562, 0.899834, 0.924391, 0.910119
0.763184, 17.0665, 0.35605, 0.4, -0.00510306, 0.93456, 0.899829, 0.924386, 0.910114
0.763234, 17.0619, 0.355976, 0.4, -0.00510279, 0.934558, 0.899825, 0.924381, 0.910109
0.763284, 17.0573, 0.355903, 0.4, -0.00510252, 0.934556, 0.89982, 0.924376, 0.910104
0.763334, 17.0528, 0.35583, 0.4, -0.00510225, 0.934554, 0.899816, 0.924371, 0.910099
0.763384, 17.0482, 0.355756, 0.4, -0.00510198, 0.934551, 0.899811, 0.924366, 0.910094
0.763434, 17.0436, 0.355683, 0.4, -0.00510171, 0.934549, 0.899807, 0.924361, 0.910089
0.763484, 17.039, 0.35561, 0.4, -0.00510144, 0.934547, 0.899803, 0.924356, 0.910084
0.763534, 17.0344, 0.355537, 0.4, -0.00510116, 0.934545, 0.899798, 0.924351, 0.910079
0.763584, 17.0298, 0.355464, 0.4, -0.00510089, 0.934543, 0.899794, 0.924346, 0.910074
0.763635, 17.0252, 0.35539, 0.4, -0.00510062, 0.934541, 0.899789, 0.924341, 0.910069
0.763685, 17.0206, 0.355317, 0.4, -0.00510035, 0.934539, 0.899785, 0.924336, 0.910064
0.763735, 17.016, 0.355244, 0.4, -0.00510007, 0.934537, 0.89978, 0.92433, 0.910059
0.763785, 17.0114, 0.355171, 0.4, -0.0050998, 0.934534, 0.899776, 0.924325, 0.910054
0.763835, 17.0068, 0.355098, 0.4, -0.00509953, 0.934532, 0.899771, 0.92432, 0.910049
0.763885, 17.0023, 0.355024, 0.4, -0.00509925, 0.93453, 0.899767, 0.924315, 0.910044
0.763935, 16.9977, 0.354951, 0.4, -0.00509898, 0.934528, 0.899762, 0.92431, 0.910038
0.763985, 16.9931, 0.354878, 0.4, -0.0050987, 0.934526, 0.899758, 0.924305, 0.910033
0.764035, 16.9885, 0.354805, 0.4, -0.00509843, 0.934524, 0.899753, 0.9243, 0.910028
0.764085, 16.9839, 0.354732, 0.4, -0.00509815, 0.934522, 0.899749, 0.924295, 0.910023
0.764135, 16.9793, 0.354659, 0.4, -0.00509787, 0.93452, 0.899745, 0.92429, 0.910018
0.764185, 16.9747, 0.354586, 0.4, -0.0050976, 0.934517, 0.89974, 0.924285, 0.910013
0.764235, 16.9701, 0.354513, 0.4, -0.00509732, 0.934515, 0.899736, 0.92428, 0.910008
0.764285, 16.9655, 0.35444, 0.4, -0.00509704, 0.934513, 0.899731, 0.924275, 0.910003
0.764335, 16.961, 0.354367, 0.4, -0.00509676, 0.934511, 0.899727, 0.92427, 0.909998
0.764385, 16.9564, 0.354293, 0.4, -0.00509648, 0.934509, 0.899722, 0.924265, 0.909993
0.764435, 16.9518, 0.35422, 0.4, -0.0050962, 0.934507, 0.899718, 0.92426, 0.909988
0.764485, 16.9472, 0.354147, 0.4, -0.00509593, 0.934505, 0.899713, 0.924255, 0.909983
0.764535, 16.9426, 0.354074, 0.4, -0.00509565, 0.934502, 0.899709, 0.92425, 0.909978
0.764585, 16.938, 0.354001, 0.4, -0.00509536, 0.9345, 0.899704, 0.924245, 0.909973
0.764635, 16.9334, 0.353928, 0.4, -0.00509508, 0.934498, 0.8997, 0.92424, 0.909968
0.764685, 16.9289, 0.353855, 0.4, -0.0050948, 0.934496, 0.899695, 0.924235, 0.909963
0.764735, 16.9243, 0.353782, 0.4, -0.00509452, 0.934494, 0.899691, 0.92423, 0.909958
0.764785, 16.9197, 0.353709, 0.4, -0.00509424, 0.934492, 0.899687, 0.924224, 0.909953
0.764835, 16.9151, 0.353636, 0.4, -0.00509396, 0.934489, 0.899682, 0.924219, 0.909948
0.764885, 16.9105, 0.353563, 0.4, -0.00509367, 0.934487, 0.899678, 0.924214, 0.909943
0.764935, 16.9059, 0.353491, 0.4, -0.00509339, 0.934485, 0.899673, 0.924209, 0.909938
0.764985, 16.9014, 0.353418, 0.4, -0.00509311, 0.934483, 0.899669, 0.924204, 0.909932
0.765035, 16.8968, 0.353345, 0.4, -0.00509282, 0.934481, 0.899664, 0.924199, 0.909927
0.765085, 16.8922, 0.353272, 0.4, -0.00509254, 0.934479, 0.89966, 0.924194, 0.909922
0.765135, 16.8876, 0.353199, 0.4, -0.00509225, 0.934477, 0.899655, 0.924189, 0.909917
0.765185, 16.883, 0.353126, 0.4, -0.00509197, 0.934474, 0.899651, 0.924184, 0.909912
0.765235, 16.8784, 0.353053, 0.4, -0.00509168, 0.934472, 0.899646, 0.924179, 0.909907
0.765285, 16.8739, 0.35298, 0.4, -0.00509139, 0.93447, 0.899642, 0.924174, 0.909902
0.765335, 16.8693, 0.352907, 0.4, -0.00509111, 0.934468, 0.899637, 0.924169, 0.909897
0.765385, 16.8647, 0.352834, 0.4, -0.00509082, 0.934466, 0.899633, 0.924164, 0.909892
0.765435, 16.8601, 0.352762, 0.4, -0.00509053, 0.934463, 0.899628, 0.924159, 0.909887
0.765485, 16.8555, 0.352689, 0.4, -0.00509024, 0.934461, 0.899624, 0.924154, 0.909882
0.765535, 16.8509, 0.352616, 0.4, -0.00508996, 0.934459, 0.899619, 0.924149, 0.909877
0.765585, 16.8464, 0.352543, 0.4, -0.00508967, 0.934457, 0.899615, 0.924143, 0.909872
0.765635, 16.8418, 0.35247, 0.4, -0.00508938, 0.934455, 0.89961, 0.924138, 0.909867
0.765685, 16.8372, 0.352398, 0.4, -0.00508909, 0.934453, 0.899606, 0.924133, 0.909862
0.765735, 16.8326, 0.352325, 0.4, -0.0050888, 0.93445, 0.899601, 0.924128, 0.909856
0.765785, 16.828, 0.352252, 0.4, -0.00508851, 0.934448, 0.899597, 0.924123, 0.909851
0.765835, 16.8235, 0.352179, 0.4, -0.00508822, 0.934446, 0.899592, 0.924118, 0.909846
0.765885, 16.8189, 0.352107, 0.4, -0.00508792, 0.934444, 0.899588, 0.924113, 0.909841
0.765935, 16.8143, 0.352034, 0.4, -0.00508763, 0.934442, 0.899583, 0.924108, 0.909836
0.765985, 16.8097, 0.351961, 0.4, -0.00508734, 0.934439, 0.899579, 0.924103, 0.909831
0.766035, 16.8051, 0.351888, 0.4, -0.00508705, 0.934437, 0.899574, 0.924098, 0.909826
0.766085, 16.8006, 0.351816, 0.4, -0.00508675, 0.934435, 0.89957, 0.924093, 0.909821
0.766135, 16.796, 0.351743, 0.4, -0.00508646, 0.934433, 0.899565, 0.924088, 0.909816
0.766185, 16.7914, 0.35167, 0.4, -0.00508617, 0.934431, 0.899561, 0.924083, 0.909811
0.766235, 16.7868, 0.351598, 0.4, -0.00508587, 0.934429, 0.899556, 0.924078, 0.909806
0.766285, 16.7823, 0.351525, 0.4, -0.00508558, 0.934426, 0.899552, 0.924073, 0.909801
0.766335, 16.7777, 0.351452, 0.4, -0.00508528, 0.934424, 0.899547, 0.924067, 0.909796
0.766385, 16.7731, 0.35138, 0.4, -0.00508499, 0.934422, 0.899543, 0.924062, 0.909791
0.766435, 16.7685, 0.351307, 0.4, -0.00508469, 0.93442, 0.899538, 0.924057, 0.909785
0.766485, 16.764, 0.351234, 0.4, -0.00508439, 0.934418, 0.899534, 0.924052, 0.90978
0.766535, 16.7594, 0.351162, 0.4, -0.0050841, 0.934415, 0.899529, 0.924047, 0.909775
0.766585, 16.7548, 0.351089, 0.4, -0.0050838, 0.934413, 0.899525, 0.924042, 0.90977
0.766635, 16.7502, 0.351016, 0.4, -0.0050835, 0.934411, 0.89952, 0.924037, 0.909765
0.766685, 16.7457, 0.350944, 0.4, -0.0050832, 0.934409, 0.899516, 0.924032, 0.90976
0.766735, 16.7411, 0.350871, 0.4, -0.0050829, 0.934406, 0.899511, 0.924027, 0.909755
0.766785, 16.7365, 0.350799, 0.4, -0.0050826, 0.934404, 0.899507, 0.924022, 0.90975
0.766835, 16.7319, 0.350726, 0.4, -0.00508231, 0.934402, 0.899502, 0.924017, 0.909745
0.766885, 16.7274, 0.350654, 0.4, -0.005082, 0.9344, 0.899498, 0.924012, 0.90974
0.766935, 16.7228, 0.350581, 0.4, -0.0050817, 0.934398, 0.899493, 0.924006, 0.909734
0.766985, 16.7182, 0.350509, 0.4, -0.0050814, 0.934395, 0.899489, 0.924001, 0.909729
0.767035, 16.7136, 0.350436, 0.4, -0.0050811, 0.934393, 0.899484, 0.923996, 0.909724
0.767085, 16.7091, 0.350364, 0.4, -0.0050808, 0.934391, 0.89948, 0.923991, 0.909719
0.767135, 16.7045, 0.350291, 0.4, -0.0050805, 0.934389, 0.899475, 0.923986, 0.909714
0.767185, 16.6999, 0.350219, 0.4, -0.0050802, 0.934386, 0.89947, 0.923981, 0.909709
0.767235, 16.6953, 0.350146, 0.4, -0.00507989, 0.934384, 0.899466, 0.923976, 0.909704
0.767285, 16.6908, 0.350074, 0.4, -0.00507959, 0.934382, 0.899461, 0.923971, 0.909699
0.767335, 16.6862, 0.350001, 0.4, -0.00507929, 0.93438, 0.899457, 0.923966, 0.909694
0.767385, 16.6816, 0.349929, 0.4, -0.00507898, 0.934378, 0.899452, 0.923961, 0.909689
0.767435, 16.6771, 0.349857, 0.4, -0.00507868, 0.934375, 0.899448, 0.923956, 0.909684
0.767485, 16.6725, 0.349784, 0.4, -0.00507837, 0.934373, 0.899443, 0.923951, 0.909679
0.767535, 16.6679, 0.349712, 0.4, -0.00507807, 0.934371, 0.899439, 0.923945, 0.909673
0.767585, 16.6633, 0.349639, 0.4, -0.00507776, 0.934369, 0.899434, 0.92394, 0.909668
0.767635, 16.6588, 0.349567, 0.4, -0.00507745, 0.934366, 0.89943, 0.923935, 0.909663
0.767685, 16.6542, 0.349495, 0.4, -0.00507715, 0.934364, 0.899425, 0.92393, 0.909658
0.767735, 16.6496, 0.349422, 0.4, -0.00507684, 0.934362, 0.899421, 0.923925, 0.909653
0.767785, 16.6451, 0.34935, 0.4, -0.00507653, 0.93436, 0.899416, 0.92392, 0.909648
0.767835, 16.6405, 0.349277, 0.4, -0.00507623, 0.934357, 0.899411, 0.923915, 0.909643
0.767885, 16.6359, 0.349205, 0.4, -0.00507592, 0.934355, 0.899407, 0.92391, 0.909638
0.767935, 16.6314, 0.349133, 0.4, -0.00507561, 0.934353, 0.899402, 0.923905, 0.909633
0.767985, 16.6268, 0.349061, 0.4, -0.0050753, 0.934351, 0.899398, 0.9239, 0.909627
0.768035, 16.6222, 0.348988, 0.4, -0.00507499, 0.934348, 0.899393, 0.923895, 0.909622
0.768085, 16.6177, 0.348916, 0.4, -0.00507468, 0.934346, 0.899389, 0.923889, 0.909617
0.768135, 16.6131, 0.348844, 0.4, -0.00507437, 0.934344, 0.899384, 0.923884, 0.909612
0.768185, 16.6085, 0.348771, 0.4, -0.00507406, 0.934342, 0.89938, 0.923879, 0.909607
0.768235, 16.604, 0.348699, 0.4, -0.00507375, 0.934339, 0.899375, 0.923874, 0.909602
0.768285, 16.5994, 0.348627, 0.4, -0.00507343, 0.934337, 0.899371, 0.923869, 0.909597
0.768335, 16.5948, 0.348555, 0.4, -0.00507312, 0.934335, 0.899366, 0.923864, 0.909592
0.768385, 16.5903, 0.348483, 0.4, -0.00507281, 0.934333, 0.899362, 0.923859, 0.909587
0.768435, 16.5857, 0.34841, 0.4, -0.0050725, 0.93433, 0.899357, 0.923854, 0.909581
0.768485, 16.5811, 0.348338, 0.4, -0.00507218, 0.934328, 0.899353, 0.923849, 0.909576
0.768535, 16.5766, 0.348266, 0.4, -0.00507187, 0.934326, 0.899348, 0.923844, 0.909571
0.768585, 16.572, 0.348194, 0.4, -0.00507155, 0.934324, 0.899343, 0.923838, 0.909566
0.768635, 16.5674, 0.348122, 0.4, -0.00507124, 0.934321, 0.899339, 0.923833, 0.909561
0.768685, 16.5629, 0.348049, 0.4, -0.00507092, 0.934319, 0.899334, 0.923828, 0.909556
0.768735, 16.5583, 0.347977, 0.4, -0.00507061, 0.934317, 0.89933, 0.923823, 0.909551
0.768785, 16.5537, 0.347905, 0.4, -0.00507029, 0.934314, 0.899325, 0.923818, 0.909546
0.768835, 16.5492, 0.347833, 0.4, -0.00506998, 0.934312, 0.899321, 0.923813, 0.909541
0.768885, 16.5446, 0.347761, 0.4, -0.00506966, 0.93431, 0.899316, 0.923808, 0.909535
0.768935, 16.5401, 0.347689, 0.4, -0.00506934, 0.934308, 0.899312, 0.923803, 0.90953
0.768985, 16.5355, 0.347617, 0.4, -0.00506902, 0.934306, 0.899307, 0.923798, 0.909525
0.769035, 16.5309, 0.347545, 0.4, -0.00506871, 0.934303, 0.899302, 0.923793, 0.90952
0.769085, 16.5264, 0.347473, 0.4, -0.00506839, 0.934301, 0.899298, 0.923787, 0.909515
0.769135, 16.5218, 0.347401, 0.4, -0.00506807, 0.934299, 0.899293, 0.923782, 0.90951
0.769185, 16.5173, 0.347329, 0.4, -0.00506775, 0.934296, 0.899289, 0.923777, 0.909505
0.769235, 16.5127, 0.347256, 0.4, -0.00506743, 0.934294, 0.899284, 0.923772, 0.9095
0.769285, 16.5081, 0.347185, 0.4, -0.00506711, 0.934292, 0.89928, 0.923767, 0.909494
0.769335, 16.5036, 0.347113, 0.4, -0.00506679, 0.93429, 0.899275, 0.923762, 0.909489
0.769385, 16.499, 0.347041, 0.4, -0.00506647, 0.934287, 0.899271, 0.923757, 0.909484
0.769435, 16.4944, 0.346969, 0.4, -0.00506615, 0.934285, 0.899266, 0.923752, 0.909479
0.769485, 16.4899, 0.346897, 0.4, -0.00506583, 0.934283, 0.899261, 0.923747, 0.909474
0.769535, 16.4853, 0.346824, 0.4, -0.0050655, 0.934281, 0.899257, 0.923742, 0.909469
0.769585, 16.4808, 0.346753, 0.4, -0.00506518, 0.934278, 0.899252, 0.923736, 0.909464
0.769635, 16.4762, 0.346681, 0.4, -0.00506486, 0.934276, 0.899248, 0.923731, 0.909459
0.769686, 16.4717, 0.346609, 0.4, -0.00506453, 0.934274, 0.899243, 0.923726, 0.909453
0.769736, 16.4671, 0.346537, 0.4, -0.00506421, 0.934271, 0.899239, 0.923721, 0.909448
0.769786, 16.4625, 0.346465, 0.4, -0.00506389, 0.934269, 0.899234, 0.923716, 0.909443
0.769836, 16.458, 0.346393, 0.4, -0.00506356, 0.934267, 0.899229, 0.923711, 0.909438
0.769886, 16.4534, 0.346321, 0.4, -0.00506324, 0.934264, 0.899225, 0.923706, 0.909433
0.769936, 16.4489, 0.346249, 0.4, -0.00506291, 0.934262, 0.89922, 0.923701, 0.909428
0.769986, 16.4443, 0.346177, 0.4, -0.00506258, 0.93426, 0.899216, 0.923696, 0.909423
0.770036, 16.4398, 0.346106, 0.4, -0.00506226, 0.934258, 0.899211, 0.92369, 0.909418
0.770086, 16.4352, 0.346034, 0.4, -0.00506193, 0.934255, 0.899207, 0.923685, 0.909412
0.770136, 16.4306, 0.345962, 0.4, -0.0050616, 0.934253, 0.899202, 0.92368, 0.909407
0.770186, 16.4261, 0.34589, 0.4, -0.00506127, 0.934251, 0.899197, 0.923675, 0.909402
0.770236, 16.4215, 0.345818, 0.4, -0.00506095, 0.934248, 0.899193, 0.92367, 0.909397
0.770286, 16.417, 0.345746, 0.4, -0.00506062, 0.934246, 0.899188, 0.923665, 0.909392
0.770336, 16.4124, 0.345675, 0.4, -0.00506029, 0.934244, 0.899184, 0.92366, 0.909387
0.770386, 16.4079, 0.345603, 0.4, -0.00505996, 0.934241, 0.899179, 0.923655, 0.909382
0.770436, 16.4033, 0.345531, 0.4, -0.00505963, 0.934239, 0.899175, 0.92365, 0.909377
0.770486, 16.3988, 0.345459, 0.4, -0.0050593, 0.934237, 0.89917, 0.923644, 0.909371
0.770536, 16.3942, 0.345388, 0.4, -0.00505897, 0.934234, 0.899165, 0.923639, 0.909366
0.770586, 16.3897, 0.345316, 0.4, -0.00505864, 0.934232, 0.899161, 0.923634, 0.909361
0.770636, 16.3851, 0.345244, 0.4, -0.00505831, 0.93423, 0.899156, 0.923629, 0.909356
0.770686, 16.3806, 0.345173, 0.4, -0.00505797, 0.934228, 0.899152, 0.923624, 0.909351
0.770736, 16.376, 0.345101, 0.4, -0.00505764, 0.934225, 0.899147, 0.923619, 0.909346
0.770786, 16.3714, 0.345029, 0.4, -0.00505731, 0.934223, 0.899142, 0.923614, 0.90934
0.770836, 16.3669, 0.344958, 0.4, -0.00505698, 0.934221, 0.899138, 0.923609, 0.909335
0.770886, 16.3623, 0.344886, 0.4, -0.00505664, 0.934218, 0.899133, 0.923603, 0.90933
0.770936, 16.3578, 0.344814, 0.4, -0.00505631, 0.934216, 0.899129, 0.923598, 0.909325
0.770986, 16.3532, 0.344742, 0.4, -0.00505597, 0.934214, 0.899124, 0.923593, 0.90932
0.771036, 16.3487, 0.344671, 0.4, -0.00505564, 0.934211, 0.899119, 0.923588, 0.909315
0.771086, 16.3441, 0.344599, 0.4, -0.0050553, 0.934209, 0.899115, 0.923583, 0.90931
0.771136, 16.3396, 0.344528, 0.4, -0.00505497, 0.934207, 0.89911, 0.923578, 0.909304
0.771186, 16.335, 0.344456, 0.4, -0.00505463, 0.934204, 0.899106, 0.923573, 0.909299
0.771236, 16.3305, 0.344384, 0.4, -0.0050543, 0.934202, 0.899101, 0.923568, 0.909294
0.771286, 16.3259, 0.344313, 0.4, -0.00505396, 0.9342, 0.899096, 0.923562, 0.909289
0.771336, 16.3214, 0.344241, 0.4, -0.00505362, 0.934197, 0.899092, 0.923557, 0.909284
0.771386, 16.3168, 0.34417, 0.4, -0.00505328, 0.934195, 0.899087, 0.923552, 0.909279
0.771436, 16.3123, 0.344098, 0.4, -0.00505295, 0.934193, 0.899083, 0.923547, 0.909274
0.771486, 16.3078, 0.344027, 0.4, -0.00505261, 0.93419, 0.899078, 0.923542, 0.909268
0.771536, 16.3032, 0.343955, 0.4, -0.00505227, 0.934188, 0.899073, 0.923537, 0.909263
0.771586, 16.2987, 0.343884, 0.4, -0.00505193, 0.934186, 0.899069, 0.923532, 0.909258
0.771636, 16.2941, 0.343812, 0.4, -0.00505159, 0.934183, 0.899064, 0.923527, 0.909253
0.771686, 16.2896, 0.343741, 0.4, -0.00505125, 0.934181, 0.89906, 0.923522, 0.909248
0.771736, 16.285, 0.343669, 0.4, -0.00505091, 0.934179, 0.899055, 0.923516, 0.909243
0.771786, 16.2805, 0.343598, 0.4, -0.00505057, 0.934176, 0.89905, 0.923511, 0.909237
0.771836, 16.2759, 0.343526, 0.4, -0.00505023, 0.934174, 0.899046, 0.923506, 0.909232
0.771886, 16.2714, 0.343455, 0.4, -0.00504988, 0.934172, 0.899041, 0.923501, 0.909227
0.771936, 16.2668, 0.343383, 0.4, -0.00504954, 0.934169, 0.899037, 0.923496, 0.909222
0.771986, 16.2623, 0.343312, 0.4, -0.0050492, 0.934167, 0.899032, 0.923491, 0.909217
0.772036, 16.2578, 0.34324, 0.4, -0.00504885, 0.934165, 0.899027, 0.923486, 0.909212
0.772086, 16.2532, 0.343169, 0.4, -0.00504851, 0.934162, 0.899023, 0.92348, 0.909207
0.772136, 16.2487, 0.343098, 0.4, -0.00504817, 0.93416, 0.899018, 0.923475, 0.909201
0.772186, 16.2441, 0.343026, 0.4, -0.00504782, 0.934157, 0.899014, 0.92347, 0.909196
0.772236, 16.2396, 0.342955, 0.4, -0.00504748, 0.934155, 0.899009, 0.923465, 0.909191
0.772286, 16.235, 0.342883, 0.4, -0.00504713, 0.934153, 0.899004, 0.92346, 0.909186
0.772336, 16.2305, 0.342812, 0.4, -0.00504679, 0.93415, 0.899, 0.923455, 0.909181
0.772386, 16.226, 0.342741, 0.4, -0.00504644, 0.934148, 0.898995, 0.92345, 0.909175
0.772436, 16.2214, 0.34267, 0.4, -0.00504609, 0.934146, 0.898991, 0.923445, 0.90917
0.772486, 16.2169, 0.342598, 0.4, -0.00504575, 0.934143, 0.898986, 0.923439, 0.909165
0.772536, 16.2123, 0.342527, 0.4, -0.0050454, 0.934141, 0.898981, 0.923434, 0.90916
0.772586, 16.2078, 0.342456, 0.4, -0.00504505, 0.934139, 0.898977, 0.923429, 0.909155
0.772636, 16.2032, 0.342384, 0.4, -0.0050447, 0.934136, 0.898972, 0.923424, 0.90915
0.772686, 16.1987, 0.342313, 0.4, -0.00504436, 0.934134, 0.898967, 0.923419, 0.909145
0.772736, 16.1942, 0.342242, 0.4, -0.00504401, 0.934131, 0.898963, 0.923414, 0.909139
0.772786, 16.1896, 0.342171, 0.4, -0.00504366, 0.934129, 0.898958, 0.923409, 0.909134
0.772836, 16.1851, 0.342099, 0.4, -0.00504331, 0.934127, 0.898954, 0.923403, 0.909129
0.772886, 16.1806, 0.342028, 0.4, -0.00504296, 0.934124, 0.898949, 0.923398, 0.909124
0.772936, 16.176, 0.341957, 0.4, -0.00504261, 0.934122, 0.898944, 0.923393, 0.909119
0.772986, 16.1715, 0.341886, 0.4, -0.00504225, 0.93412, 0.89894, 0.923388, 0.909113
0.773036, 16.1669, 0.341814, 0.4, -0.0050419, 0.934117, 0.898935, 0.923383, 0.909108
0.773086, 16.1624, 0.341743, 0.4, -0.00504155, 0.934115, 0.89893, 0.923378, 0.909103
0.773136, 16.1579, 0.341672, 0.4, -0.0050412, 0.934112, 0.898926, 0.923373, 0.909098
0.773186, 16.1533, 0.341601, 0.4, -0.00504085, 0.93411, 0.898921, 0.923367, 0.909093
0.773236, 16.1488, 0.34153, 0.4, -0.00504049, 0.934108, 0.898917, 0.923362, 0.909088
0.773286, 16.1443, 0.341459, 0.4, -0.00504014, 0.934105, 0.898912, 0.923357, 0.909082
0.773336, 16.1397, 0.341388, 0.4, -0.00503979, 0.934103, 0.898907, 0.923352, 0.909077
0.773386, 16.1352, 0.341317, 0.4, -0.00503943, 0.934101, 0.898903, 0.923347, 0.909072
0.773436, 16.1306, 0.341246, 0.4, -0.00503908, 0.934098, 0.898898, 0.923342, 0.909067
0.773486, 16.1261, 0.341174, 0.4, -0.00503872, 0.934096, 0.898893, 0.923337, 0.909062
0.773536, 16.1216, 0.341103, 0.4, -0.00503837, 0.934093, 0.898889, 0.923331, 0.909057
0.773586, 16.117, 0.341032, 0.4, -0.00503801, 0.934091, 0.898884, 0.923326, 0.909051
0.773636, 16.1125, 0.340961, 0.4, -0.00503765, 0.934089, 0.89888, 0.923321, 0.909046
0.773686, 16.108, 0.34089, 0.4, -0.0050373, 0.934086, 0.898875, 0.923316, 0.909041
0.773736, 16.1034, 0.340819, 0.4, -0.00503694, 0.934084, 0.89887, 0.923311, 0.909036
0.773786, 16.0989, 0.340748, 0.4, -0.00503658, 0.934082, 0.898866, 0.923306, 0.909031
0.773836, 16.0944, 0.340677, 0.4, -0.00503622, 0.934079, 0.898861, 0.923301, 0.909025
0.773886, 16.0898, 0.340606, 0.4, -0.00503586, 0.934077, 0.898856, 0.923295, 0.90902
0.773936, 16.0853, 0.340535, 0.4, -0.00503551, 0.934074, 0.898852, 0.92329, 0.909015
0.773986, 16.0808, 0.340464, 0.4, -0.00503515, 0.934072, 0.898847, 0.923285, 0.90901
0.774036, 16.0762, 0.340393, 0.4, -0.00503479, 0.93407, 0.898842, 0.92328, 0.909005
0.774086, 16.0717, 0.340322, 0.4, -0.00503443, 0.934067, 0.898838, 0.923275, 0.909
0.774136, 16.0672, 0.340251, 0.4, -0.00503407, 0.934065, 0.898833, 0.92327, 0.908994
0.774186, 16.0627, 0.340181, 0.4, -0.0050337, 0.934062, 0.898828, 0.923265, 0.908989
0.774236, 16.0581, 0.34011, 0.4, -0.00503334, 0.93406, 0.898824, 0.923259, 0.908984
0.774286, 16.0536, 0.340039, 0.4, -0.00503298, 0.934058, 0.898819, 0.923254, 0.908979
0.774336, 16.0491, 0.339968, 0.4, -0.00503262, 0.934055, 0.898814, 0.923249, 0.908974
0.774386, 16.0445, 0.339897, 0.4, -0.00503226, 0.934053, 0.89881, 0.923244, 0.908969
0.774436, 16.04, 0.339826, 0.4, -0.00503189, 0.93405, 0.898805, 0.923239, 0.908963
0.774486, 16.0355, 0.339755, 0.4, -0.00503153, 0.934048, 0.898801, 0.923234, 0.908958
0.774536, 16.0309, 0.339684, 0.4, -0.00503117, 0.934046, 0.898796, 0.923229, 0.908953
0.774586, 16.0264, 0.339614, 0.4, -0.0050308, 0.934043, 0.898791, 0.923223, 0.908948
0.774636, 16.0219, 0.339543, 0.4, -0.00503044, 0.934041, 0.898787, 0.923218, 0.908943
0.774686, 16.0174, 0.339472, 0.4, -0.00503007, 0.934038, 0.898782, 0.923213, 0.908937
0.774736, 16.0128, 0.339401, 0.4, -0.00502971, 0.934036, 0.898777, 0.923208, 0.908932
0.774786, 16.0083, 0.33933, 0.4, -0.00502934, 0.934033, 0.898773, 0.923203, 0.908927
0.774836, 16.0038, 0.33926, 0.4, -0.00502897, 0.934031, 0.898768, 0.923198, 0.908922
0.774886, 15.9993, 0.339189, 0.4, -0.00502861, 0.934029, 0.898763, 0.923192, 0.908917
0.774936, 15.9947, 0.339118, 0.4, -0.00502824, 0.934026, 0.898759, 0.923187, 0.908911
0.774986, 15.9902, 0.339047, 0.4, -0.00502787, 0.934024, 0.898754, 0.923182, 0.908906
0.775036, 15.9857, 0.338977, 0.4, -0.0050275, 0.934021, 0.898749, 0.923177, 0.908901
0.775086, 15.9812, 0.338906, 0.4, -0.00502714, 0.934019, 0.898745, 0.923172, 0.908896
0.775136, 15.9766, 0.338835, 0.4, -0.00502677, 0.934016, 0.89874, 0.923167, 0.908891
0.775186, 15.9721, 0.338764, 0.4, -0.0050264, 0.934014, 0.898735, 0.923162, 0.908885
0.775236, 15.9676, 0.338694, 0.4, -0.00502603, 0.934012, 0.898731, 0.923156, 0.90888
0.775286, 15.9631, 0.338623, 0.4, -0.00502566, 0.934009, 0.898726, 0.923151, 0.908875
0.775336, 15.9585, 0.338552, 0.4, -0.00502529, 0.934007, 0.898721, 0.923146, 0.90887
0.775386, 15.954, 0.338482, 0.4, -0.00502492, 0.934004, 0.898717, 0.923141, 0.908865
0.775436, 15.9495, 0.338411, 0.4, -0.00502454, 0.934002, 0.898712, 0.923136, 0.908859
0.775486, 15.945, 0.338341, 0.4, -0.00502417, 0.933999, 0.898707, 0.923131, 0.908854
0.775536, 15.9405, 0.33827, 0.4, -0.0050238, 0.933997, 0.898703, 0.923125, 0.908849
0.775586, 15.9359, 0.3382, 0.4, -0.00502343, 0.933995, 0.898698, 0.92312, 0.908844
0.775636, 15.9314, 0.338129, 0.4, -0.00502306, 0.933992, 0.898694, 0.923115, 0.908839
0.775687, 15.9269, 0.338058, 0.4, -0.00502268, 0.93399, 0.898689, 0.92311, 0.908833
0.775737, 15.9224, 0.337988, 0.4, -0.00502231, 0.933987, 0.898684, 0.923105, 0.908828
0.775787, 15.9179, 0.337917, 0.4, -0.00502193, 0.933985, 0.898679, 0.9231, 0.908823
0.775837, 15.9133, 0.337847, 0.4, -0.00502156, 0.933982, 0.898675, 0.923094, 0.908818
0.775887, 15.9088, 0.337776, 0.4, -0.00502118, 0.93398, 0.89867, 0.923089, 0.908813
0.775937, 15.9043, 0.337705, 0.4, -0.00502081, 0.933977, 0.898665, 0.923084, 0.908807
0.775987, 15.8998, 0.337635, 0.4, -0.00502043, 0.933975, 0.898661, 0.923079, 0.908802
0.776037, 15.8953, 0.337565, 0.4, -0.00502006, 0.933973, 0.898656, 0.923074, 0.908797
0.776087, 15.8907, 0.337494, 0.4, -0.00501968, 0.93397, 0.898651, 0.923069, 0.908792
0.776137, 15.8862, 0.337423, 0.4, -0.0050193, 0.933968, 0.898647, 0.923064, 0.908787
0.776187, 15.8817, 0.337353, 0.4, -0.00501893, 0.933965, 0.898642, 0.923058, 0.908781
0.776237, 15.8772, 0.337283, 0.4, -0.00501855, 0.933963, 0.898637, 0.923053, 0.908776
0.776287, 15.8727, 0.337212, 0.4, -0.00501817, 0.93396, 0.898633, 0.923048, 0.908771
0.776337, 15.8682, 0.337142, 0.4, -0.00501779, 0.933958, 0.898628, 0.923043, 0.908766
0.776387, 15.8636, 0.337071, 0.4, -0.00501741, 0.933955, 0.898623, 0.923038, 0.908761
0.776437, 15.8591, 0.337001, 0.4, -0.00501703, 0.933953, 0.898619, 0.923032, 0.908755
0.776487, 15.8546, 0.33693, 0.4, -0.00501665, 0.933951, 0.898614, 0.923027, 0.90875
0.776537, 15.8501, 0.33686, 0.4, -0.00501627, 0.933948, 0.898609, 0.923022, 0.908745
0.776587, 15.8456, 0.33679, 0.4, -0.00501589, 0.933946, 0.898605, 0.923017, 0.90874
0.776637, 15.8411, 0.33672, 0.4, -0.00501551, 0.933943, 0.8986, 0.923012, 0.908735
0.776687, 15.8365, 0.336649, 0.4, -0.00501513, 0.933941, 0.898595, 0.923007, 0.908729
0.776737, 15.832, 0.336579, 0.4, -0.00501475, 0.933938, 0.898591, 0.923002, 0.908724
0.776787, 15.8275, 0.336508, 0.4, -0.00501436, 0.933936, 0.898586, 0.922996, 0.908719
0.776837, 15.823, 0.336438, 0.4, -0.00501398, 0.933933, 0.898581, 0.922991, 0.908714
0.776887, 15.8185, 0.336368, 0.4, -0.0050136, 0.933931, 0.898577, 0.922986, 0.908708
0.776937, 15.814, 0.336298, 0.4, -0.00501321, 0.933928, 0.898572, 0.922981, 0.908703
0.776987, 15.8095, 0.336227, 0.4, -0.00501283, 0.933926, 0.898567, 0.922976, 0.908698
0.777037, 15.805, 0.336157, 0.4, -0.00501245, 0.933923, 0.898562, 0.92297, 0.908693
0.777087, 15.8004, 0.336087, 0.4, -0.00501206, 0.933921, 0.898558, 0.922965, 0.908688
0.777137, 15.7959, 0.336017, 0.4, -0.00501168, 0.933918, 0.898553, 0.92296, 0.908682
0.777187, 15.7914, 0.335946, 0.4, -0.00501129, 0.933916, 0.898548, 0.922955, 0.908677
0.777237, 15.7869, 0.335876, 0.4, -0.0050109, 0.933913, 0.898544, 0.92295, 0.908672
0.777287, 15.7824, 0.335806, 0.4, -0.00501052, 0.933911, 0.898539, 0.922945, 0.908667
0.777337, 15.7779, 0.335736, 0.4, -0.00501013, 0.933909, 0.898534, 0.922939, 0.908661
0.777387, 15.7734, 0.335666, 0.4, -0.00500974, 0.933906, 0.89853, 0.922934, 0.908656
0.777437, 15.7689, 0.335595, 0.4, -0.00500935, 0.933904, 0.898525, 0.922929, 0.908651
0.777487, 15.7644, 0.335525, 0.4, -0.00500897, 0.933901, 0.89852, 0.922924, 0.908646
0.777537, 15.7599, 0.335455, 0.4, -0.00500858, 0.933899, 0.898516, 0.922919, 0.908641
0.777587, 15.7554, 0.335385, 0.4, -0.00500819, 0.933896, 0.898511, 0.922914, 0.908635
0.777637, 15.7509, 0.335315, 0.4, -0.0050078, 0.933894, 0.898506, 0.922908, 0.90863
0.777687, 15.7463, 0.335245, 0.4, -0.00500741, 0.933891, 0.898501, 0.922903, 0.908625
0.777737, 15.7418, 0.335175, 0.4, -0.00500702, 0.933889, 0.898497, 0.922898, 0.90862
0.777787, 15.7373, 0.335105, 0.4, -0.00500663, 0.933886, 0.898492, 0.922893, 0.908614
0.777837, 15.7328, 0.335035, 0.4, -0.00500624, 0.933884, 0.898487, 0.922888, 0.908609
0.777887, 15.7283, 0.334964, 0.4, -0.00500585, 0.933881, 0.898483, 0.922883, 0.908604
0.777937, 15.7238, 0.334895, 0.4, -0.00500545, 0.933879, 0.898478, 0.922877, 0.908599
0.777987, 15.7193, 0.334824, 0.4, -0.00500506, 0.933876, 0.898473, 0.922872, 0.908594
0.778037, 15.7148, 0.334754, 0.4, -0.00500467, 0.933874, 0.898469, 0.922867, 0.908588
0.778087, 15.7103, 0.334684, 0.4, -0.00500428, 0.933871, 0.898464, 0.922862, 0.908583
0.778137, 15.7058, 0.334614, 0.4, -0.00500388, 0.933869, 0.898459, 0.922857, 0.908578
0.778187, 15.7013, 0.334544, 0.4, -0.00500349, 0.933866, 0.898455, 0.922852, 0.908573
0.778237, 15.6968, 0.334474, 0.4, -0.00500309, 0.933864, 0.89845, 0.922846, 0.908567
0.778287, 15.6923, 0.334405, 0.4, -0.0050027, 0.933861, 0.898445, 0.922841, 0.908562
0.778337, 15.6878, 0.334335, 0.4, -0.0050023, 0.933859, 0.89844, 0.922836, 0.908557
0.778387, 15.6833, 0.334265, 0.4, -0.00500191, 0.933856, 0.898436, 0.922831, 0.908552
0.778437, 15.6788, 0.334195, 0.4, -0.00500151, 0.933854, 0.898431, 0.922826, 0.908547
0.778487, 15.6743, 0.334125, 0.4, -0.00500112, 0.933851, 0.898426, 0.92282, 0.908541
0.778537, 15.6698, 0.334055, 0.4, -0.00500072, 0.933849, 0.898422, 0.922815, 0.908536
0.778587, 15.6653, 0.333985, 0.4, -0.00500032, 0.933846, 0.898417, 0.92281, 0.908531
0.778637, 15.6608, 0.333915, 0.4, -0.00499993, 0.933844, 0.898412, 0.922805, 0.908526
0.778687, 15.6563, 0.333845, 0.4, -0.00499953, 0.933841, 0.898407, 0.9228, 0.90852
0.778737, 15.6518, 0.333776, 0.4, -0.00499913, 0.933839, 0.898403, 0.922795, 0.908515
0.778787, 15.6473, 0.333706, 0.4, -0.00499873, 0.933836, 0.898398, 0.922789, 0.90851
0.778837, 15.6428, 0.333636, 0.4, -0.00499833, 0.933834, 0.898393, 0.922784, 0.908505
0.778887, 15.6383, 0.333566, 0.4, -0.00499793, 0.933831, 0.898389, 0.922779, 0.9085
0.778937, 15.6338, 0.333496, 0.4, -0.00499753, 0.933829, 0.898384, 0.922774, 0.908494
0.778987, 15.6293, 0.333427, 0.4, -0.00499713, 0.933826, 0.898379, 0.922769, 0.908489
0.779037, 15.6248, 0.333357, 0.4, -0.00499673, 0.933824, 0.898374, 0.922764, 0.908484
0.779087, 15.6203, 0.333287, 0.4, -0.00499633, 0.933821, 0.89837, 0.922758, 0.908479
0.779137, 15.6158, 0.333217, 0.4, -0.00499593, 0.933819, 0.898365, 0.922753, 0.908473
0.779187, 15.6113, 0.333147, 0.4, -0.00499553, 0.933816, 0.89836, 0.922748, 0.908468
0.779237, 15.6068, 0.333078, 0.4, -0.00499512, 0.933814, 0.898356, 0.922743, 0.908463
0.779287, 15.6023, 0.333008, 0.4, -0.00499472, 0.933811, 0.898351, 0.922738, 0.908458
0.779337, 15.5978, 0.332938, 0.4, -0.00499432, 0.933809, 0.898346, 0.922732, 0.908452
0.779387, 15.5933, 0.332869, 0.4, -0.00499391, 0.933806, 0.898341, 0.922727, 0.908447
0.779437, 15.5888, 0.332799, 0.4, -0.00499351, 0.933804, 0.898337, 0.922722, 0.908442
0.779487, 15.5843, 0.332729, 0.4, -0.0049931, 0.933801, 0.898332, 0.922717, 0.908437
0.779537, 15.5798, 0.33266, 0.4, -0.0049927, 0.933799, 0.898327, 0.922712, 0.908431
0.779587, 15.5753, 0.33259, 0.4, -0.00499229, 0.933796, 0.898323, 0.922706, 0.908426
0.779637, 15.5709, 0.33252, 0.4, -0.00499189, 0.933794, 0.898318, 0.922701, 0.908421
0.779687, 15.5664, 0.332451, 0.4, -0.00499148, 0.933791, 0.898313, 0.922696, 0.908416
0.779737, 15.5619, 0.332381, 0.4, -0.00499108, 0.933789, 0.898309, 0.922691, 0.90841
0.779787, 15.5574, 0.332311, 0.4, -0.00499067, 0.933786, 0.898304, 0.922686, 0.908405
0.779837, 15.5529, 0.332242, 0.4, -0.00499026, 0.933783, 0.898299, 0.922681, 0.9084
0.779887, 15.5484, 0.332172, 0.4, -0.00498985, 0.933781, 0.898294, 0.922675, 0.908395
0.779937, 15.5439, 0.332103, 0.4, -0.00498945, 0.933778, 0.89829, 0.92267, 0.90839
0.779987, 15.5394, 0.332033, 0.4, -0.00498904, 0.933776, 0.898285, 0.922665, 0.908384
0.780037, 15.5349, 0.331964, 0.4, -0.00498863, 0.933773, 0.89828, 0.92266, 0.908379
0.780087, 15.5304, 0.331894, 0.4, -0.00498822, 0.933771, 0.898275, 0.922655, 0.908374
0.780137, 15.5259, 0.331825, 0.4, -0.00498781, 0.933768, 0.898271, 0.922649, 0.908368
0.780187, 15.5215, 0.331755, 0.4, -0.0049874, 0.933766, 0.898266, 0.922644, 0.908363
0.780237, 15.517, 0.331686, 0.4, -0.00498699, 0.933763, 0.898261, 0.922639, 0.908358
0.780287, 15.5125, 0.331616, 0.4, -0.00498658, 0.933761, 0.898256, 0.922634, 0.908353
0.780337, 15.508, 0.331547, 0.4, -0.00498617, 0.933758, 0.898252, 0.922629, 0.908348
0.780387, 15.5035, 0.331477, 0.4, -0.00498576, 0.933756, 0.898247, 0.922623, 0.908342
0.780437, 15.499, 0.331408, 0.4, -0.00498534, 0.933753, 0.898242, 0.922618, 0.908337
0.780487, 15.4945, 0.331338, 0.4, -0.00498493, 0.933751, 0.898238, 0.922613, 0.908332
0.780537, 15.49, 0.331269, 0.4, -0.00498452, 0.933748, 0.898233, 0.922608, 0.908327
0.780587, 15.4856, 0.3312, 0.4, -0.0049841, 0.933745, 0.898228, 0.922603, 0.908321
0.780637, 15.4811, 0.33113, 0.4, -0.00498369, 0.933743, 0.898223, 0.922598, 0.908316
0.780687, 15.4766, 0.331061, 0.4, -0.00498328, 0.93374, 0.898219, 0.922592, 0.908311
0.780737, 15.4721, 0.330991, 0.4, -0.00498286, 0.933738, 0.898214, 0.922587, 0.908306
0.780787, 15.4676, 0.330922, 0.4, -0.00498245, 0.933735, 0.898209, 0.922582, 0.9083
0.780837, 15.4631, 0.330853, 0.4, -0.00498203, 0.933733, 0.898204, 0.922577, 0.908295
0.780887, 15.4587, 0.330783, 0.4, -0.00498162, 0.93373, 0.8982, 0.922572, 0.90829
0.780937, 15.4542, 0.330714, 0.4, -0.0049812, 0.933728, 0.898195, 0.922566, 0.908285
0.780987, 15.4497, 0.330645, 0.4, -0.00498078, 0.933725, 0.89819, 0.922561, 0.908279
0.781037, 15.4452, 0.330576, 0.4, -0.00498037, 0.933722, 0.898185, 0.922556, 0.908274
0.781087, 15.4407, 0.330506, 0.4, -0.00497995, 0.93372, 0.898181, 0.922551, 0.908269
0.781137, 15.4362, 0.330437, 0.4, -0.00497953, 0.933717, 0.898176, 0.922546, 0.908264
0.781187, 15.4318, 0.330368, 0.4, -0.00497911, 0.933715, 0.898171, 0.92254, 0.908258
0.781237, 15.4273, 0.330298, 0.4, -0.00497869, 0.933712, 0.898166, 0.922535, 0.908253
0.781287, 15.4228, 0.330229, 0.4, -0.00497827, 0.93371, 0.898162, 0.92253, 0.908248
0.781337, 15.4183, 0.33016, 0.4, -0.00497786, 0.933707, 0.898157, 0.922525, 0.908243
0.781387, 15.4138, 0.330091, 0.4, -0.00497744, 0.933704, 0.898152, 0.92252, 0.908237
0.781437, 15.4094, 0.330022, 0.4, -0.00497702, 0.933702, 0.898147, 0.922514, 0.908232
0.781487, 15.4049, 0.329952, 0.4, -0.00497659, 0.933699, 0.898143, 0.922509, 0.908227
0.781537, 15.4004, 0.329883, 0.4, -0.00497617, 0.933697, 0.898138, 0.922504, 0.908221
0.781587, 15.3959, 0.329814, 0.4, -0.00497575, 0.933694, 0.898133, 0.922499, 0.908216
0.781637, 15.3914, 0.329745, 0.4, -0.00497533, 0.933692, 0.898128, 0.922494, 0.908211
0.781687, 15.387, 0.329676, 0.4, -0.00497491, 0.933689, 0.898124, 0.922488, 0.908206
0.781738, 15.3825, 0.329607, 0.4, -0.00497449, 0.933686, 0.898119, 0.922483, 0.9082
0.781788, 15.378, 0.329537, 0.4, -0.00497406, 0.933684, 0.898114, 0.922478, 0.908195
0.781838, 15.3735, 0.329468, 0.4, -0.00497364, 0.933681, 0.898109, 0.922473, 0.90819
0.781888, 15.3691, 0.329399, 0.4, -0.00497322, 0.933679, 0.898105, 0.922468, 0.908185
0.781938, 15.3646, 0.32933, 0.4, -0.00497279, 0.933676, 0.8981, 0.922462, 0.908179
0.781988, 15.3601, 0.329261, 0.4, -0.00497237, 0.933673, 0.898095, 0.922457, 0.908174
0.782038, 15.3556, 0.329192, 0.4, -0.00497194, 0.933671, 0.89809, 0.922452, 0.908169
0.782088, 15.3512, 0.329123, 0.4, -0.00497152, 0.933668, 0.898085, 0.922447, 0.908163
0.782138, 15.3467, 0.329054, 0.4, -0.00497109, 0.933665, 0.898081, 0.922441, 0.908158
0.782188, 15.3422, 0.328985, 0.4, -0.00497066, 0.933663, 0.898076, 0.922436, 0.908153
0.782238, 15.3377, 0.328916, 0.4, -0.00497024, 0.93366, 0.898071, 0.922431, 0.908148
0.782288, 15.3333, 0.328847, 0.4, -0.00496981, 0.933657, 0.898066, 0.922426, 0.908142
0.782338, 15.3288, 0.328778, 0.4, -0.00496938, 0.933655, 0.898062, 0.922421, 0.908137
0.782388, 15.3243, 0.328709, 0.4, -0.00496895, 0.933652, 0.898057, 0.922415, 0.908132
0.782438, 15.3198, 0.32864, 0.4, -0.00496853, 0.93365, 0.898052, 0.92241, 0.908126
0.782488, 15.3154, 0.328571, 0.4, -0.0049681, 0.933647, 0.898047, 0.922405, 0.908121
0.782538, 15.3109, 0.328502, 0.4, -0.00496767, 0.933645, 0.898043, 0.9224, 0.908116
0.782588, 15.3064, 0.328433, 0.4, -0.00496724, 0.933642, 0.898038, 0.922395, 0.908111
0.782638, 15.302, 0.328364, 0.4, -0.00496681, 0.933639, 0.898033, 0.922389, 0.908105
0.782688, 15.2975, 0.328295, 0.4, -0.00496638, 0.933637, 0.898028, 0.922384, 0.9081
0.782738, 15.293, 0.328226, 0.4, -0.00496595, 0.933634, 0.898023, 0.922379, 0.908095
0.782788, 15.2886, 0.328157, 0.4, -0.00496552, 0.933631, 0.898019, 0.922374, 0.90809
0.782838, 15.2841, 0.328088, 0.4, -0.00496509, 0.933629, 0.898014, 0.922369, 0.908084
0.782888, 15.2796, 0.32802, 0.4, -0.00496465, 0.933626, 0.898009, 0.922363, 0.908079
0.782938, 15.2751, 0.327951, 0.4, -0.00496422, 0.933624, 0.898004, 0.922358, 0.908074
0.782988, 15.2707, 0.327882, 0.4, -0.00496379, 0.933621, 0.897999, 0.922353, 0.908068
0.783038, 15.2662, 0.327813, 0.4, -0.00496336, 0.933618, 0.897995, 0.922348, 0.908063
0.783088, 15.2617, 0.327744, 0.4, -0.00496292, 0.933616, 0.89799, 0.922342, 0.908058
0.783138, 15.2573, 0.327675, 0.4, -0.00496249, 0.933613, 0.897985, 0.922337, 0.908053
0.783188, 15.2528, 0.327607, 0.4, -0.00496205, 0.93361, 0.89798, 0.922332, 0.908047
0.783238, 15.2483, 0.327538, 0.4, -0.00496162, 0.933608, 0.897976, 0.922327, 0.908042
0.783288, 15.2439, 0.327469, 0.4, -0.00496118, 0.933605, 0.897971, 0.922322, 0.908037
0.783338, 15.2394, 0.3274, 0.4, -0.00496075, 0.933603, 0.897966, 0.922316, 0.908031
0.783388, 15.235, 0.327332, 0.4, -0.00496031, 0.9336, 0.897961, 0.922311, 0.908026
0.783438, 15.2305, 0.327263, 0.4, -0.00495988, 0.933597, 0.897956, 0.922306, 0.908021
0.783488, 15.226, 0.327194, 0.4, -0.00495944, 0.933595, 0.897952, 0.922301, 0.908016
0.783538, 15.2216, 0.327126, 0.4, -0.004959, 0.933592, 0.897947, 0.922296, 0.90801
0.783588, 15.2171, 0.327057, 0.4, -0.00495856, 0.933589, 0.897942, 0.92229, 0.908005
0.783638, 15.2126, 0.326988, 0.4, -0.00495813, 0.933587, 0.897937, 0.922285, 0.908
0.783688, 15.2082, 0.32692, 0.4, -0.00495769, 0.933584, 0.897933, 0.92228, 0.907994
0.783738, 15.2037, 0.326851, 0.4, -0.00495725, 0.933582, 0.897928, 0.922275, 0.907989
0.783788, 15.1993, 0.326782, 0.4, -0.00495681, 0.933579, 0.897923, 0.922269, 0.907984
0.783838, 15.1948, 0.326714, 0.4, -0.00495637, 0.933576, 0.897918, 0.922264, 0.907978
0.783888, 15.1903, 0.326645, 0.4, -0.00495593, 0.933574, 0.897913, 0.922259, 0.907973
0.783938, 15.1859, 0.326576, 0.4, -0.00495549, 0.933571, 0.897909, 0.922254, 0.907968
0.783988, 15.1814, 0.326508, 0.4, -0.00495505, 0.933568, 0.897904, 0.922249, 0.907963
0.784038, 15.177, 0.326439, 0.4, -0.00495461, 0.933566, 0.897899, 0.922243, 0.907957
0.784088, 15.1725, 0.326371, 0.4, -0.00495417, 0.933563, 0.897894, 0.922238, 0.907952
0.784138, 15.168, 0.326302, 0.4, -0.00495373, 0.93356, 0.897889, 0.922233, 0.907947
0.784188, 15.1636, 0.326234, 0.4, -0.00495328, 0.933558, 0.897885, 0.922228, 0.907941
0.784238, 15.1591, 0.326165, 0.4, -0.00495284, 0.933555, 0.89788, 0.922222, 0.907936
0.784288, 15.1547, 0.326097, 0.4, -0.0049524, 0.933552, 0.897875, 0.922217, 0.907931
0.784338, 15.1502, 0.326028, 0.4, -0.00495195, 0.93355, 0.89787, 0.922212, 0.907926
0.784388, 15.1457, 0.32596, 0.4, -0.00495151, 0.933547, 0.897865, 0.922207, 0.90792
0.784438, 15.1413, 0.325891, 0.4, -0.00495107, 0.933544, 0.897861, 0.922202, 0.907915
0.784488, 15.1368, 0.325823, 0.4, -0.00495062, 0.933542, 0.897856, 0.922196, 0.90791
0.784538, 15.1324, 0.325754, 0.4, -0.00495018, 0.933539, 0.897851, 0.922191, 0.907904
0.784588, 15.1279, 0.325686, 0.4, -0.00494973, 0.933537, 0.897846, 0.922186, 0.907899
0.784638, 15.1235, 0.325617, 0.4, -0.00494928, 0.933534, 0.897841, 0.922181, 0.907894
0.784688, 15.119, 0.325549, 0.4, -0.00494884, 0.933531, 0.897837, 0.922176, 0.907889
0.784738, 15.1146, 0.325481, 0.4, -0.00494839, 0.933529, 0.897832, 0.92217, 0.907883
0.784788, 15.1101, 0.325412, 0.4, -0.00494794, 0.933526, 0.897827, 0.922165, 0.907878
0.784838, 15.1057, 0.325344, 0.4, -0.0049475, 0.933523, 0.897822, 0.92216, 0.907873
0.784888, 15.1012, 0.325275, 0.4, -0.00494705, 0.933521, 0.897817, 0.922155, 0.907867
0.784938, 15.0968, 0.325207, 0.4, -0.0049466, 0.933518, 0.897813, 0.922149, 0.907862
0.784988, 15.0923, 0.325139, 0.4, -0.00494615, 0.933515, 0.897808, 0.922144, 0.907857
0.785038, 15.0878, 0.325071, 0.4, -0.0049457, 0.933513, 0.897803, 0.922139, 0.907851
0.785088, 15.0834, 0.325002, 0.4, -0.00494525, 0.93351, 0.897798, 0.922134, 0.907846
0.785138, 15.0789, 0.324934, 0.4, -0.0049448, 0.933507, 0.897793, 0.922128, 0.907841
0.785188, 15.0745, 0.324866, 0.4, -0.00494435, 0.933505, 0.897789, 0.922123, 0.907836
0.785238, 15.07, 0.324797, 0.4, -0.0049439, 0.933502, 0.897784, 0.922118, 0.90783
0.785288, 15.0656, 0.324729, 0.4, -0.00494345, 0.933499, 0.897779, 0.922113, 0.907825
0.785338, 15.0611, 0.324661, 0.4, -0.004943, 0.933497, 0.897774, 0.922108, 0.90782
0.785388, 15.0567, 0.324593, 0.4, -0.00494255, 0.933494, 0.897769, 0.922102, 0.907814
0.785438, 15.0522, 0.324524, 0.4, -0.0049421, 0.933491, 0.897765, 0.922097, 0.907809
0.785488, 15.0478, 0.324456, 0.4, -0.00494164, 0.933489, 0.89776, 0.922092, 0.907804
0.785538, 15.0434, 0.324388, 0.4, -0.00494119, 0.933486, 0.897755, 0.922087, 0.907798
0.785588, 15.0389, 0.32432, 0.4, -0.00494074, 0.933483, 0.89775, 0.922081, 0.907793
0.785638, 15.0345, 0.324252, 0.4, -0.00494028, 0.933481, 0.897745, 0.922076, 0.907788
0.785688, 15.03, 0.324183, 0.4, -0.00493983, 0.933478, 0.89774, 0.922071, 0.907783
0.785738, 15.0256, 0.324115, 0.4, -0.00493937, 0.933475, 0.897736, 0.922066, 0.907777
0.785788, 15.0211, 0.324047, 0.4, -0.00493892, 0.933473, 0.897731, 0.922061, 0.907772
0.785838, 15.0167, 0.323979, 0.4, -0.00493846, 0.93347, 0.897726, 0.922055, 0.907767
0.785888, 15.0122, 0.323911, 0.4, -0.00493801, 0.933467, 0.897721, 0.92205, 0.907761
0.785938, 15.0078, 0.323843, 0.4, -0.00493755, 0.933465, 0.897716, 0.922045, 0.907756
0.785988, 15.0033, 0.323775, 0.4, -0.00493709, 0.933462, 0.897712, 0.92204, 0.907751
0.786038, 14.9989, 0.323707, 0.4, -0.00493664, 0.933459, 0.897707, 0.922034, 0.907745
0.786088, 14.9945, 0.323639, 0.4, -0.00493618, 0.933456, 0.897702, 0.922029, 0.90774
0.786138, 14.99, 0.323571, 0.4, -0.00493572, 0.933454, 0.897697, 0.922024, 0.907735
0.786188, 14.9856, 0.323503, 0.4, -0.00493526, 0.933451, 0.897692, 0.922019, 0.90773
0.786238, 14.9811, 0.323435, 0.4, -0.00493481, 0.933448, 0.897687, 0.922013, 0.907724
0.786288, 14.9767, 0.323367, 0.4, -0.00493435, 0.933446, 0.897683, 0.922008, 0.907719
0.786338, 14.9723, 0.323299, 0.4, -0.00493389, 0.933443, 0.897678, 0.922003, 0.907714
0.786388, 14.9678, 0.323231, 0.4, -0.00493343, 0.93344, 0.897673, 0.921998, 0.907708
0.786438, 14.9634, 0.323163, 0.4, -0.00493297, 0.933438, 0.897668, 0.921993, 0.907703
0.786488, 14.9589, 0.323095, 0.4, -0.00493251, 0.933435, 0.897663, 0.921987, 0.907698
0.786538, 14.9545, 0.323027, 0.4, -0.00493205, 0.933432, 0.897659, 0.921982, 0.907692
0.786588, 14.9501, 0.322959, 0.4, -0.00493158, 0.933429, 0.897654, 0.921977, 0.907687
0.786638, 14.9456, 0.322891, 0.4, -0.00493112, 0.933427, 0.897649, 0.921972, 0.907682
0.786688, 14.9412, 0.322823, 0.4, -0.00493066, 0.933424, 0.897644, 0.921966, 0.907676
0.786738, 14.9367, 0.322755, 0.4, -0.0049302, 0.933421, 0.897639, 0.921961, 0.907671
0.786788, 14.9323, 0.322688, 0.4, -0.00492973, 0.933419, 0.897634, 0.921956, 0.907666
0.786838, 14.9279, 0.32262, 0.4, -0.00492927, 0.933416, 0.89763, 0.921951, 0.90766
0.786888, 14.9234, 0.322552, 0.4, -0.00492881, 0.933413, 0.897625, 0.921946, 0.907655
0.786938, 14.919, 0.322484, 0.4, -0.00492834, 0.933411, 0.89762, 0.92194, 0.90765
0.786988, 14.9146, 0.322416, 0.4, -0.00492788, 0.933408, 0.897615, 0.921935, 0.907645
0.787038, 14.9101, 0.322348, 0.4, -0.00492741, 0.933405, 0.89761, 0.92193, 0.907639
0.787088, 14.9057, 0.32228, 0.4, -0.00492695, 0.933403, 0.897606, 0.921925, 0.907634
0.787138, 14.9013, 0.322213, 0.4, -0.00492648, 0.9334, 0.897601, 0.921919, 0.907629
0.787188, 14.8968, 0.322145, 0.4, -0.00492602, 0.933397, 0.897596, 0.921914, 0.907623
0.787238, 14.8924, 0.322077, 0.4, -0.00492555, 0.933394, 0.897591, 0.921909, 0.907618
0.787288, 14.888, 0.322009, 0.4, -0.00492508, 0.933392, 0.897586, 0.921904, 0.907613
0.787338, 14.8835, 0.321942, 0.4, -0.00492462, 0.933389, 0.897581, 0.921898, 0.907607
0.787388, 14.8791, 0.321874, 0.4, -0.00492415, 0.933386, 0.897577, 0.921893, 0.907602
0.787438, 14.8747, 0.321806, 0.4, -0.00492368, 0.933384, 0.897572, 0.921888, 0.907597
0.787488, 14.8702, 0.321739, 0.4, -0.00492321, 0.933381, 0.897567, 0.921883, 0.907591
0.787538, 14.8658, 0.321671, 0.4, -0.00492274, 0.933378, 0.897562, 0.921878, 0.907586
0.787588, 14.8614, 0.321603, 0.4, -0.00492227, 0.933375, 0.897557, 0.921872, 0.907581
0.787638, 14.8569, 0.321536, 0.4, -0.0049218, 0.933373, 0.897552, 0.921867, 0.907575
0.787688, 14.8525, 0.321468, 0.4, -0.00492133, 0.93337, 0.897548, 0.921862, 0.90757
0.787739, 14.8481, 0.3214, 0.4, -0.00492086, 0.933367, 0.897543, 0.921857, 0.907565
0.787789, 14.8437, 0.321333, 0.4, -0.00492039, 0.933365, 0.897538, 0.921851, 0.90756
0.787839, 14.8392, 0.321265, 0.4, -0.00491992, 0.933362, 0.897533, 0.921846, 0.907554
0.787889, 14.8348, 0.321198, 0.4, -0.00491945, 0.933359, 0.897528, 0.921841, 0.907549
0.787939, 14.8304, 0.32113, 0.4, -0.00491898, 0.933356, 0.897523, 0.921836, 0.907544
0.787989, 14.8259, 0.321063, 0.4, -0.0049185, 0.933354, 0.897519, 0.921831, 0.907538
0.788039, 14.8215, 0.320995, 0.4, -0.00491803, 0.933351, 0.897514, 0.921825, 0.907533
0.788089, 14.8171, 0.320927, 0.4, -0.00491756, 0.933348, 0.897509, 0.92182, 0.907528
0.788139, 14.8127, 0.32086, 0.4, -0.00491709, 0.933346, 0.897504, 0.921815, 0.907522
0.788189, 14.8082, 0.320792, 0.4, -0.00491661, 0.933343, 0.897499, 0.92181, 0.907517
0.788239, 14.8038, 0.320725, 0.4, -0.00491614, 0.93334, 0.897494, 0.921804, 0.907512
0.788289, 14.7994, 0.320658, 0.4, -0.00491566, 0.933337, 0.89749, 0.921799, 0.907506
0.788339, 14.795, 0.32059, 0.4, -0.00491519, 0.933335, 0.897485, 0.921794, 0.907501
0.788389, 14.7905, 0.320522, 0.4, -0.00491471, 0.933332, 0.89748, 0.921789, 0.907496
0.788439, 14.7861, 0.320455, 0.4, -0.00491423, 0.933329, 0.897475, 0.921784, 0.90749
0.788489, 14.7817, 0.320388, 0.4, -0.00491376, 0.933327, 0.89747, 0.921778, 0.907485
0.788539, 14.7773, 0.32032, 0.4, -0.00491328, 0.933324, 0.897465, 0.921773, 0.90748
0.788589, 14.7729, 0.320253, 0.4, -0.0049128, 0.933321, 0.897461, 0.921768, 0.907475
0.788639, 14.7684, 0.320185, 0.4, -0.00491233, 0.933318, 0.897456, 0.921762, 0.907469
0.788689, 14.764, 0.320118, 0.4, -0.00491185, 0.933315, 0.897451, 0.921757, 0.907464
0.788739, 14.7596, 0.320051, 0.4, -0.00491137, 0.933313, 0.897446, 0.921752, 0.907458
0.788789, 14.7552, 0.319983, 0.4, -0.00491089, 0.93331, 0.897441, 0.921747, 0.907453
0.788839, 14.7508, 0.319916, 0.4, -0.00491041, 0.933307, 0.897436, 0.921741, 0.907448
0.788889, 14.7463, 0.319849, 0.4, -0.00490993, 0.933304, 0.897431, 0.921736, 0.907443
0.788939, 14.7419, 0.319781, 0.4, -0.00490945, 0.933302, 0.897427, 0.921731, 0.907437
0.788989, 14.7375, 0.319714, 0.4, -0.00490897, 0.933299, 0.897422, 0.921726, 0.907432
0.789039, 14.7331, 0.319647, 0.4, -0.00490849, 0.933296, 0.897417, 0.921721, 0.907426
0.789089, 14.7287, 0.319579, 0.4, -0.00490801, 0.933293, 0.897412, 0.921715, 0.907421
0.789139, 14.7242, 0.319512, 0.4, -0.00490753, 0.933291, 0.897407, 0.92171, 0.907416
0.789189, 14.7198, 0.319445, 0.4, -0.00490705, 0.933288, 0.897402, 0.921705, 0.90741
0.789239, 14.7154, 0.319378, 0.4, -0.00490657, 0.933285, 0.897397, 0.9217, 0.907405
0.789289, 14.711, 0.31931, 0.4, -0.00490608, 0.933282, 0.897393, 0.921694, 0.9074
0.789339, 14.7066, 0.319243, 0.4, -0.0049056, 0.93328, 0.897388, 0.921689, 0.907394
0.789389, 14.7022, 0.319176, 0.4, -0.00490512, 0.933277, 0.897383, 0.921684, 0.907389
0.789439, 14.6978, 0.319109, 0.4, -0.00490463, 0.933274, 0.897378, 0.921678, 0.907384
0.789489, 14.6933, 0.319042, 0.4, -0.00490415, 0.933271, 0.897373, 0.921673, 0.907378
0.789539, 14.6889, 0.318974, 0.4, -0.00490366, 0.933268, 0.897368, 0.921668, 0.907373
0.789589, 14.6845, 0.318907, 0.4, -0.00490318, 0.933266, 0.897363, 0.921663, 0.907368
0.789639, 14.6801, 0.31884, 0.4, -0.00490269, 0.933263, 0.897358, 0.921658, 0.907362
0.789689, 14.6757, 0.318773, 0.4, -0.00490221, 0.93326, 0.897354, 0.921652, 0.907357
0.789739, 14.6713, 0.318706, 0.4, -0.00490172, 0.933257, 0.897349, 0.921647, 0.907352
0.789789, 14.6669, 0.318638, 0.4, -0.00490124, 0.933255, 0.897344, 0.921642, 0.907346
0.789839, 14.6625, 0.318572, 0.4, -0.00490075, 0.933252, 0.897339, 0.921637, 0.907341
0.789889, 14.658, 0.318504, 0.4, -0.00490026, 0.933249, 0.897334, 0.921631, 0.907336
0.789939, 14.6536, 0.318437, 0.4, -0.00489977, 0.933246, 0.897329, 0.921626, 0.90733
0.789989, 14.6492, 0.31837, 0.4, -0.00489929, 0.933244, 0.897324, 0.921621, 0.907325
0.790039, 14.6448, 0.318303, 0.4, -0.0048988, 0.933241, 0.897319, 0.921616, 0.90732
0.790089, 14.6404, 0.318236, 0.4, -0.00489831, 0.933238, 0.897315, 0.92161, 0.907314
0.790139, 14.636, 0.318169, 0.4, -0.00489782, 0.933235, 0.89731, 0.921605, 0.907309
0.790189, 14.6316, 0.318102, 0.4, -0.00489733, 0.933232, 0.897305, 0.9216, 0.907304
0.790239, 14.6272, 0.318035, 0.4, -0.00489684, 0.93323, 0.8973, 0.921595, 0.907298
0.790289, 14.6228, 0.317968, 0.4, -0.00489635, 0.933227, 0.897295, 0.921589, 0.907293
0.790339, 14.6184, 0.317901, 0.4, -0.00489586, 0.933224, 0.89729, 0.921584, 0.907288
0.790389, 14.614, 0.317834, 0.4, -0.00489537, 0.933221, 0.897285, 0.921579, 0.907282
0.790439, 14.6096, 0.317767, 0.4, -0.00489487, 0.933218, 0.897281, 0.921574, 0.907277
0.790489, 14.6052, 0.3177, 0.4, -0.00489438, 0.933216, 0.897276, 0.921568, 0.907272
0.790539, 14.6007, 0.317633, 0.4, -0.00489389, 0.933213, 0.897271, 0.921563, 0.907266
0.790589, 14.5963, 0.317567, 0.4, -0.0048934, 0.93321, 0.897266, 0.921558, 0.907261
0.790639, 14.5919, 0.3175, 0.4, -0.0048929, 0.933207, 0.897261, 0.921553, 0.907256
0.790689, 14.5875, 0.317433, 0.4, -0.00489241, 0.933204, 0.897256, 0.921547, 0.90725
0.790739, 14.5831, 0.317366, 0.4, -0.00489192, 0.933202, 0.897251, 0.921542, 0.907245
0.790789, 14.5787, 0.317299, 0.4, -0.00489142, 0.933199, 0.897246, 0.921537, 0.907239
0.790839, 14.5743, 0.317232, 0.4, -0.00489093, 0.933196, 0.897242, 0.921532, 0.907234
0.790889, 14.5699, 0.317165, 0.4, -0.00489043, 0.933193, 0.897237, 0.921526, 0.907229
0.790939, 14.5655, 0.317099, 0.4, -0.00488994, 0.93319, 0.897232, 0.921521, 0.907224
0.790989, 14.5611, 0.317032, 0.4, -0.00488944, 0.933188, 0.897227, 0.921516, 0.907218
0.791039, 14.5567, 0.316965, 0.4, -0.00488894, 0.933185, 0.897222, 0.921511, 0.907213
0.791089, 14.5523, 0.316898, 0.4, -0.00488845, 0.933182, 0.897217, 0.921505, 0.907208
0.791139, 14.5479, 0.316831, 0.4, -0.00488795, 0.933179, 0.897212, 0.9215, 0.907202
0.791189, 14.5435, 0.316765, 0.4, -0.00488745, 0.933177, 0.897207, 0.921495, 0.907197
0.791239, 14.5391, 0.316698, 0.4, -0.00488696, 0.933174, 0.897203, 0.92149, 0.907191
0.791289, 14.5347, 0.316631, 0.4, -0.00488646, 0.933171, 0.897198, 0.921484, 0.907186
0.791339, 14.5303, 0.316565, 0.4, -0.00488596, 0.933168, 0.897193, 0.921479, 0.907181
0.791389, 14.5259, 0.316498, 0.4, -0.00488546, 0.933165, 0.897188, 0.921474, 0.907175
0.791439, 14.5215, 0.316431, 0.4, -0.00488496, 0.933162, 0.897183, 0.921469, 0.90717
0.791489, 14.5171, 0.316365, 0.4, -0.00488446, 0.93316, 0.897178, 0.921463, 0.907165
0.791539, 14.5127, 0.316298, 0.4, -0.00488396, 0.933157, 0.897173, 0.921458, 0.907159
0.791589, 14.5083, 0.316231, 0.4, -0.00488346, 0.933154, 0.897168, 0.921453, 0.907154
0.791639, 14.504, 0.316165, 0.4, -0.00488296, 0.933151, 0.897163, 0.921448, 0.907149
0.791689, 14.4996, 0.316098, 0.4, -0.00488246, 0.933148, 0.897159, 0.921442, 0.907143
0.791739, 14.4952, 0.316031, 0.4, -0.00488196, 0.933146, 0.897154, 0.921437, 0.907138
0.791789, 14.4908, 0.315965, 0.4, -0.00488145, 0.933143, 0.897149, 0.921432, 0.907133
0.791839, 14.4864, 0.315898, 0.4, -0.00488095, 0.93314, 0.897144, 0.921427, 0.907127
0.791889, 14.482, 0.315832, 0.4, -0.00488045, 0.933137, 0.897139, 0.921421, 0.907122
0.791939, 14.4776, 0.315765, 0.4, -0.00487994, 0.933134, 0.897134, 0.921416, 0.907117
0.791989, 14.4732, 0.315699, 0.4, -0.00487944, 0.933132, 0.897129, 0.921411, 0.907111
0.792039, 14.4688, 0.315632, 0.4, -0.00487894, 0.933129, 0.897124, 0.921406, 0.907106
0.792089, 14.4644, 0.315566, 0.4, -0.00487843, 0.933126, 0.89712, 0.9214, 0.9071
0.792139, 14.46, 0.315499, 0.4, -0.00487793, 0.933123, 0.897115, 0.921395, 0.907095
0.792189, 14.4556, 0.315433, 0.4, -0.00487742, 0.93312, 0.89711, 0.92139, 0.90709
0.792239, 14.4513, 0.315366, 0.4, -0.00487692, 0.933118, 0.897105, 0.921385, 0.907084
0.792289, 14.4469, 0.3153, 0.4, -0.00487641, 0.933115, 0.8971, 0.921379, 0.907079
0.792339, 14.4425, 0.315233, 0.4, -0.0048759, 0.933112, 0.897095, 0.921374, 0.907074
0.792389, 14.4381, 0.315167, 0.4, -0.0048754, 0.933109, 0.89709, 0.921369, 0.907068
0.792439, 14.4337, 0.315101, 0.4, -0.00487489, 0.933106, 0.897085, 0.921364, 0.907063
0.792489, 14.4293, 0.315034, 0.4, -0.00487438, 0.933104, 0.897081, 0.921358, 0.907058
0.792539, 14.4249, 0.314968, 0.4, -0.00487387, 0.933101, 0.897076, 0.921353, 0.907052
0.792589, 14.4205, 0.314902, 0.4, -0.00487337, 0.933098, 0.897071, 0.921348, 0.907047
0.792639, 14.4162, 0.314835, 0.4, -0.00487286, 0.933095, 0.897066, 0.921343, 0.907042
0.792689, 14.4118, 0.314769, 0.4, -0.00487235, 0.933092, 0.897061, 0.921337, 0.907036
0.792739, 14.4074, 0.314703, 0.4, -0.00487184, 0.933089, 0.897056, 0.921332, 0.907031
0.792789, 14.403, 0.314636, 0.4, -0.00487133, 0.933087, 0.897051, 0.921327, 0.907026
0.792839, 14.3986, 0.31457, 0.4, -0.00487082, 0.933084, 0.897046, 0.921322, 0.90702
0.792889, 14.3942, 0.314504, 0.4, -0.00487031, 0.933081, 0.897041, 0.921316, 0.907015
0.792939, 14.3898, 0.314437, 0.4, -0.0048698, 0.933078, 0.897036, 0.921311, 0.90701
0.792989, 14.3855, 0.314371, 0.4, -0.00486929, 0.933075, 0.897032, 0.921306, 0.907004
0.793039, 14.3811, 0.314305, 0.4, -0.00486877, 0.933072, 0.897027, 0.921301, 0.906999
0.793089, 14.3767, 0.314239, 0.4, -0.00486826, 0.93307, 0.897022, 0.921295, 0.906994
0.793139, 14.3723, 0.314173, 0.4, -0.00486775, 0.933067, 0.897017, 0.92129, 0.906988
0.793189, 14.3679, 0.314106, 0.4, -0.00486724, 0.933064, 0.897012, 0.921285, 0.906983
0.793239, 14.3636, 0.31404, 0.4, -0.00486672, 0.933061, 0.897007, 0.92128, 0.906978
0.793289, 14.3592, 0.313974, 0.4, -0.00486621, 0.933058, 0.897002, 0.921274, 0.906972
0.793339, 14.3548, 0.313908, 0.4, -0.00486569, 0.933055, 0.896997, 0.921269, 0.906967
0.793389, 14.3504, 0.313842, 0.4, -0.00486518, 0.933053, 0.896992, 0.921264, 0.906962
0.793439, 14.346, 0.313776, 0.4, -0.00486467, 0.93305, 0.896987, 0.921259, 0.906956
0.793489, 14.3417, 0.313709, 0.4, -0.00486415, 0.933047, 0.896983, 0.921253, 0.906951
0.793539, 14.3373, 0.313643, 0.4, -0.00486364, 0.933044, 0.896978, 0.921248, 0.906945
0.793589, 14.3329, 0.313577, 0.4, -0.00486312, 0.933041, 0.896973, 0.921243, 0.90694
0.793639, 14.3285, 0.313511, 0.4, -0.0048626, 0.933038, 0.896968, 0.921238, 0.906935
0.793689, 14.3242, 0.313445, 0.4, -0.00486209, 0.933035, 0.896963, 0.921232, 0.906929
0.793739, 14.3198, 0.313379, 0.4, -0.00486157, 0.933033, 0.896958, 0.921227, 0.906924
0.79379, 14.3154, 0.313313, 0.4, -0.00486105, 0.93303, 0.896953, 0.921222, 0.906919
0.79384, 14.311, 0.313247, 0.4, -0.00486053, 0.933027, 0.896948, 0.921217, 0.906913
0.79389, 14.3067, 0.313181, 0.4, -0.00486001, 0.933024, 0.896943, 0.921211, 0.906908
0.79394, 14.3023, 0.313115, 0.4, -0.0048595, 0.933021, 0.896938, 0.921206, 0.906902
0.79399, 14.2979, 0.313049, 0.4, -0.00485898, 0.933018, 0.896933, 0.921201, 0.906897
0.79404, 14.2935, 0.312983, 0.4, -0.00485846, 0.933015, 0.896929, 0.921195, 0.906892
0.79409, 14.2892, 0.312917, 0.4, -0.00485794, 0.933012, 0.896924, 0.92119, 0.906886
0.79414, 14.2848, 0.312851, 0.4, -0.00485742, 0.93301, 0.896919, 0.921185, 0.906881
0.79419, 14.2804, 0.312785, 0.4, -0.0048569, 0.933007, 0.896914, 0.92118, 0.906876
0.79424, 14.2761, 0.312719, 0.4, -0.00485638, 0.933004, 0.896909, 0.921174, 0.90687
0.79429, 14.2717, 0.312653, 0.4, -0.00485585, 0.933001, 0.896904, 0.921169, 0.906865
0.79434, 14.2673, 0.312587, 0.4, -0.00485533, 0.932998, 0.896899, 0.921164, 0.906859
0.79439, 14.2629, 0.312521, 0.4, -0.00485481, 0.932995, 0.896894, 0.921159, 0.906854
0.79444, 14.2586, 0.312455, 0.4, -0.00485429, 0.932992, 0.896889, 0.921153, 0.906849
0.79449, 14.2542, 0.31239, 0.4, -0.00485376, 0.93299, 0.896884, 0.921148, 0.906843
0.79454, 14.2498, 0.312324, 0.4, -0.00485324, 0.932987, 0.896879, 0.921143, 0.906838
0.79459, 14.2455, 0.312258, 0.4, -0.00485272, 0.932984, 0.896874, 0.921138, 0.906833
0.79464, 14.2411, 0.312192, 0.4, -0.00485219, 0.932981, 0.89687, 0.921132, 0.906827
0.79469, 14.2367, 0.312126, 0.4, -0.00485167, 0.932978, 0.896865, 0.921127, 0.906822
0.79474, 14.2324, 0.31206, 0.4, -0.00485114, 0.932975, 0.89686, 0.921122, 0.906816
0.79479, 14.228, 0.311995, 0.4, -0.00485062, 0.932972, 0.896855, 0.921117, 0.906811
0.79484, 14.2236, 0.311929, 0.4, -0.00485009, 0.932969, 0.89685, 0.921111, 0.906806
0.79489, 14.2193, 0.311863, 0.4, -0.00484957, 0.932966, 0.896845, 0.921106, 0.9068
0.79494, 14.2149, 0.311797, 0.4, -0.00484904, 0.932964, 0.89684, 0.921101, 0.906795
0.79499, 14.2105, 0.311732, 0.4, -0.00484851, 0.932961, 0.896835, 0.921096, 0.90679
0.79504, 14.2062, 0.311666, 0.4, -0.00484799, 0.932958, 0.89683, 0.92109, 0.906784
0.79509, 14.2018, 0.3116, 0.4, -0.00484746, 0.932955, 0.896825, 0.921085, 0.906779
0.79514, 14.1975, 0.311535, 0.4, -0.00484693, 0.932952, 0.89682, 0.92108, 0.906774
0.79519, 14.1931, 0.311469, 0.4, -0.0048464, 0.932949, 0.896815, 0.921074, 0.906768
0.79524, 14.1887, 0.311403, 0.4, -0.00484587, 0.932946, 0.89681, 0.921069, 0.906763
0.79529, 14.1844, 0.311337, 0.4, -0.00484535, 0.932943, 0.896806, 0.921064, 0.906757
0.79534, 14.18, 0.311272, 0.4, -0.00484482, 0.93294, 0.896801, 0.921059, 0.906752
0.79539, 14.1756, 0.311206, 0.4, -0.00484429, 0.932938, 0.896796, 0.921053, 0.906747
0.79544, 14.1713, 0.311141, 0.4, -0.00484376, 0.932935, 0.896791, 0.921048, 0.906741
0.79549, 14.1669, 0.311075, 0.4, -0.00484323, 0.932932, 0.896786, 0.921043, 0.906736
0.79554, 14.1626, 0.311009, 0.4, -0.00484269, 0.932929, 0.896781, 0.921038, 0.906731
0.79559, 14.1582, 0.310944, 0.4, -0.00484216, 0.932926, 0.896776, 0.921032, 0.906725
0.79564, 14.1539, 0.310878, 0.4, -0.00484163, 0.932923, 0.896771, 0.921027, 0.90672
0.79569, 14.1495, 0.310813, 0.4, -0.0048411, 0.93292, 0.896766, 0.921022, 0.906714
0.79574, 14.1451, 0.310747, 0.4, -0.00484057, 0.932917, 0.896761, 0.921017, 0.906709
0.79579, 14.1408, 0.310682, 0.4, -0.00484003, 0.932914, 0.896756, 0.921011, 0.906704
0.79584, 14.1364, 0.310616, 0.4, -0.0048395, 0.932911, 0.896751, 0.921006, 0.906698
0.79589, 14.1321, 0.310551, 0.4, -0.00483897, 0.932909, 0.896746, 0.921001, 0.906693
0.79594, 14.1277, 0.310485, 0.4, -0.00483843, 0.932906, 0.896742, 0.920996, 0.906688
0.79599, 14.1234, 0.31042, 0.4, -0.0048379, 0.932903, 0.896737, 0.92099, 0.906682
0.79604, 14.119, 0.310354, 0.4, -0.00483736, 0.9329, 0.896732, 0.920985, 0.906677
0.79609, 14.1147, 0.310289, 0.4, -0.00483683, 0.932897, 0.896727, 0.92098, 0.906671
0.79614, 14.1103, 0.310224, 0.4, -0.00483629, 0.932894, 0.896722, 0.920974, 0.906666
0.79619, 14.106, 0.310158, 0.4, -0.00483576, 0.932891, 0.896717, 0.920969, 0.906661
0.79624, 14.1016, 0.310093, 0.4, -0.00483522, 0.932888, 0.896712, 0.920964, 0.906655
0.79629, 14.0972, 0.310027, 0.4, -0.00483468, 0.932885, 0.896707, 0.920959, 0.90665
0.79634, 14.0929, 0.309962, 0.4, -0.00483415, 0.932882, 0.896702, 0.920953, 0.906645
0.79639, 14.0885, 0.309897, 0.4, -0.00483361, 0.932879, 0.896697, 0.920948, 0.906639
0.79644, 14.0842, 0.309831, 0.4, -0.00483307, 0.932877, 0.896692, 0.920943, 0.906634
0.79649, 14.0798, 0.309766, 0.4, -0.00483253, 0.932874, 0.896687, 0.920938, 0.906628
0.79654, 14.0755, 0.309701, 0.4, -0.00483199, 0.932871, 0.896682, 0.920932, 0.906623
0.79659, 14.0711, 0.309635, 0.4, -0.00483146, 0.932868, 0.896677, 0.920927, 0.906618
0.79664, 14.0668, 0.30957, 0.4, -0.00483092, 0.932865, 0.896672, 0.920922, 0.906612
0.79669, 14.0625, 0.309505, 0.4, -0.00483038, 0.932862, 0.896668, 0.920917, 0.906607
0.79674, 14.0581, 0.30944, 0.4, -0.00482984, 0.932859, 0.896663, 0.920911, 0.906601
0.79679, 14.0538, 0.309374, 0.4, -0.0048293, 0.932856, 0.896658, 0.920906, 0.906596
0.79684, 14.0494, 0.309309, 0.4, -0.00482875, 0.932853, 0.896653, 0.920901, 0.906591
0.79689, 14.0451, 0.309244, 0.4, -0.00482821, 0.93285, 0.896648, 0.920896, 0.906585
0.79694, 14.0407, 0.309179, 0.4, -0.00482767, 0.932847, 0.896643, 0.92089, 0.90658
0.79699, 14.0364, 0.309114, 0.4, -0.00482713, 0.932844, 0.896638, 0.920885, 0.906575
0.79704, 14.032, 0.309048, 0.4, -0.00482659, 0.932842, 0.896633, 0.92088, 0.906569
0.79709, 14.0277, 0.308983, 0.4, -0.00482604, 0.932839, 0.896628, 0.920875, 0.906564
0.79714, 14.0233, 0.308918, 0.4, -0.0048255, 0.932836, 0.896623, 0.920869, 0.906559
0.79719, 14.019, 0.308853, 0.4, -0.00482496, 0.932833, 0.896618, 0.920864, 0.906553
0.79724, 14.0147, 0.308788, 0.4, -0.00482441, 0.93283, 0.896613, 0.920859, 0.906548
0.79729, 14.0103, 0.308723, 0.4, -0.00482387, 0.932827, 0.896608, 0.920854, 0.906542
0.79734, 14.006, 0.308658, 0.4, -0.00482333, 0.932824, 0.896603, 0.920848, 0.906537
0.79739, 14.0016, 0.308593, 0.4, -0.00482278, 0.932821, 0.896598, 0.920843, 0.906532
0.79744, 13.9973, 0.308528, 0.4, -0.00482224, 0.932818, 0.896594, 0.920838, 0.906526
0.79749, 13.993, 0.308463, 0.4, -0.00482169, 0.932815, 0.896589, 0.920832, 0.906521
0.79754, 13.9886, 0.308398, 0.4, -0.00482114, 0.932812, 0.896584, 0.920827, 0.906516
0.79759, 13.9843, 0.308333, 0.4, -0.0048206, 0.93281, 0.896579, 0.920822, 0.90651
0.79764, 13.9799, 0.308268, 0.4, -0.00482005, 0.932806, 0.896574, 0.920817, 0.906505
0.79769, 13.9756, 0.308203, 0.4, -0.0048195, 0.932804, 0.896569, 0.920811, 0.906499
0.79774, 13.9713, 0.308137, 0.4, -0.00481895, 0.932801, 0.896564, 0.920806, 0.906494
0.79779, 13.9669, 0.308073, 0.4, -0.00481841, 0.932798, 0.896559, 0.920801, 0.906488
0.79784, 13.9626, 0.308007, 0.4, -0.00481786, 0.932795, 0.896554, 0.920796, 0.906483
0.79789, 13.9583, 0.307942, 0.4, -0.00481731, 0.932792, 0.896549, 0.92079, 0.906478
0.79794, 13.9539, 0.307878, 0.4, -0.00481676, 0.932789, 0.896544, 0.920785, 0.906472
0.79799, 13.9496, 0.307813, 0.4, -0.00481621, 0.932786, 0.896539, 0.92078, 0.906467
0.79804, 13.9453, 0.307748, 0.4, -0.00481566, 0.932783, 0.896534, 0.920775, 0.906462
0.79809, 13.9409, 0.307683, 0.4, -0.00481511, 0.93278, 0.896529, 0.920769, 0.906456
0.79814, 13.9366, 0.307618, 0.4, -0.00481456, 0.932777, 0.896524, 0.920764, 0.906451
0.79819, 13.9323, 0.307553, 0.4, -0.00481401, 0.932774, 0.896519, 0.920759, 0.906445
0.79824, 13.9279, 0.307488, 0.4, -0.00481346, 0.932771, 0.896514, 0.920753, 0.90644
0.79829, 13.9236, 0.307423, 0.4, -0.0048129, 0.932768, 0.896509, 0.920748, 0.906435
0.79834, 13.9193, 0.307359, 0.4, -0.00481235, 0.932765, 0.896504, 0.920743, 0.906429
0.79839, 13.9149, 0.307294, 0.4, -0.0048118, 0.932762, 0.896499, 0.920738, 0.906424
0.79844, 13.9106, 0.307229, 0.4, -0.00481125, 0.932759, 0.896495, 0.920732, 0.906419
0.79849, 13.9063, 0.307164, 0.4, -0.00481069, 0.932756, 0.89649, 0.920727, 0.906413
0.79854, 13.9019, 0.3071, 0.4, -0.00481014, 0.932753, 0.896485, 0.920722, 0.906408
0.79859, 13.8976, 0.307035, 0.4, -0.00480958, 0.93275, 0.89648, 0.920717, 0.906402
0.79864, 13.8933, 0.30697, 0.4, -0.00480903, 0.932747, 0.896475, 0.920711, 0.906397
0.79869, 13.889, 0.306905, 0.4, -0.00480848, 0.932744, 0.89647, 0.920706, 0.906392
0.79874, 13.8846, 0.306841, 0.4, -0.00480792, 0.932741, 0.896465, 0.920701, 0.906386
0.79879, 13.8803, 0.306776, 0.4, -0.00480737, 0.932739, 0.89646, 0.920695, 0.906381
0.79884, 13.876, 0.306711, 0.4, -0.00480681, 0.932736, 0.896455, 0.92069, 0.906375
0.79889, 13.8716, 0.306646, 0.4, -0.00480625, 0.932733, 0.89645, 0.920685, 0.90637
0.79894, 13.8673, 0.306582, 0.4, -0.0048057, 0.93273, 0.896445, 0.92068, 0.906365
0.79899, 13.863, 0.306517, 0.4, -0.00480514, 0.932727, 0.89644, 0.920674, 0.906359
0.79904, 13.8587, 0.306453, 0.4, -0.00480458, 0.932724, 0.896435, 0.920669, 0.906354
0.79909, 13.8544, 0.306388, 0.4, -0.00480402, 0.932721, 0.89643, 0.920664, 0.906348
0.79914, 13.85, 0.306323, 0.4, -0.00480347, 0.932718, 0.896425, 0.920659, 0.906343
0.79919, 13.8457, 0.306259, 0.4, -0.00480291, 0.932715, 0.89642, 0.920653, 0.906338
0.79924, 13.8414, 0.306194, 0.4, -0.00480235, 0.932712, 0.896415, 0.920648, 0.906332
0.79929, 13.8371, 0.30613, 0.4, -0.00480179, 0.932709, 0.89641, 0.920643, 0.906327
0.79934, 13.8327, 0.306065, 0.4, -0.00480123, 0.932706, 0.896405, 0.920637, 0.906321
0.79939, 13.8284, 0.306001, 0.4, -0.00480067, 0.932703, 0.8964, 0.920632, 0.906316
0.79944, 13.8241, 0.305936, 0.4, -0.00480011, 0.9327, 0.896395, 0.920627, 0.906311
0.79949, 13.8198, 0.305872, 0.4, -0.00479955, 0.932697, 0.89639, 0.920622, 0.906305
0.79954, 13.8155, 0.305807, 0.4, -0.00479899, 0.932694, 0.896385, 0.920616, 0.9063
0.79959, 13.8111, 0.305743, 0.4, -0.00479842, 0.932691, 0.896381, 0.920611, 0.906295
0.79964, 13.8068, 0.305678, 0.4, -0.00479786, 0.932688, 0.896375, 0.920606, 0.906289
0.79969, 13.8025, 0.305614, 0.4, -0.0047973, 0.932685, 0.896371, 0.920601, 0.906284
0.79974, 13.7982, 0.305549, 0.4, -0.00479674, 0.932682, 0.896366, 0.920595, 0.906278
0.799791, 13.7939, 0.305485, 0.4, -0.00479617, 0.932679, 0.896361, 0.92059, 0.906273
0.799841, 13.7896, 0.305421, 0.4, -0.00479561, 0.932676, 0.896356, 0.920585, 0.906268
0.799891, 13.7852, 0.305356, 0.4, -0.00479505, 0.932673, 0.896351, 0.92058, 0.906262
0.799941, 13.7809, 0.305292, 0.4, -0.00479448, 0.93267, 0.896346, 0.920574, 0.906257
0.799991, 13.7766, 0.305228, 0.4, -0.00479392, 0.932667, 0.896341, 0.920569, 0.906251
0.800041, 13.7723, 0.305163, 0.4, -0.00479335, 0.932664, 0.896336, 0.920564, 0.906246
0.800091, 13.768, 0.305099, 0.4, -0.00479279, 0.932661, 0.896331, 0.920559, 0.906241
0.800141, 13.7637, 0.305035, 0.4, -0.00479222, 0.932658, 0.896326, 0.920553, 0.906235
0.800191, 13.7594, 0.30497, 0.4, -0.00479165, 0.932655, 0.896321, 0.920548, 0.90623
0.800241, 13.755, 0.304906, 0.4, -0.00479109, 0.932652, 0.896316, 0.920543, 0.906224
0.800291, 13.7507, 0.304842, 0.4, -0.00479052, 0.932649, 0.896311, 0.920537, 0.906219
0.800341, 13.7464, 0.304778, 0.4, -0.00478995, 0.932646, 0.896306, 0.920532, 0.906214
0.800391, 13.7421, 0.304713, 0.4, -0.00478939, 0.932643, 0.896301, 0.920527, 0.906208
0.800441, 13.7378, 0.304649, 0.4, -0.00478882, 0.93264, 0.896296, 0.920522, 0.906203
0.800491, 13.7335, 0.304585, 0.4, -0.00478825, 0.932637, 0.896291, 0.920516, 0.906197
0.800541, 13.7292, 0.304521, 0.4, -0.00478768, 0.932634, 0.896286, 0.920511, 0.906192
0.800591, 13.7249, 0.304456, 0.4, -0.00478711, 0.932632, 0.896281, 0.920506, 0.906187
0.800641, 13.7206, 0.304392, 0.4, -0.00478654, 0.932629, 0.896276, 0.920501, 0.906181
0.800691, 13.7163, 0.304328, 0.4, -0.00478597, 0.932626, 0.896271, 0.920495, 0.906176
0.800741, 13.7119, 0.304264, 0.4, -0.0047854, 0.932623, 0.896266, 0.92049, 0.90617
0.800791, 13.7076, 0.3042, 0.4, -0.00478483, 0.93262, 0.896261, 0.920485, 0.906165
0.800841, 13.7033, 0.304136, 0.4, -0.00478426, 0.932617, 0.896256, 0.92048, 0.90616
0.800891, 13.699, 0.304071, 0.4, -0.00478369, 0.932614, 0.896251, 0.920474, 0.906154
0.800941, 13.6947, 0.304007, 0.4, -0.00478312, 0.932611, 0.896246, 0.920469, 0.906149
0.800991, 13.6904, 0.303943, 0.4, -0.00478255, 0.932608, 0.896241, 0.920464, 0.906144
0.801041, 13.6861, 0.303879, 0.4, -0.00478197, 0.932605, 0.896236, 0.920458, 0.906138
0.801091, 13.6818, 0.303815, 0.4, -0.0047814, 0.932601, 0.896231, 0.920453, 0.906133
0.801141, 13.6775, 0.303751, 0.4, -0.00478083, 0.932599, 0.896227, 0.920448, 0.906127
0.801191, 13.6732, 0.303687, 0.4, -0.00478025, 0.932595, 0.896222, 0.920443, 0.906122
0.801241, 13.6689, 0.303623, 0.4, -0.00477968, 0.932592, 0.896217, 0.920437, 0.906116
0.801291, 13.6646, 0.303559, 0.4, -0.00477911, 0.932589, 0.896212, 0.920432, 0.906111
0.801341, 13.6603, 0.303495, 0.4, -0.00477853, 0.932586, 0.896207, 0.920427, 0.906106
0.801391, 13.656, 0.303431, 0.4, -0.00477796, 0.932583, 0.896202, 0.920421, 0.9061
0.801441, 13.6517, 0.303367, 0.4, -0.00477738, 0.93258, 0.896197, 0.920416, 0.906095
0.801491, 13.6474, 0.303303, 0.4, -0.0047768, 0.932577, 0.896192, 0.920411, 0.906089
0.801541, 13.6431, 0.303239, 0.4, -0.00477623, 0.932574, 0.896187, 0.920406, 0.906084
0.801591, 13.6388, 0.303175, 0.4, -0.00477565, 0.932571, 0.896182, 0.9204, 0.906079
0.801641, 13.6345, 0.303111, 0.4, -0.00477507, 0.932568, 0.896177, 0.920395, 0.906073
0.801691, 13.6302, 0.303047, 0.4, -0.0047745, 0.932565, 0.896172, 0.92039, 0.906068
0.801741, 13.6259, 0.302984, 0.4, -0.00477392, 0.932562, 0.896167, 0.920385, 0.906062
0.801791, 13.6216, 0.30292, 0.4, -0.00477334, 0.932559, 0.896162, 0.920379, 0.906057
0.801841, 13.6173, 0.302856, 0.4, -0.00477276, 0.932556, 0.896157, 0.920374, 0.906052
0.801891, 13.613, 0.302792, 0.4, -0.00477218, 0.932553, 0.896152, 0.920369, 0.906046
0.801941, 13.6087, 0.302728, 0.4, -0.0047716, 0.93255, 0.896147, 0.920363, 0.906041
0.801991, 13.6044, 0.302664, 0.4, -0.00477103, 0.932547, 0.896142, 0.920358, 0.906035
0.802041, 13.6001, 0.302601, 0.4, -0.00477045, 0.932544, 0.896137, 0.920353, 0.90603
0.802091, 13.5958, 0.302537, 0.4, -0.00476986, 0.932541, 0.896132, 0.920348, 0.906025
0.802141, 13.5916, 0.302473, 0.4, -0.00476928, 0.932538, 0.896127, 0.920342, 0.906019
0.802191, 13.5873, 0.302409, 0.4, -0.0047687, 0.932535, 0.896122, 0.920337, 0.906014
0.802241, 13.583, 0.302345, 0.4, -0.00476812, 0.932532, 0.896117, 0.920332, 0.906008
0.802291, 13.5787, 0.302282, 0.4, -0.00476754, 0.932529, 0.896112, 0.920327, 0.906003
0.802341, 13.5744, 0.302218, 0.4, -0.00476696, 0.932526, 0.896107, 0.920321, 0.905998
0.802391, 13.5701, 0.302155, 0.4, -0.00476638, 0.932523, 0.896102, 0.920316, 0.905992
0.802441, 13.5658, 0.302091, 0.4, -0.00476579, 0.93252, 0.896097, 0.920311, 0.905987
0.802491, 13.5615, 0.302027, 0.4, -0.00476521, 0.932517, 0.896092, 0.920306, 0.905981
0.802541, 13.5572, 0.301963, 0.4, -0.00476463, 0.932514, 0.896087, 0.9203, 0.905976
0.802591, 13.5529, 0.3019, 0.4, -0.00476404, 0.932511, 0.896082, 0.920295, 0.905971
0.802641, 13.5487, 0.301836, 0.4, -0.00476346, 0.932508, 0.896077, 0.92029, 0.905965
0.802691, 13.5444, 0.301773, 0.4, -0.00476287, 0.932504, 0.896072, 0.920284, 0.90596
0.802741, 13.5401, 0.301709, 0.4, -0.00476229, 0.932501, 0.896067, 0.920279, 0.905954
0.802791, 13.5358, 0.301646, 0.4, -0.0047617, 0.932498, 0.896062, 0.920274, 0.905949
0.802841, 13.5315, 0.301582, 0.4, -0.00476112, 0.932495, 0.896057, 0.920269, 0.905944
0.802891, 13.5272, 0.301519, 0.4, -0.00476053, 0.932492, 0.896052, 0.920263, 0.905938
0.802941, 13.5229, 0.301455, 0.4, -0.00475994, 0.932489, 0.896047, 0.920258, 0.905933
0.802991, 13.5187, 0.301391, 0.4, -0.00475936, 0.932486, 0.896042, 0.920253, 0.905927
0.803041, 13.5144, 0.301328, 0.4, -0.00475877, 0.932483, 0.896037, 0.920248, 0.905922
0.803091, 13.5101, 0.301264, 0.4, -0.00475818, 0.93248, 0.896032, 0.920242, 0.905917
0.803141, 13.5058, 0.301201, 0.4, -0.00475759, 0.932477, 0.896027, 0.920237, 0.905911
0.803191, 13.5015, 0.301138, 0.4, -0.004757, 0.932474, 0.896022, 0.920232, 0.905906
0.803241, 13.4973, 0.301074, 0.4, -0.00475642, 0.932471, 0.896017, 0.920227, 0.9059
0.803291, 13.493, 0.30101, 0.4, -0.00475583, 0.932468, 0.896012, 0.920221, 0.905895
0.803341, 13.4887, 0.300947, 0.4, -0.00475524, 0.932465, 0.896007, 0.920216, 0.90589
0.803391, 13.4844, 0.300884, 0.4, -0.00475465, 0.932462, 0.896002, 0.920211, 0.905884
0.803441, 13.4801, 0.30082, 0.4, -0.00475406, 0.932459, 0.895997, 0.920205, 0.905879
0.803491, 13.4759, 0.300757, 0.4, -0.00475347, 0.932456, 0.895992, 0.9202, 0.905873
0.803541, 13.4716, 0.300694, 0.4, -0.00475288, 0.932453, 0.895987, 0.920195, 0.905868
0.803591, 13.4673, 0.30063, 0.4, -0.00475228, 0.93245, 0.895982, 0.92019, 0.905862
0.803641, 13.463, 0.300567, 0.4, -0.00475169, 0.932447, 0.895977, 0.920184, 0.905857
0.803691, 13.4587, 0.300503, 0.4, -0.0047511, 0.932444, 0.895972, 0.920179, 0.905852
0.803741, 13.4545, 0.30044, 0.4, -0.00475051, 0.932441, 0.895967, 0.920174, 0.905846
0.803791, 13.4502, 0.300377, 0.4, -0.00474991, 0.932438, 0.895962, 0.920169, 0.905841
0.803841, 13.4459, 0.300314, 0.4, -0.00474932, 0.932435, 0.895957, 0.920163, 0.905835
0.803891, 13.4416, 0.300251, 0.4, -0.00474873, 0.932432, 0.895952, 0.920158, 0.90583
0.803941, 13.4374, 0.300187, 0.4, -0.00474813, 0.932428, 0.895947, 0.920153, 0.905825
0.803991, 13.4331, 0.300124, 0.4, -0.00474754, 0.932425, 0.895942, 0.920148, 0.905819
0.804041, 13.4288, 0.300061, 0.4, -0.00474694, 0.932422, 0.895937, 0.920142, 0.905814
0.804091, 13.4246, 0.299998, 0.4, -0.00474635, 0.932419, 0.895932, 0.920137, 0.905809
0.804141, 13.4203, 0.299935, 0.4, -0.00474575, 0.932416, 0.895927, 0.920132, 0.905803
0.804191, 13.416, 0.299871, 0.4, -0.00474516, 0.932413, 0.895922, 0.920126, 0.905798
0.804241, 13.4117, 0.299808, 0.4, -0.00474456, 0.93241, 0.895917, 0.920121, 0.905792
0.804291, 13.4075, 0.299745, 0.4, -0.00474397, 0.932407, 0.895912, 0.920116, 0.905787
0.804341, 13.4032, 0.299682, 0.4, -0.00474337, 0.932404, 0.895907, 0.920111, 0.905781
0.804391, 13.3989, 0.299619, 0.4, -0.00474277, 0.932401, 0.895902, 0.920105, 0.905776
0.804441, 13.3947, 0.299556, 0.4, -0.00474217, 0.932398, 0.895897, 0.9201, 0.905771
0.804491, 13.3904, 0.299492, 0.4, -0.00474158, 0.932395, 0.895892, 0.920095, 0.905765
0.804541, 13.3861, 0.299429, 0.4, -0.00474098, 0.932392, 0.895887, 0.92009, 0.90576
0.804591, 13.3819, 0.299366, 0.4, -0.00474038, 0.932389, 0.895882, 0.920084, 0.905754
0.804641, 13.3776, 0.299303, 0.4, -0.00473978, 0.932385, 0.895877, 0.920079, 0.905749
0.804691, 13.3733, 0.29924, 0.4, -0.00473918, 0.932382, 0.895872, 0.920074, 0.905743
0.804741, 13.3691, 0.299177, 0.4, -0.00473858, 0.932379, 0.895867, 0.920068, 0.905738
0.804791, 13.3648, 0.299114, 0.4, -0.00473798, 0.932376, 0.895862, 0.920063, 0.905733
0.804841, 13.3605, 0.299051, 0.4, -0.00473738, 0.932373, 0.895857, 0.920058, 0.905727
0.804891, 13.3563, 0.298988, 0.4, -0.00473678, 0.93237, 0.895852, 0.920053, 0.905722
0.804941, 13.352, 0.298925, 0.4, -0.00473618, 0.932367, 0.895847, 0.920047, 0.905716
0.804991, 13.3478, 0.298862, 0.4, -0.00473558, 0.932364, 0.895842, 0.920042, 0.905711
0.805041, 13.3435, 0.298799, 0.4, -0.00473497, 0.932361, 0.895837, 0.920037, 0.905706
0.805091, 13.3392, 0.298736, 0.4, -0.00473437, 0.932358, 0.895832, 0.920032, 0.9057
0.805141, 13.335, 0.298673, 0.4, -0.00473377, 0.932355, 0.895827, 0.920026, 0.905695
0.805191, 13.3307, 0.298611, 0.4, -0.00473316, 0.932352, 0.895822, 0.920021, 0.905689
0.805241, 13.3264, 0.298548, 0.4, -0.00473256, 0.932348, 0.895817, 0.920016, 0.905684
0.805291, 13.3222, 0.298485, 0.4, -0.00473196, 0.932345, 0.895812, 0.920011, 0.905679
0.805341, 13.3179, 0.298422, 0.4, -0.00473135, 0.932342, 0.895807, 0.920005, 0.905673
0.805391, 13.3137, 0.298359, 0.4, -0.00473075, 0.932339, 0.895802, 0.92, 0.905668
0.805441, 13.3094, 0.298296, 0.4, -0.00473014, 0.932336, 0.895797, 0.919995, 0.905662
0.805491, 13.3052, 0.298234, 0.4, -0.00472954, 0.932333, 0.895792, 0.919989, 0.905657
0.805541, 13.3009, 0.298171, 0.4, -0.00472893, 0.93233, 0.895787, 0.919984, 0.905651
0.805591, 13.2966, 0.298108, 0.4, -0.00472833, 0.932327, 0.895782, 0.919979, 0.905646
0.805641, 13.2924, 0.298045, 0.4, -0.00472772, 0.932324, 0.895777, 0.919974, 0.905641
0.805691, 13.2881, 0.297982, 0.4, -0.00472711, 0.932321, 0.895772, 0.919968, 0.905635
0.805741, 13.2839, 0.29792, 0.4, -0.00472651, 0.932317, 0.895767, 0.919963, 0.90563
0.805791, 13.2796, 0.297857, 0.4, -0.0047259, 0.932314, 0.895762, 0.919958, 0.905624
0.805842, 13.2754, 0.297794, 0.4, -0.00472529, 0.932311, 0.895757, 0.919952, 0.905619
0.805892, 13.2711, 0.297731, 0.4, -0.00472468, 0.932308, 0.895752, 0.919947, 0.905614
0.805942, 13.2669, 0.297669, 0.4, -0.00472407, 0.932305, 0.895747, 0.919942, 0.905608
0.805992, 13.2626, 0.297606, 0.4, -0.00472346, 0.932302, 0.895742, 0.919937, 0.905603
0.806042, 13.2584, 0.297543, 0.4, -0.00472286, 0.932299, 0.895737, 0.919931, 0.905597
0.806092, 13.2541, 0.297481, 0.4, -0.00472225, 0.932296, 0.895732, 0.919926, 0.905592
0.806142, 13.2499, 0.297418, 0.4, -0.00472164, 0.932293, 0.895727, 0.919921, 0.905587
0.806192, 13.2456, 0.297356, 0.4, -0.00472102, 0.93229, 0.895722, 0.919916, 0.905581
0.806242, 13.2414, 0.297293, 0.4, -0.00472041, 0.932286, 0.895717, 0.91991, 0.905576
0.806292, 13.2371, 0.29723, 0.4, -0.0047198, 0.932283, 0.895712, 0.919905, 0.90557
0.806342, 13.2329, 0.297168, 0.4, -0.00471919, 0.93228, 0.895707, 0.9199, 0.905565
0.806392, 13.2286, 0.297105, 0.4, -0.00471858, 0.932277, 0.895702, 0.919895, 0.905559
0.806442, 13.2244, 0.297043, 0.4, -0.00471797, 0.932274, 0.895697, 0.919889, 0.905554
0.806492, 13.2201, 0.29698, 0.4, -0.00471735, 0.932271, 0.895692, 0.919884, 0.905549
0.806542, 13.2159, 0.296918, 0.4, -0.00471674, 0.932268, 0.895687, 0.919879, 0.905543
0.806592, 13.2116, 0.296855, 0.4, -0.00471613, 0.932265, 0.895682, 0.919873, 0.905538
0.806642, 13.2074, 0.296793, 0.4, -0.00471551, 0.932262, 0.895677, 0.919868, 0.905532
0.806692, 13.2032, 0.29673, 0.4, -0.0047149, 0.932259, 0.895672, 0.919863, 0.905527
0.806742, 13.1989, 0.296668, 0.4, -0.00471429, 0.932255, 0.895667, 0.919858, 0.905522
0.806792, 13.1947, 0.296605, 0.4, -0.00471367, 0.932252, 0.895662, 0.919852, 0.905516
0.806842, 13.1904, 0.296543, 0.4, -0.00471306, 0.932249, 0.895657, 0.919847, 0.905511
0.806892, 13.1862, 0.296481, 0.4, -0.00471244, 0.932246, 0.895652, 0.919842, 0.905505
0.806942, 13.1819, 0.296418, 0.4, -0.00471182, 0.932243, 0.895647, 0.919837, 0.9055
0.806992, 13.1777, 0.296356, 0.4, -0.00471121, 0.93224, 0.895642, 0.919831, 0.905495
0.807042, 13.1735, 0.296294, 0.4, -0.00471059, 0.932237, 0.895637, 0.919826, 0.905489
0.807092, 13.1692, 0.296231, 0.4, -0.00470997, 0.932234, 0.895632, 0.919821, 0.905484
0.807142, 13.165, 0.296169, 0.4, -0.00470936, 0.932231, 0.895627, 0.919816, 0.905478
0.807192, 13.1608, 0.296106, 0.4, -0.00470874, 0.932227, 0.895622, 0.91981, 0.905473
0.807242, 13.1565, 0.296044, 0.4, -0.00470812, 0.932224, 0.895617, 0.919805, 0.905467
0.807292, 13.1523, 0.295982, 0.4, -0.0047075, 0.932221, 0.895612, 0.9198, 0.905462
0.807342, 13.148, 0.29592, 0.4, -0.00470688, 0.932218, 0.895607, 0.919794, 0.905457
0.807392, 13.1438, 0.295857, 0.4, -0.00470626, 0.932215, 0.895601, 0.919789, 0.905451
0.807442, 13.1396, 0.295795, 0.4, -0.00470565, 0.932212, 0.895596, 0.919784, 0.905446
0.807492, 13.1353, 0.295733, 0.4, -0.00470503, 0.932209, 0.895591, 0.919779, 0.90544
0.807542, 13.1311, 0.295671, 0.4, -0.0047044, 0.932206, 0.895586, 0.919773, 0.905435
0.807592, 13.1269, 0.295608, 0.4, -0.00470378, 0.932202, 0.895581, 0.919768, 0.905429
0.807642, 13.1226, 0.295547, 0.4, -0.00470316, 0.932199, 0.895576, 0.919763, 0.905424
0.807692, 13.1184, 0.295484, 0.4, -0.00470254, 0.932196, 0.895571, 0.919758, 0.905419
0.807742, 13.1142, 0.295422, 0.4, -0.00470192, 0.932193, 0.895566, 0.919752, 0.905413
0.807792, 13.1099, 0.29536, 0.4, -0.0047013, 0.93219, 0.895561, 0.919747, 0.905408
0.807842, 13.1057, 0.295298, 0.4, -0.00470068, 0.932187, 0.895556, 0.919742, 0.905402
0.807892, 13.1015, 0.295236, 0.4, -0.00470005, 0.932184, 0.895551, 0.919737, 0.905397
0.807942, 13.0972, 0.295174, 0.4, -0.00469943, 0.93218, 0.895546, 0.919731, 0.905392
0.807992, 13.093, 0.295111, 0.4, -0.00469881, 0.932177, 0.895541, 0.919726, 0.905386
0.808042, 13.0888, 0.295049, 0.4, -0.00469818, 0.932174, 0.895536, 0.919721, 0.905381
0.808092, 13.0846, 0.294987, 0.4, -0.00469756, 0.932171, 0.895531, 0.919715, 0.905375
0.808142, 13.0803, 0.294925, 0.4, -0.00469693, 0.932168, 0.895526, 0.91971, 0.90537
0.808192, 13.0761, 0.294863, 0.4, -0.00469631, 0.932165, 0.895521, 0.919705, 0.905365
0.808242, 13.0719, 0.294801, 0.4, -0.00469568, 0.932162, 0.895516, 0.9197, 0.905359
0.808292, 13.0677, 0.294739, 0.4, -0.00469506, 0.932158, 0.895511, 0.919694, 0.905354
0.808342, 13.0634, 0.294677, 0.4, -0.00469443, 0.932155, 0.895506, 0.919689, 0.905348
0.808392, 13.0592, 0.294615, 0.4, -0.00469381, 0.932152, 0.895501, 0.919684, 0.905343
0.808442, 13.055, 0.294553, 0.4, -0.00469318, 0.932149, 0.895496, 0.919679, 0.905337
0.808492, 13.0508, 0.294491, 0.4, -0.00469255, 0.932146, 0.895491, 0.919673, 0.905332
0.808542, 13.0465, 0.294429, 0.4, -0.00469192, 0.932143, 0.895486, 0.919668, 0.905327
0.808592, 13.0423, 0.294368, 0.4, -0.0046913, 0.93214, 0.895481, 0.919663, 0.905321
0.808642, 13.0381, 0.294306, 0.4, -0.00469067, 0.932136, 0.895476, 0.919657, 0.905316
0.808692, 13.0339, 0.294244, 0.4, -0.00469004, 0.932133, 0.895471, 0.919652, 0.90531
0.808742, 13.0296, 0.294182, 0.4, -0.00468941, 0.93213, 0.895466, 0.919647, 0.905305
0.808792, 13.0254, 0.29412, 0.4, -0.00468878, 0.932127, 0.895461, 0.919642, 0.905299
0.808842, 13.0212, 0.294058, 0.4, -0.00468815, 0.932124, 0.895456, 0.919636, 0.905294
0.808892, 13.017, 0.293996, 0.4, -0.00468752, 0.932121, 0.895451, 0.919631, 0.905289
0.808942, 13.0128, 0.293935, 0.4, -0.00468689, 0.932118, 0.895446, 0.919626, 0.905283
0.808992, 13.0086, 0.293873, 0.4, -0.00468626, 0.932114, 0.895441, 0.919621, 0.905278
0.809042, 13.0043, 0.293811, 0.4, -0.00468563, 0.932111, 0.895436, 0.919615, 0.905272
0.809092, 13.0001, 0.293749, 0.4, -0.004685, 0.932108, 0.895431, 0.91961, 0.905267
0.809142, 12.9959, 0.293688, 0.4, -0.00468437, 0.932105, 0.895426, 0.919605, 0.905262
0.809192, 12.9917, 0.293626, 0.4, -0.00468373, 0.932102, 0.89542, 0.9196, 0.905256
0.809242, 12.9875, 0.293564, 0.4, -0.0046831, 0.932099, 0.895415, 0.919594, 0.905251
0.809292, 12.9833, 0.293502, 0.4, -0.00468247, 0.932095, 0.89541, 0.919589, 0.905245
0.809342, 12.979, 0.293441, 0.4, -0.00468184, 0.932092, 0.895405, 0.919584, 0.90524
0.809392, 12.9748, 0.293379, 0.4, -0.0046812, 0.932089, 0.8954, 0.919579, 0.905235
0.809442, 12.9706, 0.293317, 0.4, -0.00468057, 0.932086, 0.895395, 0.919573, 0.905229
0.809492, 12.9664, 0.293256, 0.4, -0.00467993, 0.932083, 0.89539, 0.919568, 0.905224
0.809542, 12.9622, 0.293194, 0.4, -0.0046793, 0.93208, 0.895385, 0.919563, 0.905218
0.809592, 12.958, 0.293133, 0.4, -0.00467866, 0.932077, 0.89538, 0.919558, 0.905213
0.809642, 12.9538, 0.293071, 0.4, -0.00467803, 0.932073, 0.895375, 0.919552, 0.905207
0.809692, 12.9496, 0.293009, 0.4, -0.00467739, 0.93207, 0.89537, 0.919547, 0.905202
0.809742, 12.9454, 0.292948, 0.4, -0.00467676, 0.932067, 0.895365, 0.919542, 0.905197
0.809792, 12.9411, 0.292886, 0.4, -0.00467612, 0.932064, 0.89536, 0.919537, 0.905191
0.809842, 12.9369, 0.292825, 0.4, -0.00467548, 0.932061, 0.895355, 0.919531, 0.905186
0.809892, 12.9327, 0.292763, 0.4, -0.00467485, 0.932058, 0.89535, 0.919526, 0.90518
0.809942, 12.9285, 0.292702, 0.4, -0.00467421, 0.932055, 0.895345, 0.919521, 0.905175
0.809992, 12.9243, 0.29264, 0.4, -0.00467357, 0.932051, 0.89534, 0.919515, 0.905169
0.810042, 12.9201, 0.292579, 0.4, -0.00467293, 0.932048, 0.895335, 0.91951, 0.905164
0.810092, 12.9159, 0.292517, 0.4, -0.00467229, 0.932045, 0.89533, 0.919505, 0.905159
0.810142, 12.9117, 0.292456, 0.4, -0.00467166, 0.932042, 0.895325, 0.9195, 0.905153
0.810192, 12.9075, 0.292394, 0.4, -0.00467102, 0.932038, 0.89532, 0.919494, 0.905148
0.810242, 12.9033, 0.292333, 0.4, -0.00467038, 0.932035, 0.895315, 0.919489, 0.905142
0.810292, 12.8991, 0.292271, 0.4, -0.00466974, 0.932032, 0.89531, 0.919484, 0.905137
0.810342, 12.8949, 0.29221, 0.4, -0.0046691, 0.932029, 0.895305, 0.919479, 0.905132
0.810392, 12.8907, 0.292149, 0.4, -0.00466845, 0.932026, 0.8953, 0.919473, 0.905126
0.810442, 12.8865, 0.292087, 0.4, -0.00466781, 0.932023, 0.895295, 0.919468, 0.905121
0.810492, 12.8823, 0.292026, 0.4, -0.00466717, 0.932019, 0.89529, 0.919463, 0.905115
0.810542, 12.8781, 0.291964, 0.4, -0.00466653, 0.932016, 0.895285, 0.919457, 0.90511
0.810592, 12.8739, 0.291903, 0.4, -0.00466589, 0.932013, 0.89528, 0.919452, 0.905104
0.810642, 12.8697, 0.291842, 0.4, -0.00466525, 0.93201, 0.895274, 0.919447, 0.905099
0.810692, 12.8655, 0.291781, 0.4, -0.0046646, 0.932007, 0.895269, 0.919442, 0.905094
0.810742, 12.8613, 0.291719, 0.4, -0.00466396, 0.932003, 0.895264, 0.919436, 0.905088
0.810792, 12.8571, 0.291658, 0.4, -0.00466332, 0.932, 0.895259, 0.919431, 0.905083
0.810842, 12.8529, 0.291597, 0.4, -0.00466267, 0.931997, 0.895254, 0.919426, 0.905077
0.810892, 12.8487, 0.291535, 0.4, -0.00466203, 0.931994, 0.895249, 0.919421, 0.905072
0.810942, 12.8445, 0.291474, 0.4, -0.00466138, 0.931991, 0.895244, 0.919415, 0.905066
0.810992, 12.8403, 0.291413, 0.4, -0.00466074, 0.931987, 0.895239, 0.91941, 0.905061
0.811042, 12.8361, 0.291352, 0.4, -0.00466009, 0.931984, 0.895234, 0.919405, 0.905056
0.811092, 12.8319, 0.291291, 0.4, -0.00465945, 0.931981, 0.895229, 0.9194, 0.90505
0.811142, 12.8277, 0.291229, 0.4, -0.0046588, 0.931978, 0.895224, 0.919394, 0.905045
0.811192, 12.8235, 0.291168, 0.4, -0.00465815, 0.931975, 0.895219, 0.919389, 0.905039
0.811242, 12.8193, 0.291107, 0.4, -0.00465751, 0.931971, 0.895214, 0.919384, 0.905034
0.811292, 12.8151, 0.291046, 0.4, -0.00465686, 0.931968, 0.895209, 0.919379, 0.905028
0.811342, 12.811, 0.290985, 0.4, -0.00465621, 0.931965, 0.895204, 0.919373, 0.905023
0.811392, 12.8068, 0.290924, 0.4, -0.00465557, 0.931962, 0.895199, 0.919368, 0.905018
0.811442, 12.8026, 0.290863, 0.4, -0.00465492, 0.931959, 0.895194, 0.919363, 0.905012
0.811492, 12.7984, 0.290802, 0.4, -0.00465427, 0.931955, 0.895189, 0.919358, 0.905007
0.811542, 12.7942, 0.290741, 0.4, -0.00465362, 0.931952, 0.895184, 0.919352, 0.905001
0.811592, 12.79, 0.29068, 0.4, -0.00465297, 0.931949, 0.895179, 0.919347, 0.904996
0.811642, 12.7858, 0.290619, 0.4, -0.00465232, 0.931946, 0.895174, 0.919342, 0.904991
0.811692, 12.7816, 0.290558, 0.4, -0.00465167, 0.931943, 0.895169, 0.919336, 0.904985
0.811742, 12.7774, 0.290497, 0.4, -0.00465102, 0.931939, 0.895163, 0.919331, 0.90498
0.811792, 12.7733, 0.290436, 0.4, -0.00465037, 0.931936, 0.895158, 0.919326, 0.904974
0.811843, 12.7691, 0.290375, 0.4, -0.00464972, 0.931933, 0.895153, 0.919321, 0.904969
0.811893, 12.7649, 0.290314, 0.4, -0.00464907, 0.93193, 0.895148, 0.919315, 0.904963
0.811943, 12.7607, 0.290253, 0.4, -0.00464841, 0.931927, 0.895143, 0.91931, 0.904958
0.811993, 12.7565, 0.290192, 0.4, -0.00464776, 0.931923, 0.895138, 0.919305, 0.904953
0.812043, 12.7523, 0.290131, 0.4, -0.00464711, 0.93192, 0.895133, 0.9193, 0.904947
0.812093, 12.7482, 0.29007, 0.4, -0.00464646, 0.931917, 0.895128, 0.919294, 0.904942
0.812143, 12.744, 0.290009, 0.4, -0.0046458, 0.931914, 0.895123, 0.919289, 0.904936
0.812193, 12.7398, 0.289948, 0.4, -0.00464515, 0.931911, 0.895118, 0.919284, 0.904931
0.812243, 12.7356, 0.289888, 0.4, -0.0046445, 0.931907, 0.895113, 0.919279, 0.904925
0.812293, 12.7314, 0.289827, 0.4, -0.00464384, 0.931904, 0.895108, 0.919273, 0.90492
0.812343, 12.7273, 0.289766, 0.4, -0.00464319, 0.931901, 0.895103, 0.919268, 0.904915
0.812393, 12.7231, 0.289705, 0.4, -0.00464253, 0.931898, 0.895098, 0.919263, 0.904909
0.812443, 12.7189, 0.289644, 0.4, -0.00464188, 0.931895, 0.895093, 0.919258, 0.904904
0.812493, 12.7147, 0.289584, 0.4, -0.00464122, 0.931891, 0.895088, 0.919252, 0.904898
0.812543, 12.7105, 0.289523, 0.4, -0.00464057, 0.931888, 0.895083, 0.919247, 0.904893
0.812593, 12.7064, 0.289462, 0.4, -0.00463991, 0.931885, 0.895078, 0.919242, 0.904888
0.812643, 12.7022, 0.289402, 0.4, -0.00463925, 0.931882, 0.895073, 0.919237, 0.904882
0.812693, 12.698, 0.289341, 0.4, -0.0046386, 0.931879, 0.895068, 0.919231, 0.904877
0.812743, 12.6938, 0.28928, 0.4, -0.00463794, 0.931875, 0.895063, 0.919226, 0.904871
0.812793, 12.6897, 0.289219, 0.4, -0.00463728, 0.931872, 0.895058, 0.919221, 0.904866
0.812843, 12.6855, 0.289159, 0.4, -0.00463662, 0.931869, 0.895053, 0.919216, 0.90486
0.812893, 12.6813, 0.289098, 0.4, -0.00463596, 0.931866, 0.895047, 0.91921, 0.904855
0.812943, 12.6772, 0.289038, 0.4, -0.00463531, 0.931862, 0.895042, 0.919205, 0.90485
0.812993, 12.673, 0.288977, 0.4, -0.00463465, 0.931859, 0.895037, 0.9192, 0.904844
0.813043, 12.6688, 0.288916, 0.4, -0.00463399, 0.931856, 0.895032, 0.919195, 0.904839
0.813093, 12.6646, 0.288856, 0.4, -0.00463333, 0.931853, 0.895027, 0.919189, 0.904833
0.813143, 12.6605, 0.288795, 0.4, -0.00463267, 0.93185, 0.895022, 0.919184, 0.904828
0.813193, 12.6563, 0.288735, 0.4, -0.00463201, 0.931846, 0.895017, 0.919179, 0.904823
0.813243, 12.6521, 0.288674, 0.4, -0.00463134, 0.931843, 0.895012, 0.919174, 0.904817
0.813293, 12.648, 0.288614, 0.4, -0.00463068, 0.93184, 0.895007, 0.919168, 0.904812
0.813343, 12.6438, 0.288553, 0.4, -0.00463002, 0.931837, 0.895002, 0.919163, 0.904806
0.813393, 12.6396, 0.288493, 0.4, -0.00462936, 0.931833, 0.894997, 0.919158, 0.904801
0.813443, 12.6355, 0.288432, 0.4, -0.0046287, 0.93183, 0.894992, 0.919153, 0.904795
0.813493, 12.6313, 0.288372, 0.4, -0.00462803, 0.931827, 0.894987, 0.919147, 0.90479
0.813543, 12.6271, 0.288311, 0.4, -0.00462737, 0.931824, 0.894982, 0.919142, 0.904785
0.813593, 12.623, 0.288251, 0.4, -0.00462671, 0.931821, 0.894977, 0.919137, 0.904779
0.813643, 12.6188, 0.28819, 0.4, -0.00462604, 0.931817, 0.894972, 0.919132, 0.904774
0.813693, 12.6146, 0.28813, 0.4, -0.00462538, 0.931814, 0.894967, 0.919126, 0.904768
0.813743, 12.6105, 0.288069, 0.4, -0.00462472, 0.931811, 0.894962, 0.919121, 0.904763
0.813793, 12.6063, 0.288009, 0.4, -0.00462405, 0.931808, 0.894957, 0.919116, 0.904757
0.813843, 12.6022, 0.287949, 0.4, -0.00462339, 0.931804, 0.894951, 0.919111, 0.904752
0.813893, 12.598, 0.287888, 0.4, -0.00462272, 0.931801, 0.894946, 0.919105, 0.904747
0.813943, 12.5938, 0.287828, 0.4, -0.00462205, 0.931798, 0.894941, 0.9191, 0.904741
0.813993, 12.5897, 0.287768, 0.4, -0.00462139, 0.931795, 0.894936, 0.919095, 0.904736
0.814043, 12.5855, 0.287707, 0.4, -0.00462072, 0.931791, 0.894931, 0.91909, 0.90473
0.814093, 12.5814, 0.287647, 0.4, -0.00462005, 0.931788, 0.894926, 0.919084, 0.904725
0.814143, 12.5772, 0.287587, 0.4, -0.00461939, 0.931785, 0.894921, 0.919079, 0.90472
0.814193, 12.573, 0.287527, 0.4, -0.00461872, 0.931781, 0.894916, 0.919074, 0.904714
0.814243, 12.5689, 0.287466, 0.4, -0.00461805, 0.931778, 0.894911, 0.919069, 0.904709
0.814293, 12.5647, 0.287406, 0.4, -0.00461738, 0.931775, 0.894906, 0.919063, 0.904703
0.814343, 12.5606, 0.287346, 0.4, -0.00461671, 0.931772, 0.894901, 0.919058, 0.904698
0.814393, 12.5564, 0.287286, 0.4, -0.00461605, 0.931769, 0.894896, 0.919053, 0.904692
0.814443, 12.5523, 0.287226, 0.4, -0.00461538, 0.931765, 0.894891, 0.919048, 0.904687
0.814493, 12.5481, 0.287165, 0.4, -0.00461471, 0.931762, 0.894886, 0.919042, 0.904682
0.814543, 12.544, 0.287105, 0.4, -0.00461404, 0.931759, 0.894881, 0.919037, 0.904676
0.814593, 12.5398, 0.287045, 0.4, -0.00461337, 0.931756, 0.894876, 0.919032, 0.904671
0.814643, 12.5357, 0.286985, 0.4, -0.00461269, 0.931752, 0.894871, 0.919027, 0.904665
0.814693, 12.5315, 0.286925, 0.4, -0.00461202, 0.931749, 0.894866, 0.919021, 0.90466
0.814743, 12.5274, 0.286865, 0.4, -0.00461135, 0.931746, 0.894861, 0.919016, 0.904655
0.814793, 12.5232, 0.286805, 0.4, -0.00461068, 0.931743, 0.894855, 0.919011, 0.904649
0.814843, 12.5191, 0.286745, 0.4, -0.00461001, 0.931739, 0.89485, 0.919006, 0.904644
0.814893, 12.5149, 0.286685, 0.4, -0.00460934, 0.931736, 0.894845, 0.919, 0.904638
0.814943, 12.5108, 0.286625, 0.4, -0.00460866, 0.931733, 0.89484, 0.918995, 0.904633
0.814993, 12.5066, 0.286565, 0.4, -0.00460799, 0.93173, 0.894835, 0.91899, 0.904628
0.815043, 12.5025, 0.286505, 0.4, -0.00460732, 0.931727, 0.89483, 0.918985, 0.904622
0.815093, 12.4983, 0.286445, 0.4, -0.00460664, 0.931723, 0.894825, 0.918979, 0.904617
0.815143, 12.4942, 0.286385, 0.4, -0.00460597, 0.93172, 0.89482, 0.918974, 0.904611
0.815193, 12.49, 0.286325, 0.4, -0.00460529, 0.931717, 0.894815, 0.918969, 0.904606
0.815243, 12.4859, 0.286265, 0.4, -0.00460462, 0.931713, 0.89481, 0.918964, 0.9046
0.815293, 12.4817, 0.286205, 0.4, -0.00460394, 0.93171, 0.894805, 0.918958, 0.904595
0.815343, 12.4776, 0.286145, 0.4, -0.00460327, 0.931707, 0.8948, 0.918953, 0.90459
0.815393, 12.4735, 0.286085, 0.4, -0.00460259, 0.931704, 0.894795, 0.918948, 0.904584
0.815443, 12.4693, 0.286025, 0.4, -0.00460191, 0.9317, 0.89479, 0.918943, 0.904579
0.815493, 12.4652, 0.285965, 0.4, -0.00460124, 0.931697, 0.894785, 0.918937, 0.904573
0.815543, 12.461, 0.285906, 0.4, -0.00460056, 0.931694, 0.89478, 0.918932, 0.904568
0.815593, 12.4569, 0.285846, 0.4, -0.00459988, 0.93169, 0.894775, 0.918927, 0.904562
0.815643, 12.4528, 0.285786, 0.4, -0.00459921, 0.931687, 0.894769, 0.918922, 0.904557
0.815693, 12.4486, 0.285726, 0.4, -0.00459853, 0.931684, 0.894764, 0.918916, 0.904552
0.815743, 12.4445, 0.285666, 0.4, -0.00459785, 0.931681, 0.894759, 0.918911, 0.904546
0.815793, 12.4403, 0.285606, 0.4, -0.00459717, 0.931677, 0.894754, 0.918906, 0.904541
0.815843, 12.4362, 0.285547, 0.4, -0.00459649, 0.931674, 0.894749, 0.918901, 0.904535
0.815893, 12.4321, 0.285487, 0.4, -0.00459581, 0.931671, 0.894744, 0.918895, 0.90453
0.815943, 12.4279, 0.285427, 0.4, -0.00459513, 0.931668, 0.894739, 0.91889, 0.904524
0.815993, 12.4238, 0.285368, 0.4, -0.00459445, 0.931664, 0.894734, 0.918885, 0.904519
0.816043, 12.4197, 0.285308, 0.4, -0.00459377, 0.931661, 0.894729, 0.91888, 0.904514
0.816093, 12.4155, 0.285248, 0.4, -0.00459309, 0.931658, 0.894724, 0.918874, 0.904508
0.816143, 12.4114, 0.285188, 0.4, -0.00459241, 0.931654, 0.894719, 0.918869, 0.904503
0.816193, 12.4073, 0.285129, 0.4, -0.00459173, 0.931651, 0.894714, 0.918864, 0.904497
0.816243, 12.4031, 0.285069, 0.4, -0.00459105, 0.931648, 0.894709, 0.918859, 0.904492
0.816293, 12.399, 0.28501, 0.4, -0.00459036, 0.931645, 0.894704, 0.918853, 0.904486
0.816343, 12.3949, 0.28495, 0.4, -0.00458968, 0.931641, 0.894699, 0.918848, 0.904481
0.816393, 12.3907, 0.28489, 0.4, -0.004589, 0.931638, 0.894693, 0.918843, 0.904476
0.816443, 12.3866, 0.284831, 0.4, -0.00458831, 0.931635, 0.894688, 0.918838, 0.90447
0.816493, 12.3825, 0.284771, 0.4, -0.00458763, 0.931631, 0.894683, 0.918832, 0.904465
0.816543, 12.3783, 0.284712, 0.4, -0.00458695, 0.931628, 0.894678, 0.918827, 0.904459
0.816593, 12.3742, 0.284652, 0.4, -0.00458626, 0.931625, 0.894673, 0.918822, 0.904454
0.816643, 12.3701, 0.284593, 0.4, -0.00458558, 0.931622, 0.894668, 0.918817, 0.904449
0.816693, 12.366, 0.284533, 0.4, -0.00458489, 0.931618, 0.894663, 0.918811, 0.904443
0.816743, 12.3618, 0.284474, 0.4, -0.00458421, 0.931615, 0.894658, 0.918806, 0.904438
0.816793, 12.3577, 0.284414, 0.4, -0.00458352, 0.931612, 0.894653, 0.918801, 0.904432
0.816843, 12.3536, 0.284355, 0.4, -0.00458284, 0.931608, 0.894648, 0.918796, 0.904427
0.816893, 12.3495, 0.284295, 0.4, -0.00458215, 0.931605, 0.894643, 0.918791, 0.904422
0.816943, 12.3453, 0.284236, 0.4, -0.00458146, 0.931602, 0.894638, 0.918785, 0.904416
0.816993, 12.3412, 0.284176, 0.4, -0.00458077, 0.931599, 0.894633, 0.91878, 0.904411
0.817043, 12.3371, 0.284117, 0.4, -0.00458009, 0.931595, 0.894628, 0.918775, 0.904405
0.817093, 12.333, 0.284058, 0.4, -0.0045794, 0.931592, 0.894623, 0.91877, 0.9044
0.817143, 12.3288, 0.283998, 0.4, -0.00457871, 0.931589, 0.894617, 0.918764, 0.904394
0.817193, 12.3247, 0.283939, 0.4, -0.00457802, 0.931585, 0.894612, 0.918759, 0.904389
0.817243, 12.3206, 0.28388, 0.4, -0.00457733, 0.931582, 0.894607, 0.918754, 0.904384
0.817293, 12.3165, 0.28382, 0.4, -0.00457664, 0.931579, 0.894602, 0.918749, 0.904378
0.817343, 12.3124, 0.283761, 0.4, -0.00457596, 0.931576, 0.894597, 0.918743, 0.904373
0.817393, 12.3083, 0.283702, 0.4, -0.00457527, 0.931572, 0.894592, 0.918738, 0.904367
0.817443, 12.3041, 0.283643, 0.4, -0.00457458, 0.931569, 0.894587, 0.918733, 0.904362
0.817493, 12.3, 0.283583, 0.4, -0.00457388, 0.931566, 0.894582, 0.918728, 0.904356
0.817543, 12.2959, 0.283524, 0.4, -0.00457319, 0.931562, 0.894577, 0.918722, 0.904351
0.817593, 12.2918, 0.283465, 0.4, -0.0045725, 0.931559, 0.894572, 0.918717, 0.904346
0.817643, 12.2877, 0.283406, 0.4, -0.00457181, 0.931556, 0.894567, 0.918712, 0.90434
0.817693, 12.2836, 0.283346, 0.4, -0.00457112, 0.931553, 0.894562, 0.918707, 0.904335
0.817743, 12.2794, 0.283287, 0.4, -0.00457043, 0.931549, 0.894557, 0.918701, 0.904329
0.817793, 12.2753, 0.283228, 0.4, -0.00456973, 0.931546, 0.894552, 0.918696, 0.904324
0.817843, 12.2712, 0.283169, 0.4, -0.00456904, 0.931543, 0.894547, 0.918691, 0.904319
0.817894, 12.2671, 0.28311, 0.4, -0.00456835, 0.931539, 0.894542, 0.918686, 0.904313
0.817944, 12.263, 0.283051, 0.4, -0.00456765, 0.931536, 0.894536, 0.918681, 0.904308
0.817994, 12.2589, 0.282992, 0.4, -0.00456696, 0.931533, 0.894531, 0.918675, 0.904302
0.818044, 12.2548, 0.282932, 0.4, -0.00456627, 0.931529, 0.894526, 0.91867, 0.904297
0.818094, 12.2507, 0.282873, 0.4, -0.00456557, 0.931526, 0.894521, 0.918665, 0.904292
0.818144, 12.2466, 0.282814, 0.4, -0.00456488, 0.931523, 0.894516, 0.91866, 0.904286
0.818194, 12.2424, 0.282755, 0.4, -0.00456418, 0.931519, 0.894511, 0.918654, 0.904281
0.818244, 12.2383, 0.282696, 0.4, -0.00456348, 0.931516, 0.894506, 0.918649, 0.904275
0.818294, 12.2342, 0.282637, 0.4, -0.00456279, 0.931513, 0.894501, 0.918644, 0.90427
0.818344, 12.2301, 0.282578, 0.4, -0.00456209, 0.931509, 0.894496, 0.918639, 0.904264
0.818394, 12.226, 0.282519, 0.4, -0.0045614, 0.931506, 0.894491, 0.918633, 0.904259
0.818444, 12.2219, 0.28246, 0.4, -0.0045607, 0.931503, 0.894486, 0.918628, 0.904254
0.818494, 12.2178, 0.282401, 0.4, -0.00456, 0.9315, 0.894481, 0.918623, 0.904248
0.818544, 12.2137, 0.282342, 0.4, -0.0045593, 0.931496, 0.894476, 0.918618, 0.904243
0.818594, 12.2096, 0.282283, 0.4, -0.00455861, 0.931493, 0.894471, 0.918612, 0.904237
0.818644, 12.2055, 0.282225, 0.4, -0.00455791, 0.93149, 0.894466, 0.918607, 0.904232
0.818694, 12.2014, 0.282166, 0.4, -0.00455721, 0.931486, 0.89446, 0.918602, 0.904227
0.818744, 12.1973, 0.282107, 0.4, -0.00455651, 0.931483, 0.894455, 0.918597, 0.904221
0.818794, 12.1932, 0.282048, 0.4, -0.00455581, 0.93148, 0.89445, 0.918591, 0.904216
0.818844, 12.1891, 0.281989, 0.4, -0.00455511, 0.931476, 0.894445, 0.918586, 0.90421
0.818894, 12.185, 0.28193, 0.4, -0.00455441, 0.931473, 0.89444, 0.918581, 0.904205
0.818944, 12.1809, 0.281872, 0.4, -0.00455371, 0.93147, 0.894435, 0.918576, 0.904199
0.818994, 12.1768, 0.281813, 0.4, -0.00455301, 0.931466, 0.89443, 0.918571, 0.904194
0.819044, 12.1727, 0.281754, 0.4, -0.00455231, 0.931463, 0.894425, 0.918565, 0.904189
0.819094, 12.1686, 0.281695, 0.4, -0.00455161, 0.93146, 0.89442, 0.91856, 0.904183
0.819144, 12.1645, 0.281636, 0.4, -0.0045509, 0.931457, 0.894415, 0.918555, 0.904178
0.819194, 12.1604, 0.281578, 0.4, -0.0045502, 0.931453, 0.89441, 0.91855, 0.904172
0.819244, 12.1563, 0.281519, 0.4, -0.0045495, 0.93145, 0.894405, 0.918544, 0.904167
0.819294, 12.1522, 0.28146, 0.4, -0.0045488, 0.931447, 0.8944, 0.918539, 0.904162
0.819344, 12.1481, 0.281402, 0.4, -0.00454809, 0.931443, 0.894395, 0.918534, 0.904156
0.819394, 12.144, 0.281343, 0.4, -0.00454739, 0.93144, 0.89439, 0.918529, 0.904151
0.819444, 12.14, 0.281284, 0.4, -0.00454668, 0.931437, 0.894385, 0.918524, 0.904145
0.819494, 12.1359, 0.281226, 0.4, -0.00454598, 0.931433, 0.894379, 0.918518, 0.90414
0.819544, 12.1318, 0.281167, 0.4, -0.00454528, 0.93143, 0.894374, 0.918513, 0.904135
0.819594, 12.1277, 0.281108, 0.4, -0.00454457, 0.931427, 0.894369, 0.918508, 0.904129
0.819644, 12.1236, 0.28105, 0.4, -0.00454387, 0.931423, 0.894364, 0.918503, 0.904124
0.819694, 12.1195, 0.280991, 0.4, -0.00454316, 0.93142, 0.894359, 0.918497, 0.904118
0.819744, 12.1154, 0.280933, 0.4, -0.00454245, 0.931417, 0.894354, 0.918492, 0.904113
0.819794, 12.1113, 0.280874, 0.4, -0.00454175, 0.931413, 0.894349, 0.918487, 0.904108
0.819844, 12.1072, 0.280816, 0.4, -0.00454104, 0.93141, 0.894344, 0.918482, 0.904102
0.819894, 12.1031, 0.280757, 0.4, -0.00454033, 0.931407, 0.894339, 0.918477, 0.904097
0.819944, 12.0991, 0.280698, 0.4, -0.00453963, 0.931403, 0.894334, 0.918471, 0.904091
0.819994, 12.095, 0.28064, 0.4, -0.00453892, 0.9314, 0.894329, 0.918466, 0.904086
0.820044, 12.0909, 0.280582, 0.4, -0.00453821, 0.931397, 0.894324, 0.918461, 0.904081
0.820094, 12.0868, 0.280523, 0.4, -0.0045375, 0.931393, 0.894319, 0.918456, 0.904075
0.820144, 12.0827, 0.280465, 0.4, -0.00453679, 0.93139, 0.894313, 0.91845, 0.90407
0.820194, 12.0786, 0.280406, 0.4, -0.00453608, 0.931387, 0.894308, 0.918445, 0.904064
0.820244, 12.0746, 0.280348, 0.4, -0.00453538, 0.931383, 0.894303, 0.91844, 0.904059
0.820294, 12.0705, 0.280289, 0.4, -0.00453467, 0.93138, 0.894298, 0.918435, 0.904053
0.820344, 12.0664, 0.280231, 0.4, -0.00453396, 0.931377, 0.894293, 0.91843, 0.904048
0.820394, 12.0623, 0.280173, 0.4, -0.00453325, 0.931373, 0.894288, 0.918424, 0.904043
0.820444, 12.0582, 0.280115, 0.4, -0.00453253, 0.93137, 0.894283, 0.918419, 0.904037
0.820494, 12.0542, 0.280056, 0.4, -0.00453182, 0.931367, 0.894278, 0.918414, 0.904032
0.820544, 12.0501, 0.279998, 0.4, -0.00453111, 0.931363, 0.894273, 0.918409, 0.904026
0.820594, 12.046, 0.279939, 0.4, -0.0045304, 0.93136, 0.894268, 0.918403, 0.904021
0.820644, 12.0419, 0.279881, 0.4, -0.00452969, 0.931357, 0.894263, 0.918398, 0.904016
0.820694, 12.0379, 0.279823, 0.4, -0.00452898, 0.931353, 0.894258, 0.918393, 0.90401
0.820744, 12.0338, 0.279765, 0.4, -0.00452826, 0.93135, 0.894253, 0.918388, 0.904005
0.820794, 12.0297, 0.279706, 0.4, -0.00452755, 0.931346, 0.894247, 0.918382, 0.903999
0.820844, 12.0256, 0.279648, 0.4, -0.00452684, 0.931343, 0.894242, 0.918377, 0.903994
0.820894, 12.0216, 0.27959, 0.4, -0.00452612, 0.93134, 0.894237, 0.918372, 0.903988
0.820944, 12.0175, 0.279532, 0.4, -0.00452541, 0.931336, 0.894232, 0.918367, 0.903983
0.820994, 12.0134, 0.279474, 0.4, -0.00452469, 0.931333, 0.894227, 0.918362, 0.903978
0.821044, 12.0093, 0.279416, 0.4, -0.00452398, 0.93133, 0.894222, 0.918356, 0.903972
0.821094, 12.0053, 0.279357, 0.4, -0.00452326, 0.931326, 0.894217, 0.918351, 0.903967
0.821144, 12.0012, 0.279299, 0.4, -0.00452255, 0.931323, 0.894212, 0.918346, 0.903961
0.821194, 11.9971, 0.279241, 0.4, -0.00452183, 0.93132, 0.894207, 0.918341, 0.903956
0.821244, 11.9931, 0.279183, 0.4, -0.00452112, 0.931316, 0.894202, 0.918336, 0.903951
0.821294, 11.989, 0.279125, 0.4, -0.0045204, 0.931313, 0.894197, 0.91833, 0.903945
0.821344, 11.9849, 0.279067, 0.4, -0.00451968, 0.93131, 0.894192, 0.918325, 0.90394
0.821394, 11.9809, 0.279009, 0.4, -0.00451897, 0.931306, 0.894187, 0.91832, 0.903934
0.821444, 11.9768, 0.278951, 0.4, -0.00451825, 0.931303, 0.894182, 0.918315, 0.903929
0.821494, 11.9727, 0.278893, 0.4, -0.00451753, 0.9313, 0.894176, 0.918309, 0.903924
0.821544, 11.9687, 0.278835, 0.4, -0.00451681, 0.931296, 0.894171, 0.918304, 0.903918
0.821594, 11.9646, 0.278777, 0.4, -0.00451609, 0.931293, 0.894166, 0.918299, 0.903913
0.821644, 11.9605, 0.278719, 0.4, -0.00451538, 0.931289, 0.894161, 0.918294, 0.903907
0.821694, 11.9565, 0.278661, 0.4, -0.00451466, 0.931286, 0.894156, 0.918289, 0.903902
0.821744, 11.9524, 0.278603, 0.4, -0.00451394, 0.931283, 0.894151, 0.918283, 0.903897
0.821794, 11.9483, 0.278545, 0.4, -0.00451322, 0.93128, 0.894146, 0.918278, 0.903891
0.821844, 11.9443, 0.278487, 0.4, -0.0045125, 0.931276, 0.894141, 0.918273, 0.903886
0.821894, 11.9402, 0.278429, 0.4, -0.00451178, 0.931273, 0.894136, 0.918268, 0.90388
0.821944, 11.9362, 0.278371, 0.4, -0.00451106, 0.931269, 0.894131, 0.918263, 0.903875
0.821994, 11.9321, 0.278313, 0.4, -0.00451033, 0.931266, 0.894126, 0.918257, 0.90387
0.822044, 11.928, 0.278255, 0.4, -0.00450961, 0.931263, 0.894121, 0.918252, 0.903864
0.822094, 11.924, 0.278198, 0.4, -0.00450889, 0.931259, 0.894116, 0.918247, 0.903859
0.822144, 11.9199, 0.27814, 0.4, -0.00450817, 0.931256, 0.894111, 0.918242, 0.903853
0.822194, 11.9159, 0.278082, 0.4, -0.00450745, 0.931253, 0.894105, 0.918236, 0.903848
0.822244, 11.9118, 0.278024, 0.4, -0.00450672, 0.931249, 0.8941, 0.918231, 0.903843
0.822294, 11.9077, 0.277967, 0.4, -0.004506, 0.931246, 0.894095, 0.918226, 0.903837
0.822344, 11.9037, 0.277909, 0.4, -0.00450528, 0.931242, 0.89409, 0.918221, 0.903832
0.822394, 11.8996, 0.277851, 0.4, -0.00450455, 0.931239, 0.894085, 0.918216, 0.903826
0.822444, 11.8956, 0.277793, 0.4, -0.00450383, 0.931236, 0.89408, 0.91821, 0.903821
0.822494, 11.8915, 0.277735, 0.4, -0.0045031, 0.931232, 0.894075, 0.918205, 0.903815
0.822544, 11.8875, 0.277678, 0.4, -0.00450238, 0.931229, 0.89407, 0.9182, 0.90381
0.822594, 11.8834, 0.27762, 0.4, -0.00450165, 0.931225, 0.894065, 0.918195, 0.903805
0.822644, 11.8794, 0.277562, 0.4, -0.00450093, 0.931222, 0.89406, 0.91819, 0.903799
0.822694, 11.8753, 0.277505, 0.4, -0.0045002, 0.931219, 0.894055, 0.918184, 0.903794
0.822744, 11.8713, 0.277447, 0.4, -0.00449948, 0.931215, 0.89405, 0.918179, 0.903788
0.822794, 11.8672, 0.27739, 0.4, -0.00449875, 0.931212, 0.894045, 0.918174, 0.903783
0.822844, 11.8632, 0.277332, 0.4, -0.00449802, 0.931209, 0.894039, 0.918169, 0.903778
0.822894, 11.8591, 0.277274, 0.4, -0.00449729, 0.931205, 0.894034, 0.918163, 0.903772
0.822944, 11.8551, 0.277217, 0.4, -0.00449657, 0.931202, 0.894029, 0.918158, 0.903767
0.822994, 11.851, 0.277159, 0.4, -0.00449584, 0.931198, 0.894024, 0.918153, 0.903761
0.823044, 11.847, 0.277101, 0.4, -0.00449511, 0.931195, 0.894019, 0.918148, 0.903756
0.823094, 11.8429, 0.277044, 0.4, -0.00449438, 0.931192, 0.894014, 0.918143, 0.903751
0.823144, 11.8389, 0.276987, 0.4, -0.00449365, 0.931188, 0.894009, 0.918137, 0.903745
0.823194, 11.8349, 0.276929, 0.4, -0.00449292, 0.931185, 0.894004, 0.918132, 0.90374
0.823244, 11.8308, 0.276872, 0.4, -0.00449219, 0.931181, 0.893999, 0.918127, 0.903734
0.823294, 11.8268, 0.276814, 0.4, -0.00449146, 0.931178, 0.893994, 0.918122, 0.903729
0.823344, 11.8227, 0.276757, 0.4, -0.00449073, 0.931175, 0.893989, 0.918117, 0.903724
0.823394, 11.8187, 0.276699, 0.4, -0.00449, 0.931171, 0.893984, 0.918111, 0.903718
0.823444, 11.8146, 0.276642, 0.4, -0.00448927, 0.931168, 0.893978, 0.918106, 0.903713
0.823494, 11.8106, 0.276584, 0.4, -0.00448854, 0.931165, 0.893973, 0.918101, 0.903707
0.823544, 11.8066, 0.276527, 0.4, -0.00448781, 0.931161, 0.893968, 0.918096, 0.903702
0.823594, 11.8025, 0.27647, 0.4, -0.00448708, 0.931158, 0.893963, 0.918091, 0.903697
0.823644, 11.7985, 0.276412, 0.4, -0.00448635, 0.931154, 0.893958, 0.918085, 0.903691
0.823694, 11.7945, 0.276355, 0.4, -0.00448561, 0.931151, 0.893953, 0.91808, 0.903686
0.823744, 11.7904, 0.276298, 0.4, -0.00448488, 0.931148, 0.893948, 0.918075, 0.90368
0.823794, 11.7864, 0.27624, 0.4, -0.00448415, 0.931144, 0.893943, 0.91807, 0.903675
0.823844, 11.7823, 0.276183, 0.4, -0.00448341, 0.931141, 0.893938, 0.918065, 0.90367
0.823895, 11.7783, 0.276126, 0.4, -0.00448268, 0.931138, 0.893933, 0.918059, 0.903664
0.823945, 11.7743, 0.276069, 0.4, -0.00448195, 0.931134, 0.893928, 0.918054, 0.903659
0.823995, 11.7702, 0.276011, 0.4, -0.00448121, 0.931131, 0.893923, 0.918049, 0.903653
0.824045, 11.7662, 0.275954, 0.4, -0.00448048, 0.931127, 0.893918, 0.918044, 0.903648
0.824095, 11.7622, 0.275897, 0.4, -0.00447974, 0.931124, 0.893913, 0.918039, 0.903643
0.824145, 11.7581, 0.27584, 0.4, -0.00447901, 0.931121, 0.893908, 0.918033, 0.903637
0.824195, 11.7541, 0.275782, 0.4, -0.00447827, 0.931117, 0.893902, 0.918028, 0.903632
0.824245, 11.7501, 0.275725, 0.4, -0.00447753, 0.931114, 0.893897, 0.918023, 0.903627
0.824295, 11.7461, 0.275668, 0.4, -0.0044768, 0.931111, 0.893892, 0.918018, 0.903621
0.824345, 11.742, 0.275611, 0.4, -0.00447606, 0.931107, 0.893887, 0.918013, 0.903616
0.824395, 11.738, 0.275554, 0.4, -0.00447532, 0.931104, 0.893882, 0.918007, 0.90361
0.824445, 11.734, 0.275497, 0.4, -0.00447458, 0.9311, 0.893877, 0.918002, 0.903605
0.824495, 11.7299, 0.27544, 0.4, -0.00447385, 0.931097, 0.893872, 0.917997, 0.9036
0.824545, 11.7259, 0.275383, 0.4, -0.00447311, 0.931093, 0.893867, 0.917992, 0.903594
0.824595, 11.7219, 0.275326, 0.4, -0.00447237, 0.93109, 0.893862, 0.917987, 0.903589
0.824645, 11.7179, 0.275269, 0.4, -0.00447163, 0.931087, 0.893857, 0.917981, 0.903583
0.824695, 11.7138, 0.275212, 0.4, -0.00447089, 0.931083, 0.893852, 0.917976, 0.903578
0.824745, 11.7098, 0.275155, 0.4, -0.00447015, 0.93108, 0.893847, 0.917971, 0.903572
0.824795, 11.7058, 0.275098, 0.4, -0.00446941, 0.931077, 0.893842, 0.917966, 0.903567
0.824845, 11.7018, 0.275041, 0.4, -0.00446867, 0.931073, 0.893836, 0.917961, 0.903562
0.824895, 11.6978, 0.274984, 0.4, -0.00446793, 0.93107, 0.893831, 0.917955, 0.903556
0.824945, 11.6937, 0.274927, 0.4, -0.00446719, 0.931066, 0.893826, 0.91795, 0.903551
0.824995, 11.6897, 0.27487, 0.4, -0.00446645, 0.931063, 0.893821, 0.917945, 0.903546
0.825045, 11.6857, 0.274813, 0.4, -0.00446571, 0.931059, 0.893816, 0.91794, 0.90354
0.825095, 11.6817, 0.274756, 0.4, -0.00446497, 0.931056, 0.893811, 0.917935, 0.903535
0.825145, 11.6777, 0.274699, 0.4, -0.00446422, 0.931053, 0.893806, 0.917929, 0.903529
0.825195, 11.6736, 0.274642, 0.4, -0.00446348, 0.931049, 0.893801, 0.917924, 0.903524
0.825245, 11.6696, 0.274586, 0.4, -0.00446274, 0.931046, 0.893796, 0.917919, 0.903519
0.825295, 11.6656, 0.274529, 0.4, -0.00446199, 0.931042, 0.893791, 0.917914, 0.903513
0.825345, 11.6616, 0.274472, 0.4, -0.00446125, 0.931039, 0.893786, 0.917909, 0.903508
0.825395, 11.6576, 0.274415, 0.4, -0.00446051, 0.931036, 0.893781, 0.917903, 0.903502
0.825445, 11.6536, 0.274358, 0.4, -0.00445976, 0.931032, 0.893775, 0.917898, 0.903497
0.825495, 11.6495, 0.274301, 0.4, -0.00445902, 0.931029, 0.89377, 0.917893, 0.903492
0.825545, 11.6455, 0.274245, 0.4, -0.00445827, 0.931025, 0.893765, 0.917888, 0.903486
0.825595, 11.6415, 0.274188, 0.4, -0.00445753, 0.931022, 0.89376, 0.917883, 0.903481
0.825645, 11.6375, 0.274131, 0.4, -0.00445678, 0.931019, 0.893755, 0.917877, 0.903476
0.825695, 11.6335, 0.274075, 0.4, -0.00445604, 0.931015, 0.89375, 0.917872, 0.90347
0.825745, 11.6295, 0.274018, 0.4, -0.00445529, 0.931012, 0.893745, 0.917867, 0.903465
0.825795, 11.6255, 0.273961, 0.4, -0.00445455, 0.931008, 0.89374, 0.917862, 0.903459
0.825845, 11.6215, 0.273904, 0.4, -0.0044538, 0.931005, 0.893735, 0.917857, 0.903454
0.825895, 11.6175, 0.273848, 0.4, -0.00445305, 0.931001, 0.89373, 0.917852, 0.903449
0.825945, 11.6135, 0.273791, 0.4, -0.0044523, 0.930998, 0.893725, 0.917846, 0.903443
0.825995, 11.6095, 0.273735, 0.4, -0.00445156, 0.930995, 0.89372, 0.917841, 0.903438
0.826045, 11.6054, 0.273678, 0.4, -0.00445081, 0.930991, 0.893715, 0.917836, 0.903432
0.826095, 11.6014, 0.273621, 0.4, -0.00445006, 0.930988, 0.89371, 0.917831, 0.903427
0.826145, 11.5974, 0.273565, 0.4, -0.00444931, 0.930984, 0.893705, 0.917826, 0.903422
0.826195, 11.5934, 0.273508, 0.4, -0.00444856, 0.930981, 0.893699, 0.91782, 0.903416
0.826245, 11.5894, 0.273452, 0.4, -0.00444781, 0.930978, 0.893694, 0.917815, 0.903411
0.826295, 11.5854, 0.273395, 0.4, -0.00444706, 0.930974, 0.893689, 0.91781, 0.903405
0.826345, 11.5814, 0.273339, 0.4, -0.00444631, 0.930971, 0.893684, 0.917805, 0.9034
0.826395, 11.5774, 0.273282, 0.4, -0.00444556, 0.930967, 0.893679, 0.9178, 0.903395
0.826445, 11.5734, 0.273226, 0.4, -0.00444481, 0.930964, 0.893674, 0.917795, 0.903389
0.826495, 11.5694, 0.273169, 0.4, -0.00444406, 0.93096, 0.893669, 0.917789, 0.903384
0.826545, 11.5654, 0.273113, 0.4, -0.00444331, 0.930957, 0.893664, 0.917784, 0.903379
0.826595, 11.5614, 0.273057, 0.4, -0.00444256, 0.930954, 0.893659, 0.917779, 0.903373
0.826645, 11.5574, 0.273, 0.4, -0.0044418, 0.93095, 0.893654, 0.917774, 0.903368
0.826695, 11.5534, 0.272944, 0.4, -0.00444105, 0.930947, 0.893649, 0.917769, 0.903362
0.826745, 11.5494, 0.272887, 0.4, -0.0044403, 0.930943, 0.893644, 0.917763, 0.903357
0.826795, 11.5454, 0.272831, 0.4, -0.00443955, 0.93094, 0.893638, 0.917758, 0.903352
0.826845, 11.5414, 0.272775, 0.4, -0.00443879, 0.930936, 0.893633, 0.917753, 0.903346
0.826895, 11.5374, 0.272718, 0.4, -0.00443804, 0.930933, 0.893628, 0.917748, 0.903341
0.826945, 11.5335, 0.272662, 0.4, -0.00443729, 0.93093, 0.893623, 0.917743, 0.903335
0.826995, 11.5295, 0.272606, 0.4, -0.00443653, 0.930926, 0.893618, 0.917737, 0.90333
0.827045, 11.5255, 0.272549, 0.4, -0.00443578, 0.930923, 0.893613, 0.917732, 0.903325
0.827095, 11.5215, 0.272493, 0.4, -0.00443502, 0.930919, 0.893608, 0.917727, 0.903319
0.827145, 11.5175, 0.272437, 0.4, -0.00443427, 0.930916, 0.893603, 0.917722, 0.903314
0.827195, 11.5135, 0.272381, 0.4, -0.00443351, 0.930912, 0.893598, 0.917717, 0.903309
0.827245, 11.5095, 0.272325, 0.4, -0.00443275, 0.930909, 0.893593, 0.917712, 0.903303
0.827295, 11.5055, 0.272268, 0.4, -0.004432, 0.930906, 0.893588, 0.917706, 0.903298
0.827345, 11.5015, 0.272212, 0.4, -0.00443124, 0.930902, 0.893583, 0.917701, 0.903292
0.827395, 11.4975, 0.272156, 0.4, -0.00443048, 0.930899, 0.893578, 0.917696, 0.903287
0.827445, 11.4935, 0.2721, 0.4, -0.00442973, 0.930895, 0.893572, 0.917691, 0.903282
0.827495, 11.4896, 0.272044, 0.4, -0.00442897, 0.930892, 0.893567, 0.917686, 0.903276
0.827545, 11.4856, 0.271987, 0.4, -0.00442821, 0.930888, 0.893562, 0.91768, 0.903271
0.827595, 11.4816, 0.271931, 0.4, -0.00442745, 0.930885, 0.893557, 0.917675, 0.903265
0.827645, 11.4776, 0.271875, 0.4, -0.00442669, 0.930881, 0.893552, 0.91767, 0.90326
0.827695, 11.4736, 0.271819, 0.4, -0.00442593, 0.930878, 0.893547, 0.917665, 0.903255
0.827745, 11.4696, 0.271763, 0.4, -0.00442518, 0.930874, 0.893542, 0.91766, 0.903249
0.827795, 11.4657, 0.271707, 0.4, -0.00442442, 0.930871, 0.893537, 0.917655, 0.903244
0.827845, 11.4617, 0.271651, 0.4, -0.00442366, 0.930867, 0.893532, 0.917649, 0.903238
0.827895, 11.4577, 0.271595, 0.4, -0.0044229, 0.930864, 0.893527, 0.917644, 0.903233
0.827945, 11.4537, 0.271539, 0.4, -0.00442214, 0.930861, 0.893522, 0.917639, 0.903228
0.827995, 11.4497, 0.271483, 0.4, -0.00442137, 0.930857, 0.893517, 0.917634, 0.903222
0.828045, 11.4458, 0.271427, 0.4, -0.00442061, 0.930854, 0.893512, 0.917629, 0.903217
0.828095, 11.4418, 0.271371, 0.4, -0.00441985, 0.93085, 0.893506, 0.917624, 0.903212
0.828145, 11.4378, 0.271315, 0.4, -0.00441909, 0.930847, 0.893501, 0.917618, 0.903206
0.828195, 11.4338, 0.271259, 0.4, -0.00441833, 0.930843, 0.893496, 0.917613, 0.903201
0.828245, 11.4298, 0.271204, 0.4, -0.00441757, 0.93084, 0.893491, 0.917608, 0.903195
0.828295, 11.4259, 0.271148, 0.4, -0.0044168, 0.930837, 0.893486, 0.917603, 0.90319
0.828345, 11.4219, 0.271091, 0.4, -0.00441604, 0.930833, 0.893481, 0.917598, 0.903185
0.828395, 11.4179, 0.271036, 0.4, -0.00441528, 0.93083, 0.893476, 0.917592, 0.903179
0.828445, 11.4139, 0.27098, 0.4, -0.00441451, 0.930826, 0.893471, 0.917587, 0.903174
0.828495, 11.41, 0.270924, 0.4, -0.00441375, 0.930823, 0.893466, 0.917582, 0.903169
0.828545, 11.406, 0.270868, 0.4, -0.00441298, 0.930819, 0.893461, 0.917577, 0.903163
0.828595, 11.402, 0.270813, 0.4, -0.00441222, 0.930816, 0.893456, 0.917572, 0.903158
0.828645, 11.3981, 0.270757, 0.4, -0.00441145, 0.930812, 0.893451, 0.917567, 0.903152
0.828695, 11.3941, 0.270701, 0.4, -0.00441069, 0.930809, 0.893446, 0.917562, 0.903147
0.828745, 11.3901, 0.270645, 0.4, -0.00440992, 0.930806, 0.893441, 0.917556, 0.903142
0.828795, 11.3862, 0.27059, 0.4, -0.00440916, 0.930802, 0.893435, 0.917551, 0.903136
0.828845, 11.3822, 0.270534, 0.4, -0.00440839, 0.930799, 0.89343, 0.917546, 0.903131
0.828895, 11.3782, 0.270478, 0.4, -0.00440762, 0.930795, 0.893425, 0.917541, 0.903126
0.828945, 11.3743, 0.270423, 0.4, -0.00440686, 0.930792, 0.89342, 0.917536, 0.90312
0.828995, 11.3703, 0.270367, 0.4, -0.00440609, 0.930788, 0.893415, 0.917531, 0.903115
0.829045, 11.3663, 0.270311, 0.4, -0.00440532, 0.930785, 0.89341, 0.917525, 0.903109
0.829095, 11.3624, 0.270255, 0.4, -0.00440455, 0.930781, 0.893405, 0.91752, 0.903104
0.829145, 11.3584, 0.2702, 0.4, -0.00440378, 0.930778, 0.8934, 0.917515, 0.903099
0.829195, 11.3544, 0.270144, 0.4, -0.00440302, 0.930774, 0.893395, 0.91751, 0.903093
0.829245, 11.3505, 0.270089, 0.4, -0.00440225, 0.930771, 0.89339, 0.917505, 0.903088
0.829295, 11.3465, 0.270033, 0.4, -0.00440148, 0.930767, 0.893385, 0.9175, 0.903083
0.829345, 11.3425, 0.269978, 0.4, -0.00440071, 0.930764, 0.89338, 0.917494, 0.903077
0.829395, 11.3386, 0.269922, 0.4, -0.00439994, 0.930761, 0.893375, 0.917489, 0.903072
0.829445, 11.3346, 0.269866, 0.4, -0.00439917, 0.930757, 0.893369, 0.917484, 0.903066
0.829495, 11.3307, 0.269811, 0.4, -0.0043984, 0.930754, 0.893364, 0.917479, 0.903061
0.829545, 11.3267, 0.269755, 0.4, -0.00439763, 0.93075, 0.893359, 0.917474, 0.903056
0.829595, 11.3228, 0.2697, 0.4, -0.00439685, 0.930747, 0.893354, 0.917469, 0.90305
0.829645, 11.3188, 0.269645, 0.4, -0.00439608, 0.930743, 0.893349, 0.917463, 0.903045
0.829695, 11.3148, 0.269589, 0.4, -0.00439531, 0.93074, 0.893344, 0.917458, 0.90304
0.829745, 11.3109, 0.269534, 0.4, -0.00439454, 0.930736, 0.893339, 0.917453, 0.903034
0.829795, 11.3069, 0.269478, 0.4, -0.00439377, 0.930733, 0.893334, 0.917448, 0.903029
0.829845, 11.303, 0.269423, 0.4, -0.00439299, 0.930729, 0.893329, 0.917443, 0.903023
0.829895, 11.299, 0.269368, 0.4, -0.00439222, 0.930726, 0.893324, 0.917438, 0.903018
0.829946, 11.2951, 0.269312, 0.4, -0.00439145, 0.930722, 0.893319, 0.917432, 0.903013
0.829996, 11.2911, 0.269257, 0.4, -0.00439067, 0.930719, 0.893314, 0.917427, 0.903007
0.830046, 11.2872, 0.269202, 0.4, -0.0043899, 0.930716, 0.893309, 0.917422, 0.903002
0.830096, 11.2832, 0.269146, 0.4, -0.00438912, 0.930712, 0.893304, 0.917417, 0.902997
0.830146, 11.2793, 0.269091, 0.4, -0.00438835, 0.930708, 0.893298, 0.917412, 0.902991
0.830196, 11.2753, 0.269036, 0.4, -0.00438757, 0.930705, 0.893293, 0.917407, 0.902986
0.830246, 11.2714, 0.268981, 0.4, -0.0043868, 0.930702, 0.893288, 0.917402, 0.902981
0.830296, 11.2674, 0.268926, 0.4, -0.00438602, 0.930698, 0.893283, 0.917396, 0.902975
0.830346, 11.2635, 0.26887, 0.4, -0.00438525, 0.930695, 0.893278, 0.917391, 0.90297
0.830396, 11.2595, 0.268815, 0.4, -0.00438447, 0.930691, 0.893273, 0.917386, 0.902964
0.830446, 11.2556, 0.26876, 0.4, -0.00438369, 0.930688, 0.893268, 0.917381, 0.902959
0.830496, 11.2516, 0.268705, 0.4, -0.00438292, 0.930684, 0.893263, 0.917376, 0.902954
0.830546, 11.2477, 0.26865, 0.4, -0.00438214, 0.930681, 0.893258, 0.917371, 0.902948
0.830596, 11.2437, 0.268595, 0.4, -0.00438136, 0.930677, 0.893253, 0.917366, 0.902943
0.830646, 11.2398, 0.268539, 0.4, -0.00438058, 0.930674, 0.893248, 0.91736, 0.902938
0.830696, 11.2359, 0.268484, 0.4, -0.00437981, 0.93067, 0.893243, 0.917355, 0.902932
0.830746, 11.2319, 0.268429, 0.4, -0.00437903, 0.930667, 0.893238, 0.91735, 0.902927
0.830796, 11.228, 0.268374, 0.4, -0.00437825, 0.930663, 0.893233, 0.917345, 0.902922
0.830846, 11.224, 0.268319, 0.4, -0.00437747, 0.93066, 0.893228, 0.91734, 0.902916
0.830896, 11.2201, 0.268264, 0.4, -0.00437669, 0.930657, 0.893223, 0.917335, 0.902911
0.830946, 11.2162, 0.268209, 0.4, -0.00437591, 0.930653, 0.893217, 0.917329, 0.902906
0.830996, 11.2122, 0.268154, 0.4, -0.00437513, 0.93065, 0.893212, 0.917324, 0.9029
0.831046, 11.2083, 0.268099, 0.4, -0.00437435, 0.930646, 0.893207, 0.917319, 0.902895
0.831096, 11.2044, 0.268044, 0.4, -0.00437357, 0.930643, 0.893202, 0.917314, 0.902889
0.831146, 11.2004, 0.267989, 0.4, -0.00437279, 0.930639, 0.893197, 0.917309, 0.902884
0.831196, 11.1965, 0.267934, 0.4, -0.004372, 0.930636, 0.893192, 0.917304, 0.902879
0.831246, 11.1925, 0.267879, 0.4, -0.00437122, 0.930632, 0.893187, 0.917299, 0.902873
0.831296, 11.1886, 0.267824, 0.4, -0.00437044, 0.930629, 0.893182, 0.917293, 0.902868
0.831346, 11.1847, 0.267769, 0.4, -0.00436966, 0.930625, 0.893177, 0.917288, 0.902863
0.831396, 11.1807, 0.267714, 0.4, -0.00436888, 0.930622, 0.893172, 0.917283, 0.902857
0.831446, 11.1768, 0.26766, 0.4, -0.00436809, 0.930618, 0.893167, 0.917278, 0.902852
0.831496, 11.1729, 0.267605, 0.4, -0.00436731, 0.930615, 0.893162, 0.917273, 0.902847
0.831546, 11.169, 0.26755, 0.4, -0.00436652, 0.930611, 0.893157, 0.917268, 0.902841
0.831596, 11.165, 0.267495, 0.4, -0.00436574, 0.930608, 0.893151, 0.917263, 0.902836
0.831646, 11.1611, 0.26744, 0.4, -0.00436496, 0.930604, 0.893146, 0.917257, 0.90283
0.831696, 11.1572, 0.267385, 0.4, -0.00436417, 0.930601, 0.893141, 0.917252, 0.902825
0.831746, 11.1532, 0.267331, 0.4, -0.00436339, 0.930597, 0.893136, 0.917247, 0.90282
0.831796, 11.1493, 0.267276, 0.4, -0.0043626, 0.930594, 0.893131, 0.917242, 0.902814
0.831846, 11.1454, 0.267221, 0.4, -0.00436182, 0.93059, 0.893126, 0.917237, 0.902809
0.831896, 11.1415, 0.267167, 0.4, -0.00436103, 0.930587, 0.893121, 0.917232, 0.902804
0.831946, 11.1375, 0.267112, 0.4, -0.00436024, 0.930583, 0.893116, 0.917226, 0.902798
0.831996, 11.1336, 0.267057, 0.4, -0.00435946, 0.93058, 0.893111, 0.917221, 0.902793
0.832046, 11.1297, 0.267002, 0.4, -0.00435867, 0.930576, 0.893106, 0.917216, 0.902788
0.832096, 11.1258, 0.266948, 0.4, -0.00435788, 0.930573, 0.893101, 0.917211, 0.902782
0.832146, 11.1218, 0.266893, 0.4, -0.0043571, 0.930569, 0.893096, 0.917206, 0.902777
0.832196, 11.1179, 0.266838, 0.4, -0.00435631, 0.930566, 0.893091, 0.917201, 0.902772
0.832246, 11.114, 0.266784, 0.4, -0.00435552, 0.930562, 0.893086, 0.917196, 0.902766
0.832296, 11.1101, 0.266729, 0.4, -0.00435473, 0.930559, 0.893081, 0.917191, 0.902761
0.832346, 11.1062, 0.266675, 0.4, -0.00435394, 0.930555, 0.893075, 0.917185, 0.902755
0.832396, 11.1022, 0.26662, 0.4, -0.00435315, 0.930552, 0.89307, 0.91718, 0.90275
0.832446, 11.0983, 0.266566, 0.4, -0.00435236, 0.930548, 0.893065, 0.917175, 0.902745
0.832496, 11.0944, 0.266511, 0.4, -0.00435157, 0.930545, 0.89306, 0.91717, 0.902739
0.832546, 11.0905, 0.266456, 0.4, -0.00435078, 0.930541, 0.893055, 0.917165, 0.902734
0.832596, 11.0866, 0.266402, 0.4, -0.00434999, 0.930538, 0.89305, 0.91716, 0.902729
0.832646, 11.0827, 0.266348, 0.4, -0.0043492, 0.930534, 0.893045, 0.917155, 0.902723
0.832696, 11.0788, 0.266293, 0.4, -0.00434841, 0.930531, 0.89304, 0.91715, 0.902718
0.832746, 11.0748, 0.266239, 0.4, -0.00434762, 0.930527, 0.893035, 0.917144, 0.902713
0.832796, 11.0709, 0.266184, 0.4, -0.00434683, 0.930524, 0.89303, 0.917139, 0.902707
0.832846, 11.067, 0.26613, 0.4, -0.00434604, 0.93052, 0.893025, 0.917134, 0.902702
0.832896, 11.0631, 0.266075, 0.4, -0.00434524, 0.930517, 0.89302, 0.917129, 0.902697
0.832946, 11.0592, 0.266021, 0.4, -0.00434445, 0.930513, 0.893015, 0.917124, 0.902691
0.832996, 11.0553, 0.265967, 0.4, -0.00434366, 0.93051, 0.89301, 0.917119, 0.902686
0.833046, 11.0514, 0.265912, 0.4, -0.00434287, 0.930506, 0.893004, 0.917114, 0.902681
0.833096, 11.0475, 0.265858, 0.4, -0.00434207, 0.930503, 0.892999, 0.917108, 0.902675
0.833146, 11.0436, 0.265803, 0.4, -0.00434128, 0.930499, 0.892994, 0.917103, 0.90267
0.833196, 11.0397, 0.265749, 0.4, -0.00434048, 0.930496, 0.892989, 0.917098, 0.902665
0.833246, 11.0357, 0.265695, 0.4, -0.00433969, 0.930492, 0.892984, 0.917093, 0.902659
0.833296, 11.0318, 0.265641, 0.4, -0.00433889, 0.930489, 0.892979, 0.917088, 0.902654
0.833346, 11.0279, 0.265586, 0.4, -0.0043381, 0.930485, 0.892974, 0.917083, 0.902648
0.833396, 11.024, 0.265532, 0.4, -0.0043373, 0.930482, 0.892969, 0.917078, 0.902643
0.833446, 11.0201, 0.265478, 0.4, -0.00433651, 0.930478, 0.892964, 0.917072, 0.902638
0.833496, 11.0162, 0.265424, 0.4, -0.00433571, 0.930475, 0.892959, 0.917067, 0.902632
0.833546, 11.0123, 0.265369, 0.4, -0.00433491, 0.930471, 0.892954, 0.917062, 0.902627
0.833596, 11.0084, 0.265315, 0.4, -0.00433412, 0.930468, 0.892949, 0.917057, 0.902622
0.833646, 11.0045, 0.265261, 0.4, -0.00433332, 0.930464, 0.892944, 0.917052, 0.902616
0.833696, 11.0006, 0.265207, 0.4, -0.00433252, 0.930461, 0.892939, 0.917047, 0.902611
0.833746, 10.9967, 0.265153, 0.4, -0.00433173, 0.930457, 0.892934, 0.917042, 0.902606
0.833796, 10.9928, 0.265099, 0.4, -0.00433093, 0.930454, 0.892928, 0.917037, 0.9026
0.833846, 10.9889, 0.265045, 0.4, -0.00433013, 0.93045, 0.892923, 0.917032, 0.902595
0.833896, 10.985, 0.26499, 0.4, -0.00432933, 0.930446, 0.892918, 0.917026, 0.90259
0.833946, 10.9811, 0.264937, 0.4, -0.00432853, 0.930443, 0.892913, 0.917021, 0.902584
0.833996, 10.9772, 0.264882, 0.4, -0.00432773, 0.930439, 0.892908, 0.917016, 0.902579
0.834046, 10.9733, 0.264828, 0.4, -0.00432693, 0.930436, 0.892903, 0.917011, 0.902574
0.834096, 10.9695, 0.264775, 0.4, -0.00432613, 0.930432, 0.892898, 0.917006, 0.902568
0.834146, 10.9656, 0.26472, 0.4, -0.00432533, 0.930429, 0.892893, 0.917001, 0.902563
0.834196, 10.9617, 0.264666, 0.4, -0.00432453, 0.930425, 0.892888, 0.916996, 0.902558
0.834246, 10.9578, 0.264612, 0.4, -0.00432373, 0.930422, 0.892883, 0.916991, 0.902552
0.834296, 10.9539, 0.264558, 0.4, -0.00432293, 0.930418, 0.892878, 0.916986, 0.902547
0.834346, 10.95, 0.264504, 0.4, -0.00432213, 0.930415, 0.892873, 0.91698, 0.902542
0.834396, 10.9461, 0.264451, 0.4, -0.00432133, 0.930411, 0.892868, 0.916975, 0.902536
0.834446, 10.9422, 0.264397, 0.4, -0.00432053, 0.930408, 0.892863, 0.91697, 0.902531
0.834496, 10.9383, 0.264343, 0.4, -0.00431972, 0.930404, 0.892858, 0.916965, 0.902526
0.834546, 10.9344, 0.264289, 0.4, -0.00431892, 0.930401, 0.892853, 0.91696, 0.90252
0.834596, 10.9306, 0.264235, 0.4, -0.00431812, 0.930397, 0.892848, 0.916955, 0.902515
0.834646, 10.9267, 0.264181, 0.4, -0.00431731, 0.930394, 0.892842, 0.91695, 0.90251
0.834696, 10.9228, 0.264128, 0.4, -0.00431651, 0.93039, 0.892838, 0.916945, 0.902504
0.834746, 10.9189, 0.264074, 0.4, -0.00431571, 0.930387, 0.892832, 0.916939, 0.902499
0.834796, 10.915, 0.26402, 0.4, -0.0043149, 0.930383, 0.892827, 0.916934, 0.902494
0.834846, 10.9111, 0.263966, 0.4, -0.0043141, 0.93038, 0.892822, 0.916929, 0.902488
0.834896, 10.9072, 0.263912, 0.4, -0.00431329, 0.930376, 0.892817, 0.916924, 0.902483
0.834946, 10.9034, 0.263859, 0.4, -0.00431249, 0.930373, 0.892812, 0.916919, 0.902478
0.834996, 10.8995, 0.263805, 0.4, -0.00431168, 0.930369, 0.892807, 0.916914, 0.902472
0.835046, 10.8956, 0.263751, 0.4, -0.00431088, 0.930366, 0.892802, 0.916909, 0.902467
0.835096, 10.8917, 0.263697, 0.4, -0.00431007, 0.930362, 0.892797, 0.916904, 0.902462
0.835146, 10.8878, 0.263644, 0.4, -0.00430926, 0.930359, 0.892792, 0.916899, 0.902456
0.835196, 10.884, 0.26359, 0.4, -0.00430846, 0.930355, 0.892787, 0.916893, 0.902451
0.835246, 10.8801, 0.263536, 0.4, -0.00430765, 0.930352, 0.892782, 0.916888, 0.902446
0.835296, 10.8762, 0.263483, 0.4, -0.00430684, 0.930348, 0.892777, 0.916883, 0.90244
0.835346, 10.8723, 0.263429, 0.4, -0.00430604, 0.930344, 0.892772, 0.916878, 0.902435
0.835396, 10.8685, 0.263376, 0.4, -0.00430523, 0.930341, 0.892767, 0.916873, 0.90243
0.835446, 10.8646, 0.263322, 0.4, -0.00430442, 0.930337, 0.892762, 0.916868, 0.902424
0.835496, 10.8607, 0.263269, 0.4, -0.00430361, 0.930334, 0.892757, 0.916863, 0.902419
0.835546, 10.8568, 0.263215, 0.4, -0.0043028, 0.93033, 0.892751, 0.916858, 0.902414
0.835596, 10.853, 0.263162, 0.4, -0.00430199, 0.930327, 0.892746, 0.916853, 0.902408
0.835646, 10.8491, 0.263108, 0.4, -0.00430118, 0.930323, 0.892741, 0.916847, 0.902403
0.835696, 10.8452, 0.263055, 0.4, -0.00430037, 0.93032, 0.892736, 0.916842, 0.902398
0.835746, 10.8414, 0.263001, 0.4, -0.00429956, 0.930316, 0.892731, 0.916837, 0.902392
0.835796, 10.8375, 0.262948, 0.4, -0.00429875, 0.930313, 0.892726, 0.916832, 0.902387
0.835846, 10.8336, 0.262894, 0.4, -0.00429794, 0.930309, 0.892721, 0.916827, 0.902382
0.835896, 10.8298, 0.262841, 0.4, -0.00429713, 0.930306, 0.892716, 0.916822, 0.902376
0.835947, 10.8259, 0.262788, 0.4, -0.00429632, 0.930302, 0.892711, 0.916817, 0.902371
0.835997, 10.822, 0.262734, 0.4, -0.00429551, 0.930299, 0.892706, 0.916812, 0.902366
0.836047, 10.8182, 0.262681, 0.4, -0.0042947, 0.930295, 0.892701, 0.916807, 0.90236
0.836097, 10.8143, 0.262627, 0.4, -0.00429389, 0.930291, 0.892696, 0.916802, 0.902355
0.836147, 10.8104, 0.262574, 0.4, -0.00429307, 0.930288, 0.892691, 0.916796, 0.90235
0.836197, 10.8066, 0.262521, 0.4, -0.00429226, 0.930284, 0.892686, 0.916791, 0.902344
0.836247, 10.8027, 0.262468, 0.4, -0.00429145, 0.930281, 0.892681, 0.916786, 0.902339
0.836297, 10.7988, 0.262414, 0.4, -0.00429063, 0.930277, 0.892676, 0.916781, 0.902334
0.836347, 10.795, 0.262361, 0.4, -0.00428982, 0.930274, 0.892671, 0.916776, 0.902328
0.836397, 10.7911, 0.262308, 0.4, -0.004289, 0.93027, 0.892666, 0.916771, 0.902323
0.836447, 10.7873, 0.262255, 0.4, -0.00428819, 0.930267, 0.89266, 0.916766, 0.902318
0.836497, 10.7834, 0.262201, 0.4, -0.00428738, 0.930263, 0.892655, 0.916761, 0.902313
0.836547, 10.7795, 0.262148, 0.4, -0.00428656, 0.93026, 0.89265, 0.916756, 0.902307
0.836597, 10.7757, 0.262095, 0.4, -0.00428575, 0.930256, 0.892645, 0.916751, 0.902302
0.836647, 10.7718, 0.262042, 0.4, -0.00428493, 0.930252, 0.89264, 0.916746, 0.902297
0.836697, 10.768, 0.261989, 0.4, -0.00428411, 0.930249, 0.892635, 0.91674, 0.902291
0.836747, 10.7641, 0.261936, 0.4, -0.0042833, 0.930246, 0.89263, 0.916735, 0.902286
0.836797, 10.7603, 0.261882, 0.4, -0.00428248, 0.930242, 0.892625, 0.91673, 0.902281
0.836847, 10.7564, 0.261829, 0.4, -0.00428166, 0.930238, 0.89262, 0.916725, 0.902275
0.836897, 10.7526, 0.261776, 0.4, -0.00428085, 0.930235, 0.892615, 0.91672, 0.90227
0.836947, 10.7487, 0.261723, 0.4, -0.00428003, 0.930231, 0.89261, 0.916715, 0.902265
0.836997, 10.7448, 0.26167, 0.4, -0.00427921, 0.930228, 0.892605, 0.91671, 0.902259
0.837047, 10.741, 0.261617, 0.4, -0.00427839, 0.930224, 0.8926, 0.916705, 0.902254
0.837097, 10.7371, 0.261564, 0.4, -0.00427757, 0.930221, 0.892595, 0.9167, 0.902249
0.837147, 10.7333, 0.261511, 0.4, -0.00427676, 0.930217, 0.89259, 0.916695, 0.902243
0.837197, 10.7295, 0.261458, 0.4, -0.00427594, 0.930213, 0.892585, 0.916689, 0.902238
0.837247, 10.7256, 0.261405, 0.4, -0.00427512, 0.93021, 0.89258, 0.916684, 0.902233
0.837297, 10.7218, 0.261352, 0.4, -0.0042743, 0.930206, 0.892574, 0.916679, 0.902227
0.837347, 10.7179, 0.261299, 0.4, -0.00427348, 0.930203, 0.892569, 0.916674, 0.902222
0.837397, 10.7141, 0.261246, 0.4, -0.00427266, 0.930199, 0.892564, 0.916669, 0.902217
0.837447, 10.7102, 0.261194, 0.4, -0.00427184, 0.930196, 0.892559, 0.916664, 0.902211
0.837497, 10.7064, 0.261141, 0.4, -0.00427102, 0.930192, 0.892554, 0.916659, 0.902206
0.837547, 10.7025, 0.261088, 0.4, -0.00427019, 0.930189, 0.892549, 0.916654, 0.902201
0.837597, 10.6987, 0.261035, 0.4, -0.00426937, 0.930185, 0.892544, 0.916649, 0.902196
0.837647, 10.6948, 0.260982, 0.4, -0.00426855, 0.930181, 0.892539, 0.916644, 0.90219
0.837697, 10.691, 0.260929, 0.4, -0.00426773, 0.930178, 0.892534, 0.916639, 0.902185
0.837747, 10.6872, 0.260876, 0.4, -0.00426691, 0.930174, 0.892529, 0.916634, 0.90218
0.837797, 10.6833, 0.260824, 0.4, -0.00426608, 0.930171, 0.892524, 0.916628, 0.902174
0.837847, 10.6795, 0.260771, 0.4, -0.00426526, 0.930167, 0.892519, 0.916623, 0.902169
0.837897, 10.6756, 0.260718, 0.4, -0.00426444, 0.930164, 0.892514, 0.916618, 0.902164
0.837947, 10.6718, 0.260666, 0.4, -0.00426361, 0.93016, 0.892509, 0.916613, 0.902158
0.837997, 10.668, 0.260613, 0.4, -0.00426279, 0.930157, 0.892504, 0.916608, 0.902153
0.838047, 10.6641, 0.26056, 0.4, -0.00426196, 0.930153, 0.892499, 0.916603, 0.902148
0.838097, 10.6603, 0.260507, 0.4, -0.00426114, 0.930149, 0.892494, 0.916598, 0.902142
0.838147, 10.6565, 0.260455, 0.4, -0.00426031, 0.930146, 0.892489, 0.916593, 0.902137
0.838197, 10.6526, 0.260402, 0.4, -0.00425949, 0.930142, 0.892484, 0.916588, 0.902132
0.838247, 10.6488, 0.260349, 0.4, -0.00425866, 0.930139, 0.892479, 0.916583, 0.902126
0.838297, 10.645, 0.260297, 0.4, -0.00425784, 0.930135, 0.892474, 0.916578, 0.902121
0.838347, 10.6411, 0.260244, 0.4, -0.00425701, 0.930132, 0.892469, 0.916573, 0.902116
0.838397, 10.6373, 0.260192, 0.4, -0.00425619, 0.930128, 0.892464, 0.916568, 0.902111
0.838447, 10.6335, 0.260139, 0.4, -0.00425536, 0.930125, 0.892458, 0.916562, 0.902105
0.838497, 10.6296, 0.260087, 0.4, -0.00425453, 0.930121, 0.892453, 0.916557, 0.9021
0.838547, 10.6258, 0.260034, 0.4, -0.0042537, 0.930117, 0.892448, 0.916552, 0.902095
0.838597, 10.622, 0.259981, 0.4, -0.00425288, 0.930114, 0.892443, 0.916547, 0.902089
0.838647, 10.6182, 0.259929, 0.4, -0.00425205, 0.93011, 0.892438, 0.916542, 0.902084
0.838697, 10.6143, 0.259876, 0.4, -0.00425122, 0.930107, 0.892433, 0.916537, 0.902079
0.838747, 10.6105, 0.259824, 0.4, -0.00425039, 0.930103, 0.892428, 0.916532, 0.902074
0.838797, 10.6067, 0.259771, 0.4, -0.00424956, 0.9301, 0.892423, 0.916527, 0.902068
0.838847, 10.6029, 0.259719, 0.4, -0.00424873, 0.930096, 0.892418, 0.916522, 0.902063
0.838897, 10.599, 0.259667, 0.4, -0.0042479, 0.930092, 0.892413, 0.916517, 0.902058
0.838947, 10.5952, 0.259614, 0.4, -0.00424707, 0.930089, 0.892408, 0.916512, 0.902052
0.838997, 10.5914, 0.259562, 0.4, -0.00424624, 0.930085, 0.892403, 0.916507, 0.902047
0.839047, 10.5876, 0.259509, 0.4, -0.00424541, 0.930082, 0.892398, 0.916502, 0.902042
0.839097, 10.5837, 0.259457, 0.4, -0.00424458, 0.930078, 0.892393, 0.916497, 0.902036
0.839147, 10.5799, 0.259405, 0.4, -0.00424375, 0.930075, 0.892388, 0.916491, 0.902031
0.839197, 10.5761, 0.259352, 0.4, -0.00424292, 0.930071, 0.892383, 0.916486, 0.902026
0.839247, 10.5723, 0.2593, 0.4, -0.00424209, 0.930067, 0.892378, 0.916481, 0.90202
0.839297, 10.5685, 0.259248, 0.4, -0.00424126, 0.930064, 0.892373, 0.916476, 0.902015
0.839347, 10.5647, 0.259196, 0.4, -0.00424042, 0.93006, 0.892367, 0.916471, 0.90201
0.839397, 10.5608, 0.259143, 0.4, -0.00423959, 0.930057, 0.892363, 0.916466, 0.902004
0.839447, 10.557, 0.259091, 0.4, -0.00423876, 0.930053, 0.892357, 0.916461, 0.901999
0.839497, 10.5532, 0.259039, 0.4, -0.00423793, 0.930049, 0.892352, 0.916456, 0.901994
0.839547, 10.5494, 0.258987, 0.4, -0.00423709, 0.930046, 0.892347, 0.916451, 0.901989
0.839597, 10.5456, 0.258934, 0.4, -0.00423626, 0.930042, 0.892342, 0.916446, 0.901983
0.839647, 10.5418, 0.258882, 0.4, -0.00423542, 0.930039, 0.892337, 0.916441, 0.901978
0.839697, 10.538, 0.25883, 0.4, -0.00423459, 0.930035, 0.892332, 0.916436, 0.901973
0.839747, 10.5341, 0.258778, 0.4, -0.00423376, 0.930032, 0.892327, 0.916431, 0.901967
0.839797, 10.5303, 0.258726, 0.4, -0.00423292, 0.930028, 0.892322, 0.916426, 0.901962
0.839847, 10.5265, 0.258674, 0.4, -0.00423209, 0.930024, 0.892317, 0.916421, 0.901957
0.839897, 10.5227, 0.258621, 0.4, -0.00423125, 0.930021, 0.892312, 0.916415, 0.901952
0.839947, 10.5189, 0.258569, 0.4, -0.00423041, 0.930017, 0.892307, 0.91641, 0.901946
0.839997, 10.5151, 0.258517, 0.4, -0.00422958, 0.930014, 0.892302, 0.916405, 0.901941
0.840047, 10.5113, 0.258465, 0.4, -0.00422874, 0.93001, 0.892297, 0.9164, 0.901936
0.840097, 10.5075, 0.258413, 0.4, -0.0042279, 0.930007, 0.892292, 0.916395, 0.90193
0.840147, 10.5037, 0.258361, 0.4, -0.00422707, 0.930003, 0.892287, 0.91639, 0.901925
0.840197, 10.4999, 0.258309, 0.4, -0.00422623, 0.929999, 0.892282, 0.916385, 0.90192
0.840247, 10.4961, 0.258257, 0.4, -0.00422539, 0.929996, 0.892277, 0.91638, 0.901915
0.840297, 10.4923, 0.258205, 0.4, -0.00422455, 0.929992, 0.892272, 0.916375, 0.901909
0.840347, 10.4885, 0.258153, 0.4, -0.00422372, 0.929989, 0.892267, 0.91637, 0.901904
0.840397, 10.4847, 0.258101, 0.4, -0.00422288, 0.929985, 0.892262, 0.916365, 0.901899
0.840447, 10.4809, 0.25805, 0.4, -0.00422204, 0.929982, 0.892257, 0.91636, 0.901893
0.840497, 10.4771, 0.257998, 0.4, -0.0042212, 0.929978, 0.892252, 0.916355, 0.901888
0.840547, 10.4733, 0.257946, 0.4, -0.00422036, 0.929974, 0.892247, 0.91635, 0.901883
0.840597, 10.4695, 0.257894, 0.4, -0.00421952, 0.929971, 0.892242, 0.916345, 0.901878
0.840647, 10.4657, 0.257842, 0.4, -0.00421868, 0.929967, 0.892237, 0.91634, 0.901872
0.840697, 10.4619, 0.25779, 0.4, -0.00421784, 0.929964, 0.892232, 0.916335, 0.901867
0.840747, 10.4581, 0.257738, 0.4, -0.004217, 0.92996, 0.892227, 0.91633, 0.901862
0.840797, 10.4543, 0.257686, 0.4, -0.00421616, 0.929957, 0.892222, 0.916325, 0.901856
0.840847, 10.4505, 0.257635, 0.4, -0.00421532, 0.929953, 0.892216, 0.916319, 0.901851
0.840897, 10.4467, 0.257583, 0.4, -0.00421447, 0.929949, 0.892211, 0.916314, 0.901846
0.840947, 10.4429, 0.257531, 0.4, -0.00421363, 0.929946, 0.892206, 0.916309, 0.901841
0.840997, 10.4391, 0.257479, 0.4, -0.00421279, 0.929942, 0.892201, 0.916304, 0.901835
0.841047, 10.4353, 0.257428, 0.4, -0.00421195, 0.929938, 0.892196, 0.916299, 0.90183
0.841097, 10.4315, 0.257376, 0.4, -0.0042111, 0.929935, 0.892191, 0.916294, 0.901825
0.841147, 10.4278, 0.257324, 0.4, -0.00421026, 0.929931, 0.892186, 0.916289, 0.901819
0.841197, 10.424, 0.257273, 0.4, -0.00420942, 0.929928, 0.892181, 0.916284, 0.901814
0.841247, 10.4202, 0.257221, 0.4, -0.00420857, 0.929924, 0.892176, 0.916279, 0.901809
0.841297, 10.4164, 0.257169, 0.4, -0.00420773, 0.929921, 0.892171, 0.916274, 0.901804
0.841347, 10.4126, 0.257118, 0.4, -0.00420689, 0.929917, 0.892166, 0.916269, 0.901798
0.841397, 10.4088, 0.257066, 0.4, -0.00420604, 0.929914, 0.892161, 0.916264, 0.901793
0.841447, 10.405, 0.257015, 0.4, -0.0042052, 0.92991, 0.892156, 0.916259, 0.901788
0.841497, 10.4012, 0.256963, 0.4, -0.00420435, 0.929906, 0.892151, 0.916254, 0.901783
0.841547, 10.3975, 0.256911, 0.4, -0.00420351, 0.929903, 0.892146, 0.916249, 0.901777
0.841597, 10.3937, 0.25686, 0.4, -0.00420266, 0.929899, 0.892141, 0.916244, 0.901772
0.841647, 10.3899, 0.256808, 0.4, -0.00420181, 0.929896, 0.892136, 0.916239, 0.901767
0.841697, 10.3861, 0.256757, 0.4, -0.00420097, 0.929892, 0.892131, 0.916234, 0.901761
0.841747, 10.3823, 0.256705, 0.4, -0.00420012, 0.929888, 0.892126, 0.916229, 0.901756
0.841797, 10.3786, 0.256654, 0.4, -0.00419927, 0.929885, 0.892121, 0.916224, 0.901751
0.841847, 10.3748, 0.256603, 0.4, -0.00419843, 0.929881, 0.892116, 0.916219, 0.901746
0.841897, 10.371, 0.256551, 0.4, -0.00419758, 0.929878, 0.892111, 0.916214, 0.90174
0.841947, 10.3672, 0.2565, 0.4, -0.00419673, 0.929874, 0.892106, 0.916209, 0.901735
0.841998, 10.3634, 0.256448, 0.4, -0.00419588, 0.929871, 0.892101, 0.916204, 0.90173
0.842048, 10.3597, 0.256397, 0.4, -0.00419503, 0.929867, 0.892096, 0.916199, 0.901725
0.842098, 10.3559, 0.256345, 0.4, -0.00419419, 0.929864, 0.892091, 0.916194, 0.901719
0.842148, 10.3521, 0.256294, 0.4, -0.00419334, 0.92986, 0.892086, 0.916189, 0.901714
0.842198, 10.3483, 0.256243, 0.4, -0.00419249, 0.929856, 0.892081, 0.916184, 0.901709
0.842248, 10.3446, 0.256192, 0.4, -0.00419164, 0.929853, 0.892076, 0.916179, 0.901704
0.842298, 10.3408, 0.25614, 0.4, -0.00419079, 0.929849, 0.892071, 0.916174, 0.901698
0.842348, 10.337, 0.256089, 0.4, -0.00418994, 0.929846, 0.892066, 0.916168, 0.901693
0.842398, 10.3333, 0.256038, 0.4, -0.00418909, 0.929842, 0.892061, 0.916163, 0.901688
0.842448, 10.3295, 0.255986, 0.4, -0.00418824, 0.929838, 0.892056, 0.916158, 0.901682
0.842498, 10.3257, 0.255935, 0.4, -0.00418738, 0.929835, 0.892051, 0.916153, 0.901677
0.842548, 10.322, 0.255884, 0.4, -0.00418653, 0.929831, 0.892046, 0.916148, 0.901672
0.842598, 10.3182, 0.255833, 0.4, -0.00418568, 0.929828, 0.892041, 0.916143, 0.901667
0.842648, 10.3144, 0.255782, 0.4, -0.00418483, 0.929824, 0.892036, 0.916138, 0.901661
0.842698, 10.3107, 0.25573, 0.4, -0.00418398, 0.92982, 0.892031, 0.916133, 0.901656
0.842748, 10.3069, 0.255679, 0.4, -0.00418312, 0.929817, 0.892026, 0.916128, 0.901651
0.842798, 10.3031, 0.255628, 0.4, -0.00418227, 0.929813, 0.89202, 0.916123, 0.901646
0.842848, 10.2994, 0.255577, 0.4, -0.00418142, 0.929809, 0.892015, 0.916118, 0.90164
0.842898, 10.2956, 0.255526, 0.4, -0.00418057, 0.929806, 0.89201, 0.916113, 0.901635
0.842948, 10.2918, 0.255475, 0.4, -0.00417971, 0.929802, 0.892005, 0.916108, 0.90163
0.842998, 10.2881, 0.255424, 0.4, -0.00417886, 0.929799, 0.892, 0.916103, 0.901625
0.843048, 10.2843, 0.255373, 0.4, -0.004178, 0.929795, 0.891995, 0.916098, 0.901619
0.843098, 10.2806, 0.255322, 0.4, -0.00417715, 0.929791, 0.89199, 0.916093, 0.901614
0.843148, 10.2768, 0.255271, 0.4, -0.00417629, 0.929788, 0.891985, 0.916088, 0.901609
0.843198, 10.273, 0.25522, 0.4, -0.00417544, 0.929784, 0.89198, 0.916083, 0.901604
0.843248, 10.2693, 0.255169, 0.4, -0.00417458, 0.929781, 0.891975, 0.916078, 0.901598
0.843298, 10.2655, 0.255118, 0.4, -0.00417373, 0.929777, 0.89197, 0.916073, 0.901593
0.843348, 10.2618, 0.255067, 0.4, -0.00417287, 0.929773, 0.891965, 0.916068, 0.901588
0.843398, 10.258, 0.255016, 0.4, -0.00417201, 0.92977, 0.89196, 0.916063, 0.901582
0.843448, 10.2543, 0.254965, 0.4, -0.00417116, 0.929766, 0.891955, 0.916058, 0.901577
0.843498, 10.2505, 0.254914, 0.4, -0.0041703, 0.929763, 0.89195, 0.916053, 0.901572
0.843548, 10.2467, 0.254863, 0.4, -0.00416944, 0.929759, 0.891945, 0.916048, 0.901567
0.843598, 10.243, 0.254812, 0.4, -0.00416858, 0.929755, 0.89194, 0.916043, 0.901561
0.843648, 10.2392, 0.254762, 0.4, -0.00416773, 0.929752, 0.891935, 0.916038, 0.901556
0.843698, 10.2355, 0.254711, 0.4, -0.00416687, 0.929748, 0.89193, 0.916033, 0.901551
0.843748, 10.2317, 0.25466, 0.4, -0.00416601, 0.929745, 0.891925, 0.916028, 0.901546
0.843798, 10.228, 0.254609, 0.4, -0.00416515, 0.929741, 0.89192, 0.916023, 0.901541
0.843848, 10.2242, 0.254558, 0.4, -0.00416429, 0.929738, 0.891915, 0.916018, 0.901535
0.843898, 10.2205, 0.254508, 0.4, -0.00416343, 0.929734, 0.89191, 0.916013, 0.90153
0.843948, 10.2168, 0.254457, 0.4, -0.00416257, 0.92973, 0.891905, 0.916008, 0.901525
0.843998, 10.213, 0.254406, 0.4, -0.00416171, 0.929727, 0.8919, 0.916003, 0.90152
0.844048, 10.2093, 0.254355, 0.4, -0.00416085, 0.929723, 0.891895, 0.915998, 0.901514
0.844098, 10.2055, 0.254305, 0.4, -0.00415999, 0.929719, 0.89189, 0.915993, 0.901509
0.844148, 10.2018, 0.254254, 0.4, -0.00415913, 0.929716, 0.891885, 0.915988, 0.901504
0.844198, 10.198, 0.254203, 0.4, -0.00415827, 0.929712, 0.89188, 0.915983, 0.901499
0.844248, 10.1943, 0.254153, 0.4, -0.00415741, 0.929709, 0.891875, 0.915978, 0.901493
0.844298, 10.1905, 0.254102, 0.4, -0.00415655, 0.929705, 0.89187, 0.915973, 0.901488
0.844348, 10.1868, 0.254051, 0.4, -0.00415568, 0.929701, 0.891865, 0.915968, 0.901483
0.844398, 10.1831, 0.254001, 0.4, -0.00415482, 0.929698, 0.89186, 0.915963, 0.901477
0.844448, 10.1793, 0.25395, 0.4, -0.00415396, 0.929694, 0.891855, 0.915958, 0.901472
0.844498, 10.1756, 0.2539, 0.4, -0.0041531, 0.92969, 0.89185, 0.915953, 0.901467
0.844548, 10.1719, 0.253849, 0.4, -0.00415223, 0.929687, 0.891845, 0.915948, 0.901462
0.844598, 10.1681, 0.253799, 0.4, -0.00415137, 0.929683, 0.89184, 0.915943, 0.901457
0.844648, 10.1644, 0.253748, 0.4, -0.0041505, 0.92968, 0.891835, 0.915938, 0.901451
0.844698, 10.1606, 0.253698, 0.4, -0.00414964, 0.929676, 0.89183, 0.915933, 0.901446
0.844748, 10.1569, 0.253647, 0.4, -0.00414878, 0.929672, 0.891825, 0.915928, 0.901441
0.844798, 10.1532, 0.253597, 0.4, -0.00414791, 0.929669, 0.89182, 0.915923, 0.901436
0.844848, 10.1494, 0.253547, 0.4, -0.00414705, 0.929665, 0.891815, 0.915918, 0.90143
0.844898, 10.1457, 0.253496, 0.4, -0.00414618, 0.929662, 0.89181, 0.915913, 0.901425
0.844948, 10.142, 0.253446, 0.4, -0.00414532, 0.929658, 0.891805, 0.915908, 0.90142
0.844998, 10.1383, 0.253395, 0.4, -0.00414445, 0.929654, 0.8918, 0.915903, 0.901415
0.845048, 10.1345, 0.253345, 0.4, -0.00414358, 0.929651, 0.891795, 0.915898, 0.901409
0.845098, 10.1308, 0.253295, 0.4, -0.00414272, 0.929647, 0.89179, 0.915893, 0.901404
0.845148, 10.1271, 0.253244, 0.4, -0.00414185, 0.929643, 0.891785, 0.915888, 0.901399
0.845198, 10.1233, 0.253194, 0.4, -0.00414098, 0.92964, 0.89178, 0.915883, 0.901394
0.845248, 10.1196, 0.253143, 0.4, -0.00414012, 0.929636, 0.891775, 0.915878, 0.901388
0.845298, 10.1159, 0.253093, 0.4, -0.00413925, 0.929632, 0.89177, 0.915873, 0.901383
0.845348, 10.1122, 0.253043, 0.4, -0.00413838, 0.929629, 0.891765, 0.915868, 0.901378
0.845398, 10.1084, 0.252993, 0.4, -0.00413751, 0.929625, 0.89176, 0.915863, 0.901373
0.845448, 10.1047, 0.252943, 0.4, -0.00413664, 0.929622, 0.891755, 0.915858, 0.901367
0.845498, 10.101, 0.252892, 0.4, -0.00413577, 0.929618, 0.89175, 0.915853, 0.901362
0.845548, 10.0973, 0.252842, 0.4, -0.00413491, 0.929614, 0.891745, 0.915848, 0.901357
0.845598, 10.0935, 0.252792, 0.4, -0.00413404, 0.929611, 0.89174, 0.915843, 0.901352
0.845648, 10.0898, 0.252742, 0.4, -0.00413317, 0.929607, 0.891735, 0.915838, 0.901347
0.845698, 10.0861, 0.252692, 0.4, -0.0041323, 0.929604, 0.89173, 0.915833, 0.901341
0.845748, 10.0824, 0.252642, 0.4, -0.00413143, 0.9296, 0.891725, 0.915828, 0.901336
0.845798, 10.0787, 0.252591, 0.4, -0.00413056, 0.929596, 0.89172, 0.915823, 0.901331
0.845848, 10.075, 0.252542, 0.4, -0.00412968, 0.929593, 0.891715, 0.915818, 0.901326
0.845898, 10.0712, 0.252491, 0.4, -0.00412881, 0.929589, 0.89171, 0.915813, 0.90132
0.845948, 10.0675, 0.252441, 0.4, -0.00412794, 0.929585, 0.891705, 0.915808, 0.901315
0.845998, 10.0638, 0.252391, 0.4, -0.00412707, 0.929582, 0.8917, 0.915803, 0.90131
0.846048, 10.0601, 0.252341, 0.4, -0.0041262, 0.929578, 0.891695, 0.915798, 0.901305
0.846098, 10.0564, 0.252291, 0.4, -0.00412533, 0.929574, 0.89169, 0.915793, 0.901299
0.846148, 10.0527, 0.252241, 0.4, -0.00412445, 0.929571, 0.891685, 0.915788, 0.901294
0.846198, 10.049, 0.252191, 0.4, -0.00412358, 0.929567, 0.89168, 0.915783, 0.901289
0.846248, 10.0452, 0.252141, 0.4, -0.00412271, 0.929564, 0.891675, 0.915778, 0.901284
0.846298, 10.0415, 0.252091, 0.4, -0.00412183, 0.92956, 0.89167, 0.915773, 0.901278
0.846348, 10.0378, 0.252041, 0.4, -0.00412096, 0.929556, 0.891665, 0.915768, 0.901273
0.846398, 10.0341, 0.251991, 0.4, -0.00412009, 0.929553, 0.89166, 0.915763, 0.901268
0.846448, 10.0304, 0.251941, 0.4, -0.00411921, 0.929549, 0.891655, 0.915758, 0.901263
0.846498, 10.0267, 0.251891, 0.4, -0.00411834, 0.929545, 0.89165, 0.915753, 0.901258
0.846548, 10.023, 0.251841, 0.4, -0.00411746, 0.929542, 0.891645, 0.915748, 0.901252
0.846598, 10.0193, 0.251792, 0.4, -0.00411659, 0.929538, 0.89164, 0.915743, 0.901247
0.846648, 10.0156, 0.251742, 0.4, -0.00411571, 0.929534, 0.891635, 0.915738, 0.901242
0.846698, 10.0119, 0.251692, 0.4, -0.00411484, 0.929531, 0.89163, 0.915733, 0.901237
0.846748, 10.0082, 0.251642, 0.4, -0.00411396, 0.929527, 0.891625, 0.915728, 0.901232
0.846798, 10.0045, 0.251593, 0.4, -0.00411308, 0.929524, 0.89162, 0.915723, 0.901226
0.846848, 10.0008, 0.251543, 0.4, -0.00411221, 0.92952, 0.891615, 0.915718, 0.901221
0.846898, 9.99708, 0.251493, 0.4, -0.00411133, 0.929516, 0.89161, 0.915713, 0.901216
0.846948, 9.99338, 0.251443, 0.4, -0.00411045, 0.929513, 0.891605, 0.915708, 0.901211
0.846998, 9.98968, 0.251394, 0.4, -0.00410957, 0.929509, 0.8916, 0.915703, 0.901206
0.847048, 9.98598, 0.251344, 0.4, -0.0041087, 0.929506, 0.891595, 0.915699, 0.9012
0.847098, 9.98228, 0.251294, 0.4, -0.00410782, 0.929502, 0.89159, 0.915694, 0.901195
0.847148, 9.97859, 0.251245, 0.4, -0.00410694, 0.929498, 0.891585, 0.915689, 0.90119
0.847198, 9.97489, 0.251195, 0.4, -0.00410606, 0.929495, 0.89158, 0.915684, 0.901185
0.847248, 9.9712, 0.251145, 0.4, -0.00410518, 0.929491, 0.891575, 0.915679, 0.901179
0.847298, 9.9675, 0.251096, 0.4, -0.0041043, 0.929487, 0.89157, 0.915674, 0.901174
0.847348, 9.96381, 0.251046, 0.4, -0.00410342, 0.929484, 0.891565, 0.915669, 0.901169
0.847398, 9.96011, 0.250997, 0.4, -0.00410254, 0.92948, 0.89156, 0.915664, 0.901164
0.847448, 9.95642, 0.250947, 0.4, -0.00410166, 0.929477, 0.891555, 0.915659, 0.901159
0.847498, 9.95273, 0.250898, 0.4, -0.00410078, 0.929473, 0.89155, 0.915654, 0.901153
0.847548, 9.94904, 0.250848, 0.4, -0.0040999, 0.929469, 0.891545, 0.915649, 0.901148
0.847598, 9.94535, 0.250799, 0.4, -0.00409902, 0.929466, 0.89154, 0.915644, 0.901143
0.847648, 9.94166, 0.250749, 0.4, -0.00409814, 0.929462, 0.891535, 0.915639, 0.901138
0.847698, 9.93797, 0.250699, 0.4, -0.00409726, 0.929458, 0.89153, 0.915634, 0.901133
0.847748, 9.93429, 0.25065, 0.4, -0.00409638, 0.929455, 0.891525, 0.915629, 0.901127
0.847798, 9.9306, 0.250601, 0.4, -0.0040955, 0.929451, 0.89152, 0.915624, 0.901122
0.847848, 9.92692, 0.250551, 0.4, -0.00409461, 0.929448, 0.891515, 0.915619, 0.901117
0.847898, 9.92323, 0.250502, 0.4, -0.00409373, 0.929444, 0.89151, 0.915614, 0.901112
0.847948, 9.91955, 0.250453, 0.4, -0.00409285, 0.92944, 0.891505, 0.915609, 0.901107
0.847998, 9.91586, 0.250403, 0.4, -0.00409196, 0.929437, 0.8915, 0.915604, 0.901101
0.848049, 9.91218, 0.250354, 0.4, -0.00409108, 0.929433, 0.891495, 0.915599, 0.901096
0.848099, 9.9085, 0.250304, 0.4, -0.0040902, 0.929429, 0.89149, 0.915594, 0.901091
0.848149, 9.90482, 0.250255, 0.4, -0.00408931, 0.929426, 0.891485, 0.915589, 0.901086
0.848199, 9.90114, 0.250206, 0.4, -0.00408843, 0.929422, 0.89148, 0.915585, 0.901081
0.848249, 9.89746, 0.250157, 0.4, -0.00408754, 0.929418, 0.891475, 0.915579, 0.901075
0.848299, 9.89378, 0.250107, 0.4, -0.00408666, 0.929415, 0.89147, 0.915575, 0.90107
0.848349, 9.8901, 0.250058, 0.4, -0.00408577, 0.929411, 0.891465, 0.91557, 0.901065
0.848399, 9.88643, 0.250009, 0.4, -0.00408489, 0.929407, 0.89146, 0.915565, 0.90106
0.848449, 9.88275, 0.249959, 0.4, -0.004084, 0.929404, 0.891455, 0.91556, 0.901055
0.848499, 9.87908, 0.249911, 0.4, -0.00408312, 0.9294, 0.89145, 0.915555, 0.901049
0.848549, 9.8754, 0.249861, 0.4, -0.00408223, 0.929397, 0.891445, 0.91555, 0.901044
0.848599, 9.87173, 0.249812, 0.4, -0.00408134, 0.929393, 0.89144, 0.915545, 0.901039
0.848649, 9.86806, 0.249763, 0.4, -0.00408046, 0.929389, 0.891435, 0.91554, 0.901034
0.848699, 9.86438, 0.249714, 0.4, -0.00407957, 0.929386, 0.89143, 0.915535, 0.901029
0.848749, 9.86071, 0.249665, 0.4, -0.00407868, 0.929382, 0.891425, 0.91553, 0.901023
0.848799, 9.85704, 0.249616, 0.4, -0.00407779, 0.929378, 0.89142, 0.915525, 0.901018
0.848849, 9.85337, 0.249567, 0.4, -0.00407691, 0.929375, 0.891415, 0.91552, 0.901013
0.848899, 9.8497, 0.249518, 0.4, -0.00407602, 0.929371, 0.89141, 0.915515, 0.901008
0.848949, 9.84603, 0.249469, 0.4, -0.00407513, 0.929367, 0.891406, 0.91551, 0.901003
0.848999, 9.84237, 0.249419, 0.4, -0.00407424, 0.929364, 0.891401, 0.915505, 0.900997
0.849049, 9.8387, 0.249371, 0.4, -0.00407335, 0.92936, 0.891396, 0.9155, 0.900992
0.849099, 9.83503, 0.249321, 0.4, -0.00407246, 0.929357, 0.891391, 0.915496, 0.900987
0.849149, 9.83137, 0.249273, 0.4, -0.00407157, 0.929353, 0.891386, 0.915491, 0.900982
0.849199, 9.82771, 0.249224, 0.4, -0.00407068, 0.929349, 0.891381, 0.915486, 0.900977
0.849249, 9.82404, 0.249175, 0.4, -0.00406979, 0.929346, 0.891376, 0.915481, 0.900972
0.849299, 9.82038, 0.249126, 0.4, -0.0040689, 0.929342, 0.891371, 0.915476, 0.900966
0.849349, 9.81672, 0.249077, 0.4, -0.00406801, 0.929338, 0.891366, 0.915471, 0.900961
0.849399, 9.81306, 0.249028, 0.4, -0.00406712, 0.929335, 0.891361, 0.915466, 0.900956
0.849449, 9.8094, 0.248979, 0.4, -0.00406623, 0.929331, 0.891356, 0.915461, 0.900951
0.849499, 9.80574, 0.24893, 0.4, -0.00406533, 0.929327, 0.891351, 0.915456, 0.900946
0.849549, 9.80208, 0.248881, 0.4, -0.00406444, 0.929324, 0.891346, 0.915451, 0.90094
0.849599, 9.79842, 0.248832, 0.4, -0.00406355, 0.92932, 0.891341, 0.915446, 0.900935
0.849649, 9.79477, 0.248784, 0.4, -0.00406266, 0.929316, 0.891336, 0.915441, 0.90093
0.849699, 9.79111, 0.248735, 0.4, -0.00406176, 0.929313, 0.891331, 0.915436, 0.900925
0.849749, 9.78745, 0.248686, 0.4, -0.00406087, 0.929309, 0.891326, 0.915431, 0.90092
0.849799, 9.7838, 0.248637, 0.4, -0.00405998, 0.929305, 0.891321, 0.915426, 0.900914
0.849849, 9.78015, 0.248589, 0.4, -0.00405908, 0.929302, 0.891316, 0.915421, 0.900909
0.849899, 9.77649, 0.24854, 0.4, -0.00405819, 0.929298, 0.891311, 0.915417, 0.900904
0.849949, 9.77284, 0.248491, 0.4, -0.00405729, 0.929294, 0.891306, 0.915412, 0.900899
0.849999, 9.76919, 0.248442, 0.4, -0.0040564, 0.929291, 0.891301, 0.915407, 0.900894
0.850049, 9.76554, 0.248394, 0.4, -0.0040555, 0.929287, 0.891296, 0.915402, 0.900889
0.850099, 9.76189, 0.248345, 0.4, -0.00405461, 0.929283, 0.891291, 0.915397, 0.900883
0.850149, 9.75824, 0.248297, 0.4, -0.00405371, 0.92928, 0.891286, 0.915392, 0.900878
0.850199, 9.75459, 0.248248, 0.4, -0.00405282, 0.929276, 0.891281, 0.915387, 0.900873
0.850249, 9.75095, 0.248199, 0.4, -0.00405192, 0.929272, 0.891276, 0.915382, 0.900868
0.850299, 9.7473, 0.248151, 0.4, -0.00405103, 0.929269, 0.891271, 0.915377, 0.900863
0.850349, 9.74366, 0.248102, 0.4, -0.00405013, 0.929265, 0.891266, 0.915372, 0.900858
0.850399, 9.74001, 0.248054, 0.4, -0.00404923, 0.929262, 0.891261, 0.915367, 0.900852
0.850449, 9.73637, 0.248005, 0.4, -0.00404834, 0.929258, 0.891256, 0.915362, 0.900847
0.850499, 9.73272, 0.247956, 0.4, -0.00404744, 0.929254, 0.891251, 0.915357, 0.900842
0.850549, 9.72908, 0.247908, 0.4, -0.00404654, 0.929251, 0.891246, 0.915353, 0.900837
0.850599, 9.72544, 0.24786, 0.4, -0.00404564, 0.929247, 0.891242, 0.915348, 0.900832
0.850649, 9.7218, 0.247811, 0.4, -0.00404474, 0.929243, 0.891237, 0.915343, 0.900827
0.850699, 9.71816, 0.247763, 0.4, -0.00404384, 0.92924, 0.891232, 0.915338, 0.900821
0.850749, 9.71452, 0.247714, 0.4, -0.00404295, 0.929236, 0.891227, 0.915333, 0.900816
0.850799, 9.71088, 0.247666, 0.4, -0.00404205, 0.929232, 0.891222, 0.915328, 0.900811
0.850849, 9.70724, 0.247617, 0.4, -0.00404115, 0.929229, 0.891217, 0.915323, 0.900806
0.850899, 9.70361, 0.247569, 0.4, -0.00404025, 0.929225, 0.891212, 0.915318, 0.900801
0.850949, 9.69997, 0.247521, 0.4, -0.00403935, 0.929221, 0.891207, 0.915313, 0.900796
0.850999, 9.69634, 0.247472, 0.4, -0.00403845, 0.929218, 0.891202, 0.915308, 0.90079
0.851049, 9.6927, 0.247424, 0.4, -0.00403755, 0.929214, 0.891197, 0.915303, 0.900785
0.851099, 9.68907, 0.247376, 0.4, -0.00403665, 0.92921, 0.891192, 0.915299, 0.90078
0.851149, 9.68544, 0.247327, 0.4, -0.00403575, 0.929207, 0.891187, 0.915294, 0.900775
0.851199, 9.6818, 0.247279, 0.4, -0.00403484, 0.929203, 0.891182, 0.915289, 0.90077
0.851249, 9.67817, 0.247231, 0.4, -0.00403394, 0.929199, 0.891177, 0.915284, 0.900764
0.851299, 9.67454, 0.247183, 0.4, -0.00403304, 0.929196, 0.891172, 0.915279, 0.900759
0.851349, 9.67092, 0.247135, 0.4, -0.00403214, 0.929192, 0.891167, 0.915274, 0.900754
0.851399, 9.66729, 0.247086, 0.4, -0.00403124, 0.929188, 0.891162, 0.915269, 0.900749
0.851449, 9.66366, 0.247038, 0.4, -0.00403033, 0.929185, 0.891157, 0.915264, 0.900744
0.851499, 9.66003, 0.24699, 0.4, -0.00402943, 0.929181, 0.891152, 0.915259, 0.900739
0.851549, 9.65641, 0.246942, 0.4, -0.00402853, 0.929177, 0.891147, 0.915254, 0.900733
0.851599, 9.65278, 0.246894, 0.4, -0.00402762, 0.929174, 0.891142, 0.915249, 0.900728
0.851649, 9.64915, 0.246846, 0.4, -0.00402672, 0.92917, 0.891137, 0.915245, 0.900723
0.851699, 9.64553, 0.246797, 0.4, -0.00402581, 0.929166, 0.891132, 0.91524, 0.900718
0.851749, 9.64191, 0.246749, 0.4, -0.00402491, 0.929163, 0.891127, 0.915235, 0.900713
0.851799, 9.63829, 0.246701, 0.4, -0.00402401, 0.929159, 0.891122, 0.91523, 0.900708
0.851849, 9.63466, 0.246653, 0.4, -0.0040231, 0.929155, 0.891118, 0.915225, 0.900703
0.851899, 9.63104, 0.246605, 0.4, -0.0040222, 0.929152, 0.891113, 0.91522, 0.900697
0.851949, 9.62743, 0.246557, 0.4, -0.00402129, 0.929148, 0.891108, 0.915215, 0.900692
0.851999, 9.62381, 0.246509, 0.4, -0.00402038, 0.929144, 0.891103, 0.91521, 0.900687
0.852049, 9.62019, 0.246461, 0.4, -0.00401948, 0.929141, 0.891098, 0.915205, 0.900682
0.852099, 9.61657, 0.246413, 0.4, -0.00401857, 0.929137, 0.891093, 0.9152, 0.900677
0.852149, 9.61296, 0.246365, 0.4, -0.00401766, 0.929133, 0.891088, 0.915196, 0.900672
0.852199, 9.60934, 0.246317, 0.4, -0.00401676, 0.92913, 0.891083, 0.915191, 0.900666
0.852249, 9.60573, 0.246269, 0.4, -0.00401585, 0.929126, 0.891078, 0.915186, 0.900661
0.852299, 9.60211, 0.246221, 0.4, -0.00401494, 0.929122, 0.891073, 0.915181, 0.900656
0.852349, 9.5985, 0.246174, 0.4, -0.00401403, 0.929119, 0.891068, 0.915176, 0.900651
0.852399, 9.59489, 0.246126, 0.4, -0.00401313, 0.929115, 0.891063, 0.915171, 0.900646
0.852449, 9.59128, 0.246078, 0.4, -0.00401222, 0.929111, 0.891058, 0.915166, 0.900641
0.852499, 9.58767, 0.24603, 0.4, -0.00401131, 0.929108, 0.891053, 0.915161, 0.900636
0.852549, 9.58406, 0.245982, 0.4, -0.0040104, 0.929104, 0.891048, 0.915156, 0.90063
0.852599, 9.58045, 0.245934, 0.4, -0.00400949, 0.9291, 0.891043, 0.915152, 0.900625
0.852649, 9.57684, 0.245887, 0.4, -0.00400858, 0.929097, 0.891038, 0.915147, 0.90062
0.852699, 9.57323, 0.245839, 0.4, -0.00400767, 0.929093, 0.891033, 0.915142, 0.900615
0.852749, 9.56962, 0.245791, 0.4, -0.00400676, 0.929089, 0.891029, 0.915137, 0.90061
0.852799, 9.56602, 0.245744, 0.4, -0.00400585, 0.929086, 0.891024, 0.915132, 0.900605
0.852849, 9.56241, 0.245696, 0.4, -0.00400494, 0.929082, 0.891019, 0.915127, 0.9006
0.852899, 9.55881, 0.245648, 0.4, -0.00400403, 0.929078, 0.891014, 0.915122, 0.900594
0.852949, 9.55521, 0.245601, 0.4, -0.00400312, 0.929075, 0.891009, 0.915117, 0.900589
0.852999, 9.5516, 0.245553, 0.4, -0.00400221, 0.929071, 0.891004, 0.915112, 0.900584
0.853049, 9.548, 0.245505, 0.4, -0.0040013, 0.929067, 0.890999, 0.915108, 0.900579
0.853099, 9.5444, 0.245458, 0.4, -0.00400038, 0.929064, 0.890994, 0.915103, 0.900574
0.853149, 9.5408, 0.24541, 0.4, -0.00399947, 0.92906, 0.890989, 0.915098, 0.900569
0.853199, 9.5372, 0.245362, 0.4, -0.00399856, 0.929056, 0.890984, 0.915093, 0.900564
0.853249, 9.5336, 0.245315, 0.4, -0.00399765, 0.929053, 0.890979, 0.915088, 0.900559
0.853299, 9.53001, 0.245267, 0.4, -0.00399673, 0.929049, 0.890974, 0.915083, 0.900553
0.853349, 9.52641, 0.24522, 0.4, -0.00399582, 0.929045, 0.890969, 0.915078, 0.900548
0.853399, 9.52281, 0.245172, 0.4, -0.00399491, 0.929042, 0.890964, 0.915073, 0.900543
0.853449, 9.51922, 0.245125, 0.4, -0.00399399, 0.929038, 0.890959, 0.915069, 0.900538
0.853499, 9.51562, 0.245077, 0.4, -0.00399308, 0.929034, 0.890954, 0.915064, 0.900533
0.853549, 9.51203, 0.24503, 0.4, -0.00399216, 0.929031, 0.890949, 0.915059, 0.900528
0.853599, 9.50844, 0.244982, 0.4, -0.00399125, 0.929027, 0.890945, 0.915054, 0.900523
0.853649, 9.50485, 0.244935, 0.4, -0.00399033, 0.929023, 0.89094, 0.915049, 0.900517
0.853699, 9.50126, 0.244888, 0.4, -0.00398942, 0.92902, 0.890935, 0.915044, 0.900512
0.853749, 9.49767, 0.24484, 0.4, -0.0039885, 0.929016, 0.89093, 0.915039, 0.900507
0.853799, 9.49408, 0.244793, 0.4, -0.00398759, 0.929012, 0.890925, 0.915034, 0.900502
0.853849, 9.49049, 0.244746, 0.4, -0.00398667, 0.929009, 0.89092, 0.91503, 0.900497
0.853899, 9.4869, 0.244698, 0.4, -0.00398576, 0.929005, 0.890915, 0.915025, 0.900492
0.853949, 9.48332, 0.244651, 0.4, -0.00398484, 0.929001, 0.89091, 0.91502, 0.900487
0.853999, 9.47973, 0.244604, 0.4, -0.00398392, 0.928998, 0.890905, 0.915015, 0.900482
0.85405, 9.47614, 0.244556, 0.4, -0.003983, 0.928994, 0.8909, 0.91501, 0.900477
0.8541, 9.47256, 0.244509, 0.4, -0.00398209, 0.92899, 0.890895, 0.915005, 0.900471
0.85415, 9.46898, 0.244462, 0.4, -0.00398117, 0.928987, 0.89089, 0.915, 0.900466
0.8542, 9.46539, 0.244415, 0.4, -0.00398025, 0.928983, 0.890885, 0.914996, 0.900461
0.85425, 9.46181, 0.244367, 0.4, -0.00397933, 0.928979, 0.890881, 0.914991, 0.900456
0.8543, 9.45823, 0.24432, 0.4, -0.00397842, 0.928976, 0.890876, 0.914986, 0.900451
0.85435, 9.45465, 0.244273, 0.4, -0.0039775, 0.928972, 0.890871, 0.914981, 0.900446
0.8544, 9.45107, 0.244226, 0.4, -0.00397658, 0.928968, 0.890866, 0.914976, 0.900441
0.85445, 9.44749, 0.244179, 0.4, -0.00397566, 0.928965, 0.890861, 0.914971, 0.900436
0.8545, 9.44391, 0.244131, 0.4, -0.00397474, 0.928961, 0.890856, 0.914967, 0.900431
0.85455, 9.44034, 0.244085, 0.4, -0.00397382, 0.928957, 0.890851, 0.914962, 0.900425
0.8546, 9.43676, 0.244037, 0.4, -0.0039729, 0.928954, 0.890846, 0.914957, 0.90042
0.85465, 9.43319, 0.24399, 0.4, -0.00397198, 0.92895, 0.890841, 0.914952, 0.900415
0.8547, 9.42961, 0.243943, 0.4, -0.00397106, 0.928946, 0.890836, 0.914947, 0.90041
0.85475, 9.42604, 0.243896, 0.4, -0.00397014, 0.928943, 0.890831, 0.914942, 0.900405
0.8548, 9.42246, 0.243849, 0.4, -0.00396921, 0.928939, 0.890826, 0.914937, 0.9004
0.85485, 9.41889, 0.243802, 0.4, -0.00396829, 0.928935, 0.890821, 0.914932, 0.900395
0.8549, 9.41532, 0.243755, 0.4, -0.00396737, 0.928932, 0.890817, 0.914928, 0.90039
0.85495, 9.41175, 0.243708, 0.4, -0.00396645, 0.928928, 0.890812, 0.914923, 0.900384
0.855, 9.40818, 0.243661, 0.4, -0.00396553, 0.928924, 0.890807, 0.914918, 0.900379
0.85505, 9.40461, 0.243614, 0.4, -0.0039646, 0.928921, 0.890802, 0.914913, 0.900374
0.8551, 9.40105, 0.243567, 0.4, -0.00396368, 0.928917, 0.890797, 0.914908, 0.900369
0.85515, 9.39748, 0.24352, 0.4, -0.00396276, 0.928913, 0.890792, 0.914903, 0.900364
0.8552, 9.39391, 0.243474, 0.4, -0.00396184, 0.928909, 0.890787, 0.914899, 0.900359
0.85525, 9.39035, 0.243427, 0.4, -0.00396091, 0.928906, 0.890782, 0.914894, 0.900354
0.8553, 9.38679, 0.24338, 0.4, -0.00395999, 0.928902, 0.890777, 0.914889, 0.900349
0.85535, 9.38322, 0.243333, 0.4, -0.00395906, 0.928898, 0.890772, 0.914884, 0.900344
0.8554, 9.37966, 0.243286, 0.4, -0.00395814, 0.928895, 0.890767, 0.914879, 0.900338
0.85545, 9.3761, 0.243239, 0.4, -0.00395721, 0.928891, 0.890763, 0.914874, 0.900333
0.8555, 9.37254, 0.243193, 0.4, -0.00395629, 0.928887, 0.890758, 0.91487, 0.900328
0.85555, 9.36898, 0.243146, 0.4, -0.00395536, 0.928884, 0.890753, 0.914865, 0.900323
0.8556, 9.36542, 0.243099, 0.4, -0.00395444, 0.92888, 0.890748, 0.91486, 0.900318
0.85565, 9.36186, 0.243052, 0.4, -0.00395351, 0.928876, 0.890743, 0.914855, 0.900313
0.8557, 9.3583, 0.243006, 0.4, -0.00395259, 0.928873, 0.890738, 0.91485, 0.900308
0.85575, 9.35474, 0.242959, 0.4, -0.00395166, 0.928869, 0.890733, 0.914845, 0.900303
0.8558, 9.35119, 0.242912, 0.4, -0.00395073, 0.928865, 0.890728, 0.914841, 0.900298
0.85585, 9.34763, 0.242866, 0.4, -0.00394981, 0.928862, 0.890723, 0.914836, 0.900293
0.8559, 9.34408, 0.242819, 0.4, -0.00394888, 0.928858, 0.890718, 0.914831, 0.900288
0.85595, 9.34052, 0.242772, 0.4, -0.00394795, 0.928854, 0.890713, 0.914826, 0.900282
0.856, 9.33697, 0.242726, 0.4, -0.00394702, 0.928851, 0.890709, 0.914821, 0.900277
0.85605, 9.33342, 0.242679, 0.4, -0.00394609, 0.928847, 0.890704, 0.914816, 0.900272
0.8561, 9.32987, 0.242632, 0.4, -0.00394517, 0.928843, 0.890699, 0.914812, 0.900267
0.85615, 9.32632, 0.242586, 0.4, -0.00394424, 0.92884, 0.890694, 0.914807, 0.900262
0.8562, 9.32277, 0.242539, 0.4, -0.00394331, 0.928836, 0.890689, 0.914802, 0.900257
0.85625, 9.31922, 0.242493, 0.4, -0.00394238, 0.928832, 0.890684, 0.914797, 0.900252
0.8563, 9.31567, 0.242446, 0.4, -0.00394145, 0.928829, 0.890679, 0.914792, 0.900247
0.85635, 9.31212, 0.2424, 0.4, -0.00394052, 0.928825, 0.890674, 0.914787, 0.900242
0.8564, 9.30858, 0.242353, 0.4, -0.00393959, 0.928821, 0.890669, 0.914783, 0.900237
0.85645, 9.30503, 0.242307, 0.4, -0.00393866, 0.928818, 0.890664, 0.914778, 0.900231
0.8565, 9.30149, 0.24226, 0.4, -0.00393773, 0.928814, 0.890659, 0.914773, 0.900226
0.85655, 9.29794, 0.242214, 0.4, -0.0039368, 0.92881, 0.890655, 0.914768, 0.900221
0.8566, 9.2944, 0.242168, 0.4, -0.00393587, 0.928806, 0.89065, 0.914763, 0.900216
0.85665, 9.29086, 0.242121, 0.4, -0.00393494, 0.928803, 0.890645, 0.914758, 0.900211
0.8567, 9.28732, 0.242075, 0.4, -0.00393401, 0.928799, 0.89064, 0.914754, 0.900206
0.85675, 9.28378, 0.242028, 0.4, -0.00393307, 0.928795, 0.890635, 0.914749, 0.900201
0.8568, 9.28024, 0.241982, 0.4, -0.00393214, 0.928792, 0.89063, 0.914744, 0.900196
0.85685, 9.2767, 0.241936, 0.4, -0.00393121, 0.928788, 0.890625, 0.914739, 0.900191
0.8569, 9.27316, 0.24189, 0.4, -0.00393028, 0.928784, 0.89062, 0.914734, 0.900186
0.85695, 9.26962, 0.241843, 0.4, -0.00392934, 0.928781, 0.890615, 0.914729, 0.900181
0.857, 9.26609, 0.241797, 0.4, -0.00392841, 0.928777, 0.89061, 0.914725, 0.900176
0.85705, 9.26255, 0.241751, 0.4, -0.00392748, 0.928773, 0.890605, 0.91472, 0.90017
0.8571, 9.25902, 0.241704, 0.4, -0.00392654, 0.92877, 0.890601, 0.914715, 0.900165
0.85715, 9.25549, 0.241658, 0.4, -0.00392561, 0.928766, 0.890596, 0.91471, 0.90016
0.8572, 9.25196, 0.241612, 0.4, -0.00392468, 0.928762, 0.890591, 0.914705, 0.900155
0.85725, 9.24842, 0.241566, 0.4, -0.00392374, 0.928758, 0.890586, 0.914701, 0.90015
0.8573, 9.24489, 0.24152, 0.4, -0.00392281, 0.928755, 0.890581, 0.914696, 0.900145
0.85735, 9.24136, 0.241474, 0.4, -0.00392187, 0.928751, 0.890576, 0.914691, 0.90014
0.8574, 9.23783, 0.241428, 0.4, -0.00392094, 0.928747, 0.890571, 0.914686, 0.900135
0.85745, 9.2343, 0.241382, 0.4, -0.00392, 0.928744, 0.890566, 0.914681, 0.90013
0.8575, 9.23078, 0.241335, 0.4, -0.00391906, 0.92874, 0.890561, 0.914677, 0.900125
0.85755, 9.22725, 0.241289, 0.4, -0.00391813, 0.928736, 0.890557, 0.914672, 0.90012
0.8576, 9.22373, 0.241243, 0.4, -0.00391719, 0.928733, 0.890552, 0.914667, 0.900115
0.85765, 9.2202, 0.241197, 0.4, -0.00391625, 0.928729, 0.890547, 0.914662, 0.90011
0.8577, 9.21668, 0.241151, 0.4, -0.00391532, 0.928725, 0.890542, 0.914657, 0.900105
0.85775, 9.21315, 0.241105, 0.4, -0.00391438, 0.928722, 0.890537, 0.914653, 0.900099
0.8578, 9.20963, 0.241059, 0.4, -0.00391344, 0.928718, 0.890532, 0.914648, 0.900094
0.85785, 9.20611, 0.241013, 0.4, -0.00391251, 0.928714, 0.890527, 0.914643, 0.900089
0.8579, 9.20259, 0.240967, 0.4, -0.00391157, 0.92871, 0.890522, 0.914638, 0.900084
0.85795, 9.19907, 0.240921, 0.4, -0.00391063, 0.928707, 0.890517, 0.914633, 0.900079
0.858, 9.19555, 0.240875, 0.4, -0.00390969, 0.928703, 0.890513, 0.914629, 0.900074
0.85805, 9.19203, 0.24083, 0.4, -0.00390875, 0.928699, 0.890508, 0.914624, 0.900069
0.8581, 9.18852, 0.240784, 0.4, -0.00390781, 0.928696, 0.890503, 0.914619, 0.900064
0.85815, 9.185, 0.240738, 0.4, -0.00390687, 0.928692, 0.890498, 0.914614, 0.900059
0.8582, 9.18148, 0.240692, 0.4, -0.00390593, 0.928688, 0.890493, 0.914609, 0.900054
0.85825, 9.17797, 0.240646, 0.4, -0.00390499, 0.928685, 0.890488, 0.914605, 0.900049
0.8583, 9.17446, 0.2406, 0.4, -0.00390405, 0.928681, 0.890483, 0.9146, 0.900044
0.85835, 9.17094, 0.240555, 0.4, -0.00390311, 0.928677, 0.890478, 0.914595, 0.900039
0.8584, 9.16743, 0.240509, 0.4, -0.00390217, 0.928674, 0.890473, 0.91459, 0.900034
0.85845, 9.16392, 0.240463, 0.4, -0.00390123, 0.92867, 0.890468, 0.914585, 0.900029
0.8585, 9.16041, 0.240417, 0.4, -0.00390029, 0.928666, 0.890464, 0.914581, 0.900023
0.85855, 9.1569, 0.240371, 0.4, -0.00389935, 0.928662, 0.890459, 0.914576, 0.900018
0.8586, 9.15339, 0.240326, 0.4, -0.00389841, 0.928659, 0.890454, 0.914571, 0.900013
0.85865, 9.14988, 0.24028, 0.4, -0.00389747, 0.928655, 0.890449, 0.914566, 0.900008
0.8587, 9.14638, 0.240235, 0.4, -0.00389652, 0.928651, 0.890444, 0.914561, 0.900003
0.85875, 9.14287, 0.240189, 0.4, -0.00389558, 0.928648, 0.890439, 0.914557, 0.899998
0.8588, 9.13937, 0.240143, 0.4, -0.00389464, 0.928644, 0.890434, 0.914552, 0.899993
0.85885, 9.13586, 0.240098, 0.4, -0.0038937, 0.92864, 0.890429, 0.914547, 0.899988
0.8589, 9.13236, 0.240052, 0.4, -0.00389275, 0.928637, 0.890425, 0.914542, 0.899983
0.85895, 9.12885, 0.240006, 0.4, -0.00389181, 0.928633, 0.89042, 0.914537, 0.899978
0.859, 9.12535, 0.239961, 0.4, -0.00389087, 0.928629, 0.890415, 0.914533, 0.899973
0.85905, 9.12185, 0.239915, 0.4, -0.00388992, 0.928625, 0.89041, 0.914528, 0.899968
0.8591, 9.11835, 0.23987, 0.4, -0.00388898, 0.928622, 0.890405, 0.914523, 0.899963
0.85915, 9.11485, 0.239824, 0.4, -0.00388803, 0.928618, 0.8904, 0.914518, 0.899958
0.8592, 9.11135, 0.239779, 0.4, -0.00388709, 0.928614, 0.890395, 0.914514, 0.899953
0.85925, 9.10785, 0.239733, 0.4, -0.00388614, 0.928611, 0.890391, 0.914509, 0.899948
0.8593, 9.10435, 0.239688, 0.4, -0.0038852, 0.928607, 0.890386, 0.914504, 0.899943
0.85935, 9.10085, 0.239642, 0.4, -0.00388425, 0.928603, 0.890381, 0.914499, 0.899938
0.8594, 9.09736, 0.239597, 0.4, -0.00388331, 0.9286, 0.890376, 0.914495, 0.899933
0.85945, 9.09386, 0.239552, 0.4, -0.00388236, 0.928596, 0.890371, 0.91449, 0.899928
0.8595, 9.09037, 0.239506, 0.4, -0.00388141, 0.928592, 0.890366, 0.914485, 0.899923
0.85955, 9.08688, 0.239461, 0.4, -0.00388047, 0.928589, 0.890361, 0.91448, 0.899918
0.8596, 9.08338, 0.239416, 0.4, -0.00387952, 0.928585, 0.890356, 0.914475, 0.899912
0.85965, 9.07989, 0.23937, 0.4, -0.00387857, 0.928581, 0.890352, 0.914471, 0.899907
0.8597, 9.0764, 0.239325, 0.4, -0.00387762, 0.928577, 0.890347, 0.914466, 0.899902
0.85975, 9.07291, 0.23928, 0.4, -0.00387668, 0.928574, 0.890342, 0.914461, 0.899897
0.8598, 9.06942, 0.239234, 0.4, -0.00387573, 0.92857, 0.890337, 0.914456, 0.899892
0.85985, 9.06594, 0.239189, 0.4, -0.00387478, 0.928566, 0.890332, 0.914452, 0.899887
0.8599, 9.06245, 0.239144, 0.4, -0.00387383, 0.928563, 0.890327, 0.914447, 0.899882
0.85995, 9.05896, 0.239098, 0.4, -0.00387288, 0.928559, 0.890322, 0.914442, 0.899877
0.86, 9.05548, 0.239053, 0.4, -0.00387193, 0.928555, 0.890317, 0.914437, 0.899872
0.86005, 9.05199, 0.239008, 0.4, -0.00387099, 0.928552, 0.890313, 0.914432, 0.899867
0.860101, 9.04851, 0.238963, 0.4, -0.00387004, 0.928548, 0.890308, 0.914428, 0.899862
0.860151, 9.04502, 0.238918, 0.4, -0.00386909, 0.928544, 0.890303, 0.914423, 0.899857
0.860201, 9.04154, 0.238872, 0.4, -0.00386814, 0.92854, 0.890298, 0.914418, 0.899852
0.860251, 9.03806, 0.238827, 0.4, -0.00386718, 0.928537, 0.890293, 0.914413, 0.899847
0.860301, 9.03458, 0.238782, 0.4, -0.00386623, 0.928533, 0.890288, 0.914409, 0.899842
0.860351, 9.0311, 0.238737, 0.4, -0.00386528, 0.928529, 0.890283, 0.914404, 0.899837
0.860401, 9.02762, 0.238692, 0.4, -0.00386433, 0.928526, 0.890279, 0.914399, 0.899832
0.860451, 9.02415, 0.238647, 0.4, -0.00386338, 0.928522, 0.890274, 0.914394, 0.899827
0.860501, 9.02067, 0.238602, 0.4, -0.00386243, 0.928518, 0.890269, 0.91439, 0.899822
0.860551, 9.01719, 0.238557, 0.4, -0.00386148, 0.928515, 0.890264, 0.914385, 0.899817
0.860601, 9.01372, 0.238512, 0.4, -0.00386053, 0.928511, 0.890259, 0.91438, 0.899812
0.860651, 9.01024, 0.238467, 0.4, -0.00385957, 0.928507, 0.890254, 0.914375, 0.899807
0.860701, 9.00677, 0.238422, 0.4, -0.00385862, 0.928504, 0.89025, 0.914371, 0.899802
0.860751, 9.0033, 0.238377, 0.4, -0.00385767, 0.9285, 0.890245, 0.914366, 0.899797
0.860801, 8.99982, 0.238332, 0.4, -0.00385671, 0.928496, 0.89024, 0.914361, 0.899792
0.860851, 8.99635, 0.238287, 0.4, -0.00385576, 0.928493, 0.890235, 0.914356, 0.899787
0.860901, 8.99288, 0.238242, 0.4, -0.00385481, 0.928489, 0.89023, 0.914352, 0.899782
0.860951, 8.98941, 0.238197, 0.4, -0.00385385, 0.928485, 0.890225, 0.914347, 0.899777
0.861001, 8.98594, 0.238152, 0.4, -0.0038529, 0.928482, 0.89022, 0.914342, 0.899772
0.861051, 8.98248, 0.238108, 0.4, -0.00385194, 0.928478, 0.890216, 0.914338, 0.899767
0.861101, 8.97901, 0.238063, 0.4, -0.00385099, 0.928474, 0.890211, 0.914333, 0.899762
0.861151, 8.97554, 0.238018, 0.4, -0.00385003, 0.92847, 0.890206, 0.914328, 0.899757
0.861201, 8.97208, 0.237973, 0.4, -0.00384908, 0.928467, 0.890201, 0.914323, 0.899752
0.861251, 8.96862, 0.237928, 0.4, -0.00384812, 0.928463, 0.890196, 0.914318, 0.899747
0.861301, 8.96516, 0.237884, 0.4, -0.00384717, 0.928459, 0.890191, 0.914314, 0.899742
0.861351, 8.96169, 0.237839, 0.4, -0.00384621, 0.928455, 0.890186, 0.914309, 0.899737
0.861401, 8.95823, 0.237794, 0.4, -0.00384525, 0.928452, 0.890182, 0.914304, 0.899732
0.861451, 8.95477, 0.23775, 0.4, -0.0038443, 0.928448, 0.890177, 0.914299, 0.899727
0.861501, 8.95131, 0.237705, 0.4, -0.00384334, 0.928444, 0.890172, 0.914295, 0.899722
0.861551, 8.94786, 0.23766, 0.4, -0.00384238, 0.928441, 0.890167, 0.91429, 0.899717
0.861601, 8.9444, 0.237616, 0.4, -0.00384143, 0.928437, 0.890162, 0.914285, 0.899712
0.861651, 8.94094, 0.237571, 0.4, -0.00384047, 0.928433, 0.890157, 0.914281, 0.899707
0.861701, 8.93749, 0.237527, 0.4, -0.00383951, 0.928429, 0.890153, 0.914276, 0.899702
0.861751, 8.93403, 0.237482, 0.4, -0.00383855, 0.928426, 0.890148, 0.914271, 0.899697
0.861801, 8.93058, 0.237437, 0.4, -0.00383759, 0.928422, 0.890143, 0.914266, 0.899692
0.861851, 8.92712, 0.237393, 0.4, -0.00383664, 0.928419, 0.890138, 0.914262, 0.899687
0.861901, 8.92367, 0.237348, 0.4, -0.00383568, 0.928415, 0.890133, 0.914257, 0.899682
0.861951, 8.92022, 0.237304, 0.4, -0.00383472, 0.928411, 0.890128, 0.914252, 0.899677
0.862001, 8.91677, 0.237259, 0.4, -0.00383376, 0.928407, 0.890124, 0.914247, 0.899672
0.862051, 8.91332, 0.237215, 0.4, -0.0038328, 0.928404, 0.890119, 0.914243, 0.899667
0.862101, 8.90987, 0.23717, 0.4, -0.00383184, 0.9284, 0.890114, 0.914238, 0.899662
0.862151, 8.90642, 0.237126, 0.4, -0.00383088, 0.928396, 0.890109, 0.914233, 0.899657
0.862201, 8.90298, 0.237081, 0.4, -0.00382992, 0.928393, 0.890104, 0.914229, 0.899652
0.862251, 8.89953, 0.237037, 0.4, -0.00382896, 0.928389, 0.890099, 0.914224, 0.899647
0.862301, 8.89609, 0.236993, 0.4, -0.003828, 0.928385, 0.890095, 0.914219, 0.899642
0.862351, 8.89264, 0.236948, 0.4, -0.00382703, 0.928381, 0.89009, 0.914214, 0.899637
0.862401, 8.8892, 0.236904, 0.4, -0.00382607, 0.928378, 0.890085, 0.91421, 0.899632
0.862451, 8.88575, 0.236859, 0.4, -0.00382511, 0.928374, 0.89008, 0.914205, 0.899627
0.862501, 8.88231, 0.236815, 0.4, -0.00382415, 0.92837, 0.890075, 0.9142, 0.899622
0.862551, 8.87887, 0.236771, 0.4, -0.00382319, 0.928367, 0.89007, 0.914196, 0.899617
0.862601, 8.87543, 0.236726, 0.4, -0.00382222, 0.928363, 0.890066, 0.914191, 0.899612
0.862651, 8.87199, 0.236682, 0.4, -0.00382126, 0.928359, 0.890061, 0.914186, 0.899607
0.862701, 8.86855, 0.236638, 0.4, -0.0038203, 0.928356, 0.890056, 0.914181, 0.899602
0.862751, 8.86512, 0.236594, 0.4, -0.00381934, 0.928352, 0.890051, 0.914177, 0.899597
0.862801, 8.86168, 0.23655, 0.4, -0.00381837, 0.928348, 0.890046, 0.914172, 0.899592
0.862851, 8.85824, 0.236505, 0.4, -0.00381741, 0.928344, 0.890042, 0.914167, 0.899587
0.862901, 8.85481, 0.236461, 0.4, -0.00381644, 0.928341, 0.890037, 0.914163, 0.899582
0.862951, 8.85137, 0.236417, 0.4, -0.00381548, 0.928337, 0.890032, 0.914158, 0.899577
0.863001, 8.84794, 0.236373, 0.4, -0.00381452, 0.928333, 0.890027, 0.914153, 0.899572
0.863051, 8.84451, 0.236329, 0.4, -0.00381355, 0.92833, 0.890022, 0.914148, 0.899567
0.863101, 8.84107, 0.236285, 0.4, -0.00381259, 0.928326, 0.890017, 0.914144, 0.899562
0.863151, 8.83764, 0.23624, 0.4, -0.00381162, 0.928322, 0.890013, 0.914139, 0.899557
0.863201, 8.83421, 0.236196, 0.4, -0.00381065, 0.928319, 0.890008, 0.914134, 0.899552
0.863251, 8.83079, 0.236152, 0.4, -0.00380969, 0.928315, 0.890003, 0.91413, 0.899547
0.863301, 8.82736, 0.236108, 0.4, -0.00380872, 0.928311, 0.889998, 0.914125, 0.899542
0.863351, 8.82393, 0.236064, 0.4, -0.00380776, 0.928307, 0.889993, 0.91412, 0.899537
0.863401, 8.8205, 0.23602, 0.4, -0.00380679, 0.928304, 0.889988, 0.914115, 0.899532
0.863451, 8.81708, 0.235976, 0.4, -0.00380582, 0.9283, 0.889983, 0.914111, 0.899527
0.863501, 8.81365, 0.235932, 0.4, -0.00380486, 0.928296, 0.889979, 0.914106, 0.899522
0.863551, 8.81023, 0.235888, 0.4, -0.00380389, 0.928292, 0.889974, 0.914101, 0.899517
0.863601, 8.8068, 0.235844, 0.4, -0.00380292, 0.928289, 0.889969, 0.914097, 0.899512
0.863651, 8.80338, 0.2358, 0.4, -0.00380195, 0.928285, 0.889964, 0.914092, 0.899507
0.863701, 8.79996, 0.235756, 0.4, -0.00380098, 0.928281, 0.889959, 0.914087, 0.899502
0.863751, 8.79654, 0.235712, 0.4, -0.00380002, 0.928278, 0.889955, 0.914083, 0.899497
0.863801, 8.79312, 0.235669, 0.4, -0.00379905, 0.928274, 0.88995, 0.914078, 0.899492
0.863851, 8.7897, 0.235625, 0.4, -0.00379808, 0.92827, 0.889945, 0.914073, 0.899487
0.863901, 8.78628, 0.235581, 0.4, -0.00379711, 0.928267, 0.88994, 0.914068, 0.899482
0.863951, 8.78287, 0.235537, 0.4, -0.00379614, 0.928263, 0.889935, 0.914064, 0.899477
0.864001, 8.77945, 0.235493, 0.4, -0.00379517, 0.928259, 0.889931, 0.914059, 0.899472
0.864051, 8.77603, 0.235449, 0.4, -0.0037942, 0.928255, 0.889926, 0.914054, 0.899467
0.864101, 8.77262, 0.235406, 0.4, -0.00379323, 0.928252, 0.889921, 0.91405, 0.899462
0.864151, 8.76921, 0.235362, 0.4, -0.00379226, 0.928248, 0.889916, 0.914045, 0.899457
0.864201, 8.76579, 0.235318, 0.4, -0.00379129, 0.928244, 0.889911, 0.91404, 0.899453
0.864251, 8.76238, 0.235274, 0.4, -0.00379032, 0.928241, 0.889907, 0.914036, 0.899448
0.864301, 8.75897, 0.235231, 0.4, -0.00378935, 0.928237, 0.889902, 0.914031, 0.899443
0.864351, 8.75556, 0.235187, 0.4, -0.00378838, 0.928233, 0.889897, 0.914026, 0.899438
0.864401, 8.75215, 0.235143, 0.4, -0.0037874, 0.928229, 0.889892, 0.914022, 0.899433
0.864451, 8.74874, 0.2351, 0.4, -0.00378643, 0.928226, 0.889887, 0.914017, 0.899428
0.864501, 8.74534, 0.235056, 0.4, -0.00378546, 0.928222, 0.889883, 0.914012, 0.899423
0.864551, 8.74193, 0.235013, 0.4, -0.00378449, 0.928218, 0.889878, 0.914008, 0.899418
0.864601, 8.73852, 0.234969, 0.4, -0.00378351, 0.928215, 0.889873, 0.914003, 0.899413
0.864651, 8.73512, 0.234925, 0.4, -0.00378254, 0.928211, 0.889868, 0.913998, 0.899408
0.864701, 8.73172, 0.234882, 0.4, -0.00378157, 0.928207, 0.889863, 0.913993, 0.899403
0.864751, 8.72831, 0.234838, 0.4, -0.00378059, 0.928203, 0.889858, 0.913989, 0.899398
0.864801, 8.72491, 0.234795, 0.4, -0.00377962, 0.9282, 0.889854, 0.913984, 0.899393
0.864851, 8.72151, 0.234751, 0.4, -0.00377865, 0.928196, 0.889849, 0.913979, 0.899388
0.864901, 8.71811, 0.234708, 0.4, -0.00377767, 0.928192, 0.889844, 0.913975, 0.899383
0.864951, 8.71471, 0.234664, 0.4, -0.0037767, 0.928189, 0.889839, 0.91397, 0.899378
0.865001, 8.71131, 0.234621, 0.4, -0.00377572, 0.928185, 0.889835, 0.913965, 0.899373
0.865051, 8.70792, 0.234577, 0.4, -0.00377475, 0.928181, 0.88983, 0.913961, 0.899368
0.865101, 8.70452, 0.234534, 0.4, -0.00377377, 0.928177, 0.889825, 0.913956, 0.899363
0.865151, 8.70112, 0.234491, 0.4, -0.0037728, 0.928174, 0.88982, 0.913951, 0.899358
0.865201, 8.69773, 0.234447, 0.4, -0.00377182, 0.92817, 0.889815, 0.913947, 0.899353
0.865251, 8.69433, 0.234404, 0.4, -0.00377085, 0.928166, 0.88981, 0.913942, 0.899348
0.865301, 8.69094, 0.23436, 0.4, -0.00376987, 0.928163, 0.889806, 0.913937, 0.899343
0.865351, 8.68755, 0.234317, 0.4, -0.00376889, 0.928159, 0.889801, 0.913933, 0.899339
0.865401, 8.68416, 0.234274, 0.4, -0.00376792, 0.928155, 0.889796, 0.913928, 0.899334
0.865451, 8.68077, 0.234231, 0.4, -0.00376694, 0.928151, 0.889791, 0.913923, 0.899329
0.865501, 8.67738, 0.234187, 0.4, -0.00376596, 0.928148, 0.889786, 0.913919, 0.899324
0.865551, 8.67399, 0.234144, 0.4, -0.00376498, 0.928144, 0.889782, 0.913914, 0.899319
0.865601, 8.6706, 0.234101, 0.4, -0.00376401, 0.92814, 0.889777, 0.913909, 0.899314
0.865651, 8.66721, 0.234058, 0.4, -0.00376303, 0.928137, 0.889772, 0.913905, 0.899309
0.865701, 8.66383, 0.234014, 0.4, -0.00376205, 0.928133, 0.889767, 0.9139, 0.899304
0.865751, 8.66044, 0.233971, 0.4, -0.00376107, 0.928129, 0.889763, 0.913895, 0.899299
0.865801, 8.65705, 0.233928, 0.4, -0.00376009, 0.928126, 0.889758, 0.913891, 0.899294
0.865851, 8.65367, 0.233885, 0.4, -0.00375911, 0.928122, 0.889753, 0.913886, 0.899289
0.865901, 8.65029, 0.233842, 0.4, -0.00375814, 0.928118, 0.889748, 0.913881, 0.899284
0.865951, 8.6469, 0.233799, 0.4, -0.00375716, 0.928114, 0.889743, 0.913877, 0.899279
0.866001, 8.64352, 0.233755, 0.4, -0.00375618, 0.928111, 0.889739, 0.913872, 0.899274
0.866051, 8.64014, 0.233712, 0.4, -0.0037552, 0.928107, 0.889734, 0.913867, 0.899269
0.866102, 8.63676, 0.233669, 0.4, -0.00375422, 0.928103, 0.889729, 0.913863, 0.899265
0.866152, 8.63338, 0.233626, 0.4, -0.00375324, 0.9281, 0.889724, 0.913858, 0.89926
0.866202, 8.63001, 0.233583, 0.4, -0.00375225, 0.928096, 0.889719, 0.913854, 0.899255
0.866252, 8.62663, 0.23354, 0.4, -0.00375127, 0.928092, 0.889715, 0.913849, 0.89925
0.866302, 8.62326, 0.233498, 0.4, -0.00375029, 0.928088, 0.88971, 0.913844, 0.899245
0.866352, 8.61988, 0.233454, 0.4, -0.00374931, 0.928085, 0.889705, 0.91384, 0.89924
0.866402, 8.61651, 0.233412, 0.4, -0.00374833, 0.928081, 0.8897, 0.913835, 0.899235
0.866452, 8.61314, 0.233369, 0.4, -0.00374735, 0.928077, 0.889696, 0.91383, 0.89923
0.866502, 8.60976, 0.233326, 0.4, -0.00374636, 0.928074, 0.889691, 0.913826, 0.899225
0.866552, 8.60639, 0.233283, 0.4, -0.00374538, 0.92807, 0.889686, 0.913821, 0.89922
0.866602, 8.60302, 0.23324, 0.4, -0.0037444, 0.928066, 0.889681, 0.913816, 0.899215
0.866652, 8.59965, 0.233197, 0.4, -0.00374342, 0.928062, 0.889677, 0.913812, 0.89921
0.866702, 8.59628, 0.233154, 0.4, -0.00374243, 0.928059, 0.889672, 0.913807, 0.899206
0.866752, 8.59292, 0.233111, 0.4, -0.00374145, 0.928055, 0.889667, 0.913803, 0.899201
0.866802, 8.58955, 0.233069, 0.4, -0.00374047, 0.928051, 0.889662, 0.913798, 0.899196
0.866852, 8.58618, 0.233026, 0.4, -0.00373948, 0.928048, 0.889657, 0.913793, 0.899191
0.866902, 8.58282, 0.232983, 0.4, -0.0037385, 0.928044, 0.889653, 0.913789, 0.899186
0.866952, 8.57945, 0.23294, 0.4, -0.00373751, 0.92804, 0.889648, 0.913784, 0.899181
0.867002, 8.57609, 0.232898, 0.4, -0.00373653, 0.928037, 0.889643, 0.913779, 0.899176
0.867052, 8.57273, 0.232855, 0.4, -0.00373554, 0.928033, 0.889639, 0.913775, 0.899171
0.867102, 8.56937, 0.232812, 0.4, -0.00373456, 0.928029, 0.889634, 0.91377, 0.899167
0.867152, 8.56601, 0.232769, 0.4, -0.00373357, 0.928026, 0.889629, 0.913766, 0.899162
0.867202, 8.56265, 0.232727, 0.4, -0.00373259, 0.928022, 0.889624, 0.913761, 0.899157
0.867252, 8.55929, 0.232684, 0.4, -0.0037316, 0.928018, 0.88962, 0.913756, 0.899152
0.867302, 8.55593, 0.232641, 0.4, -0.00373062, 0.928014, 0.889615, 0.913752, 0.899147
0.867352, 8.55257, 0.232599, 0.4, -0.00372963, 0.928011, 0.88961, 0.913747, 0.899142
0.867402, 8.54921, 0.232557, 0.4, -0.00372864, 0.928007, 0.889605, 0.913743, 0.899137
0.867452, 8.54586, 0.232514, 0.4, -0.00372766, 0.928003, 0.889601, 0.913738, 0.899132
0.867502, 8.5425, 0.232471, 0.4, -0.00372667, 0.928, 0.889596, 0.913733, 0.899127
0.867552, 8.53915, 0.232429, 0.4, -0.00372568, 0.927996, 0.889591, 0.913729, 0.899122
0.867602, 8.5358, 0.232386, 0.4, -0.00372469, 0.927992, 0.889586, 0.913724, 0.899117
0.867652, 8.53245, 0.232344, 0.4, -0.00372371, 0.927989, 0.889582, 0.913719, 0.899113
0.867702, 8.5291, 0.232301, 0.4, -0.00372272, 0.927985, 0.889577, 0.913715, 0.899108
0.867752, 8.52575, 0.232259, 0.4, -0.00372173, 0.927981, 0.889572, 0.91371, 0.899103
0.867802, 8.5224, 0.232216, 0.4, -0.00372074, 0.927977, 0.889567, 0.913706, 0.899098
0.867852, 8.51905, 0.232174, 0.4, -0.00371975, 0.927974, 0.889563, 0.913701, 0.899093
0.867902, 8.5157, 0.232131, 0.4, -0.00371876, 0.92797, 0.889558, 0.913696, 0.899088
0.867952, 8.51236, 0.232089, 0.4, -0.00371777, 0.927966, 0.889553, 0.913692, 0.899083
0.868002, 8.50901, 0.232047, 0.4, -0.00371678, 0.927963, 0.889548, 0.913687, 0.899078
0.868052, 8.50567, 0.232004, 0.4, -0.00371579, 0.927959, 0.889544, 0.913683, 0.899073
0.868102, 8.50232, 0.231962, 0.4, -0.0037148, 0.927955, 0.889539, 0.913678, 0.899068
0.868152, 8.49898, 0.23192, 0.4, -0.00371381, 0.927951, 0.889534, 0.913673, 0.899064
0.868202, 8.49564, 0.231877, 0.4, -0.00371282, 0.927948, 0.889529, 0.913669, 0.899059
0.868252, 8.4923, 0.231835, 0.4, -0.00371183, 0.927944, 0.889525, 0.913664, 0.899054
0.868302, 8.48896, 0.231793, 0.4, -0.00371084, 0.92794, 0.88952, 0.913659, 0.899049
0.868352, 8.48562, 0.23175, 0.4, -0.00370985, 0.927936, 0.889515, 0.913655, 0.899044
0.868402, 8.48228, 0.231708, 0.4, -0.00370886, 0.927933, 0.88951, 0.91365, 0.899039
0.868452, 8.47894, 0.231666, 0.4, -0.00370787, 0.927929, 0.889506, 0.913646, 0.899034
0.868502, 8.4756, 0.231624, 0.4, -0.00370687, 0.927925, 0.889501, 0.913641, 0.899029
0.868552, 8.47227, 0.231582, 0.4, -0.00370588, 0.927922, 0.889496, 0.913636, 0.899025
0.868602, 8.46893, 0.231539, 0.4, -0.00370489, 0.927918, 0.889491, 0.913632, 0.89902
0.868652, 8.4656, 0.231497, 0.4, -0.0037039, 0.927914, 0.889487, 0.913627, 0.899015
0.868702, 8.46227, 0.231455, 0.4, -0.0037029, 0.927911, 0.889482, 0.913623, 0.89901
0.868752, 8.45893, 0.231413, 0.4, -0.00370191, 0.927907, 0.889477, 0.913618, 0.899005
0.868802, 8.4556, 0.231371, 0.4, -0.00370092, 0.927903, 0.889472, 0.913613, 0.899
0.868852, 8.45227, 0.231329, 0.4, -0.00369992, 0.927899, 0.889468, 0.913609, 0.898995
0.868902, 8.44894, 0.231287, 0.4, -0.00369893, 0.927896, 0.889463, 0.913604, 0.898991
0.868952, 8.44561, 0.231245, 0.4, -0.00369793, 0.927892, 0.889458, 0.9136, 0.898986
0.869002, 8.44229, 0.231203, 0.4, -0.00369694, 0.927888, 0.889453, 0.913595, 0.898981
0.869052, 8.43896, 0.231161, 0.4, -0.00369594, 0.927885, 0.889449, 0.913591, 0.898976
0.869102, 8.43563, 0.231119, 0.4, -0.00369495, 0.927881, 0.889444, 0.913586, 0.898971
0.869152, 8.43231, 0.231077, 0.4, -0.00369395, 0.927877, 0.889439, 0.913581, 0.898966
0.869202, 8.42899, 0.231035, 0.4, -0.00369296, 0.927873, 0.889434, 0.913577, 0.898961
0.869252, 8.42566, 0.230993, 0.4, -0.00369196, 0.92787, 0.88943, 0.913572, 0.898956
0.869302, 8.42234, 0.230951, 0.4, -0.00369097, 0.927866, 0.889425, 0.913568, 0.898952
0.869352, 8.41902, 0.230909, 0.4, -0.00368997, 0.927862, 0.88942, 0.913563, 0.898947
0.869402, 8.4157, 0.230867, 0.4, -0.00368897, 0.927859, 0.889416, 0.913558, 0.898942
0.869452, 8.41238, 0.230825, 0.4, -0.00368798, 0.927855, 0.889411, 0.913554, 0.898937
0.869502, 8.40906, 0.230784, 0.4, -0.00368698, 0.927851, 0.889406, 0.913549, 0.898932
0.869552, 8.40574, 0.230742, 0.4, -0.00368598, 0.927847, 0.889401, 0.913545, 0.898927
0.869602, 8.40242, 0.2307, 0.4, -0.00368499, 0.927844, 0.889397, 0.91354, 0.898922
0.869652, 8.39911, 0.230658, 0.4, -0.00368399, 0.92784, 0.889392, 0.913535, 0.898917
0.869702, 8.39579, 0.230616, 0.4, -0.00368299, 0.927836, 0.889387, 0.913531, 0.898913
0.869752, 8.39248, 0.230575, 0.4, -0.00368199, 0.927833, 0.889382, 0.913526, 0.898908
0.869802, 8.38916, 0.230533, 0.4, -0.00368099, 0.927829, 0.889378, 0.913522, 0.898903
0.869852, 8.38585, 0.230491, 0.4, -0.00368, 0.927825, 0.889373, 0.913517, 0.898898
0.869902, 8.38254, 0.230449, 0.4, -0.003679, 0.927821, 0.889368, 0.913513, 0.898893
0.869952, 8.37923, 0.230408, 0.4, -0.003678, 0.927818, 0.889363, 0.913508, 0.898888
0.870002, 8.37592, 0.230366, 0.4, -0.003677, 0.927814, 0.889359, 0.913503, 0.898883
0.870052, 8.37261, 0.230324, 0.4, -0.003676, 0.92781, 0.889354, 0.913499, 0.898879
0.870102, 8.3693, 0.230283, 0.4, -0.003675, 0.927807, 0.889349, 0.913494, 0.898874
0.870152, 8.366, 0.230241, 0.4, -0.003674, 0.927803, 0.889345, 0.91349, 0.898869
0.870202, 8.36269, 0.2302, 0.4, -0.003673, 0.927799, 0.88934, 0.913485, 0.898864
0.870252, 8.35939, 0.230158, 0.4, -0.003672, 0.927795, 0.889335, 0.913481, 0.898859
0.870302, 8.35608, 0.230116, 0.4, -0.003671, 0.927792, 0.88933, 0.913476, 0.898854
0.870352, 8.35278, 0.230075, 0.4, -0.00367, 0.927788, 0.889326, 0.913471, 0.898849
0.870402, 8.34948, 0.230033, 0.4, -0.00366899, 0.927784, 0.889321, 0.913467, 0.898845
0.870452, 8.34617, 0.229992, 0.4, -0.00366799, 0.927781, 0.889316, 0.913462, 0.89884
0.870502, 8.34287, 0.22995, 0.4, -0.00366699, 0.927777, 0.889312, 0.913458, 0.898835
0.870552, 8.33957, 0.229909, 0.4, -0.00366599, 0.927773, 0.889307, 0.913453, 0.89883
0.870602, 8.33627, 0.229867, 0.4, -0.00366499, 0.927769, 0.889302, 0.913449, 0.898825
0.870652, 8.33298, 0.229826, 0.4, -0.00366398, 0.927766, 0.889297, 0.913444, 0.89882
0.870702, 8.32968, 0.229785, 0.4, -0.00366298, 0.927762, 0.889293, 0.913439, 0.898816
0.870752, 8.32638, 0.229743, 0.4, -0.00366198, 0.927758, 0.889288, 0.913435, 0.898811
0.870802, 8.32309, 0.229702, 0.4, -0.00366098, 0.927755, 0.889283, 0.91343, 0.898806
0.870852, 8.31979, 0.22966, 0.4, -0.00365997, 0.927751, 0.889279, 0.913426, 0.898801
0.870902, 8.3165, 0.229619, 0.4, -0.00365897, 0.927747, 0.889274, 0.913421, 0.898796
0.870952, 8.31321, 0.229578, 0.4, -0.00365796, 0.927743, 0.889269, 0.913417, 0.898791
0.871002, 8.30992, 0.229537, 0.4, -0.00365696, 0.92774, 0.889265, 0.913412, 0.898787
0.871052, 8.30663, 0.229495, 0.4, -0.00365596, 0.927736, 0.88926, 0.913408, 0.898782
0.871102, 8.30334, 0.229454, 0.4, -0.00365495, 0.927732, 0.889255, 0.913403, 0.898777
0.871152, 8.30005, 0.229413, 0.4, -0.00365395, 0.927729, 0.88925, 0.913399, 0.898772
0.871202, 8.29676, 0.229371, 0.4, -0.00365294, 0.927725, 0.889246, 0.913394, 0.898767
0.871252, 8.29347, 0.22933, 0.4, -0.00365194, 0.927721, 0.889241, 0.913389, 0.898762
0.871302, 8.29018, 0.229289, 0.4, -0.00365093, 0.927717, 0.889236, 0.913385, 0.898758
0.871352, 8.2869, 0.229248, 0.4, -0.00364993, 0.927714, 0.889232, 0.91338, 0.898753
0.871402, 8.28361, 0.229207, 0.4, -0.00364892, 0.92771, 0.889227, 0.913376, 0.898748
0.871452, 8.28033, 0.229165, 0.4, -0.00364791, 0.927706, 0.889222, 0.913371, 0.898743
0.871502, 8.27705, 0.229124, 0.4, -0.00364691, 0.927702, 0.889217, 0.913367, 0.898738
0.871552, 8.27377, 0.229083, 0.4, -0.0036459, 0.927699, 0.889213, 0.913362, 0.898733
0.871602, 8.27048, 0.229042, 0.4, -0.00364489, 0.927695, 0.889208, 0.913358, 0.898729
0.871652, 8.26721, 0.229001, 0.4, -0.00364389, 0.927691, 0.889203, 0.913353, 0.898724
0.871702, 8.26393, 0.22896, 0.4, -0.00364288, 0.927688, 0.889199, 0.913349, 0.898719
0.871752, 8.26065, 0.228919, 0.4, -0.00364187, 0.927684, 0.889194, 0.913344, 0.898714
0.871802, 8.25737, 0.228878, 0.4, -0.00364086, 0.92768, 0.889189, 0.913339, 0.898709
0.871852, 8.2541, 0.228837, 0.4, -0.00363985, 0.927677, 0.889185, 0.913335, 0.898704
0.871902, 8.25082, 0.228796, 0.4, -0.00363885, 0.927673, 0.88918, 0.91333, 0.8987
0.871952, 8.24755, 0.228755, 0.4, -0.00363784, 0.927669, 0.889175, 0.913326, 0.898695
0.872002, 8.24427, 0.228714, 0.4, -0.00363683, 0.927665, 0.88917, 0.913321, 0.89869
0.872052, 8.241, 0.228673, 0.4, -0.00363582, 0.927662, 0.889166, 0.913317, 0.898685
0.872102, 8.23773, 0.228632, 0.4, -0.00363481, 0.927658, 0.889161, 0.913312, 0.89868
0.872153, 8.23446, 0.228591, 0.4, -0.0036338, 0.927654, 0.889156, 0.913308, 0.898676
0.872203, 8.23118, 0.22855, 0.4, -0.00363279, 0.927651, 0.889152, 0.913303, 0.898671
0.872253, 8.22792, 0.228509, 0.4, -0.00363178, 0.927647, 0.889147, 0.913299, 0.898666
0.872303, 8.22465, 0.228469, 0.4, -0.00363077, 0.927643, 0.889142, 0.913294, 0.898661
0.872353, 8.22138, 0.228428, 0.4, -0.00362976, 0.927639, 0.889138, 0.91329, 0.898656
0.872403, 8.21812, 0.228387, 0.4, -0.00362875, 0.927636, 0.889133, 0.913285, 0.898652
0.872453, 8.21485, 0.228346, 0.4, -0.00362774, 0.927632, 0.889128, 0.91328, 0.898647
0.872503, 8.21159, 0.228305, 0.4, -0.00362672, 0.927628, 0.889123, 0.913276, 0.898642
0.872553, 8.20832, 0.228265, 0.4, -0.00362571, 0.927625, 0.889119, 0.913271, 0.898637
0.872603, 8.20506, 0.228224, 0.4, -0.0036247, 0.927621, 0.889114, 0.913267, 0.898632
0.872653, 8.2018, 0.228183, 0.4, -0.00362369, 0.927617, 0.889109, 0.913262, 0.898627
0.872703, 8.19854, 0.228143, 0.4, -0.00362268, 0.927613, 0.889105, 0.913258, 0.898623
0.872753, 8.19528, 0.228102, 0.4, -0.00362166, 0.92761, 0.8891, 0.913253, 0.898618
0.872803, 8.19202, 0.228061, 0.4, -0.00362065, 0.927606, 0.889095, 0.913249, 0.898613
0.872853, 8.18876, 0.228021, 0.4, -0.00361964, 0.927602, 0.889091, 0.913244, 0.898608
0.872903, 8.1855, 0.22798, 0.4, -0.00361863, 0.927599, 0.889086, 0.91324, 0.898604
0.872953, 8.18225, 0.227939, 0.4, -0.00361761, 0.927595, 0.889081, 0.913235, 0.898599
0.873003, 8.17899, 0.227899, 0.4, -0.0036166, 0.927591, 0.889077, 0.913231, 0.898594
0.873053, 8.17574, 0.227858, 0.4, -0.00361559, 0.927587, 0.889072, 0.913226, 0.898589
0.873103, 8.17248, 0.227818, 0.4, -0.00361457, 0.927584, 0.889067, 0.913222, 0.898584
0.873153, 8.16923, 0.227777, 0.4, -0.00361356, 0.92758, 0.889063, 0.913217, 0.89858
0.873203, 8.16598, 0.227737, 0.4, -0.00361254, 0.927576, 0.889058, 0.913213, 0.898575
0.873253, 8.16273, 0.227696, 0.4, -0.00361153, 0.927573, 0.889053, 0.913208, 0.89857
0.873303, 8.15948, 0.227656, 0.4, -0.00361051, 0.927569, 0.889049, 0.913204, 0.898565
0.873353, 8.15623, 0.227615, 0.4, -0.0036095, 0.927565, 0.889044, 0.913199, 0.89856
0.873403, 8.15298, 0.227575, 0.4, -0.00360848, 0.927561, 0.889039, 0.913195, 0.898556
0.873453, 8.14973, 0.227534, 0.4, -0.00360747, 0.927558, 0.889035, 0.91319, 0.898551
0.873503, 8.14649, 0.227494, 0.4, -0.00360645, 0.927554, 0.88903, 0.913186, 0.898546
0.873553, 8.14324, 0.227454, 0.4, -0.00360543, 0.92755, 0.889025, 0.913181, 0.898541
0.873603, 8.14, 0.227413, 0.4, -0.00360442, 0.927547, 0.889021, 0.913177, 0.898537
0.873653, 8.13675, 0.227373, 0.4, -0.0036034, 0.927543, 0.889016, 0.913172, 0.898532
0.873703, 8.13351, 0.227332, 0.4, -0.00360238, 0.927539, 0.889012, 0.913168, 0.898527
0.873753, 8.13027, 0.227292, 0.4, -0.00360137, 0.927536, 0.889007, 0.913163, 0.898522
0.873803, 8.12703, 0.227252, 0.4, -0.00360035, 0.927532, 0.889002, 0.913159, 0.898517
0.873853, 8.12379, 0.227212, 0.4, -0.00359933, 0.927528, 0.888997, 0.913154, 0.898513
0.873903, 8.12055, 0.227171, 0.4, -0.00359831, 0.927524, 0.888993, 0.91315, 0.898508
0.873953, 8.11731, 0.227131, 0.4, -0.0035973, 0.927521, 0.888988, 0.913145, 0.898503
0.874003, 8.11407, 0.227091, 0.4, -0.00359628, 0.927517, 0.888983, 0.913141, 0.898498
0.874053, 8.11084, 0.227051, 0.4, -0.00359526, 0.927513, 0.888979, 0.913136, 0.898494
0.874103, 8.1076, 0.22701, 0.4, -0.00359424, 0.92751, 0.888974, 0.913132, 0.898489
0.874153, 8.10437, 0.22697, 0.4, -0.00359322, 0.927506, 0.888969, 0.913127, 0.898484
0.874203, 8.10114, 0.22693, 0.4, -0.0035922, 0.927502, 0.888965, 0.913123, 0.898479
0.874253, 8.0979, 0.22689, 0.4, -0.00359118, 0.927498, 0.88896, 0.913118, 0.898474
0.874303, 8.09467, 0.22685, 0.4, -0.00359016, 0.927495, 0.888956, 0.913114, 0.89847
0.874353, 8.09144, 0.22681, 0.4, -0.00358914, 0.927491, 0.888951, 0.91311, 0.898465
0.874403, 8.08821, 0.226769, 0.4, -0.00358812, 0.927487, 0.888946, 0.913105, 0.89846
0.874453, 8.08498, 0.22673, 0.4, -0.0035871, 0.927484, 0.888942, 0.913101, 0.898455
0.874503, 8.08175, 0.226689, 0.4, -0.00358608, 0.92748, 0.888937, 0.913096, 0.898451
0.874553, 8.07853, 0.226649, 0.4, -0.00358506, 0.927476, 0.888932, 0.913092, 0.898446
0.874603, 8.0753, 0.226609, 0.4, -0.00358404, 0.927472, 0.888928, 0.913087, 0.898441
0.874653, 8.07208, 0.226569, 0.4, -0.00358302, 0.927469, 0.888923, 0.913083, 0.898436
0.874703, 8.06885, 0.22653, 0.4, -0.003582, 0.927465, 0.888918, 0.913078, 0.898432
0.874753, 8.06563, 0.226489, 0.4, -0.00358098, 0.927461, 0.888914, 0.913074, 0.898427
0.874803, 8.06241, 0.22645, 0.4, -0.00357995, 0.927458, 0.888909, 0.913069, 0.898422
0.874853, 8.05918, 0.22641, 0.4, -0.00357893, 0.927454, 0.888904, 0.913065, 0.898417
0.874903, 8.05596, 0.22637, 0.4, -0.00357791, 0.92745, 0.8889, 0.91306, 0.898413
0.874953, 8.05274, 0.22633, 0.4, -0.00357689, 0.927447, 0.888895, 0.913056, 0.898408
0.875003, 8.04952, 0.22629, 0.4, -0.00357586, 0.927443, 0.888891, 0.913051, 0.898403
0.875053, 8.04631, 0.22625, 0.4, -0.00357484, 0.927439, 0.888886, 0.913047, 0.898398
0.875103, 8.04309, 0.22621, 0.4, -0.00357382, 0.927436, 0.888881, 0.913043, 0.898394
0.875153, 8.03987, 0.226171, 0.4, -0.00357279, 0.927432, 0.888877, 0.913038, 0.898389
0.875203, 8.03666, 0.226131, 0.4, -0.00357177, 0.927428, 0.888872, 0.913034, 0.898384
0.875253, 8.03345, 0.226091, 0.4, -0.00357074, 0.927424, 0.888867, 0.913029, 0.898379
0.875303, 8.03023, 0.226051, 0.4, -0.00356972, 0.927421, 0.888863, 0.913025, 0.898375
0.875353, 8.02702, 0.226012, 0.4, -0.0035687, 0.927417, 0.888858, 0.91302, 0.89837
0.875403, 8.02381, 0.225972, 0.4, -0.00356767, 0.927413, 0.888853, 0.913016, 0.898365
0.875453, 8.0206, 0.225932, 0.4, -0.00356665, 0.92741, 0.888849, 0.913011, 0.89836
0.875503, 8.01739, 0.225892, 0.4, -0.00356562, 0.927406, 0.888844, 0.913007, 0.898356
0.875553, 8.01418, 0.225853, 0.4, -0.0035646, 0.927402, 0.888839, 0.913002, 0.898351
0.875603, 8.01097, 0.225813, 0.4, -0.00356357, 0.927398, 0.888835, 0.912998, 0.898346
0.875653, 8.00776, 0.225773, 0.4, -0.00356254, 0.927395, 0.88883, 0.912993, 0.898341
0.875703, 8.00456, 0.225734, 0.4, -0.00356152, 0.927391, 0.888826, 0.912989, 0.898337
0.875753, 8.00135, 0.225694, 0.4, -0.00356049, 0.927387, 0.888821, 0.912985, 0.898332
0.875803, 7.99815, 0.225654, 0.4, -0.00355946, 0.927384, 0.888816, 0.91298, 0.898327
0.875853, 7.99495, 0.225615, 0.4, -0.00355844, 0.92738, 0.888812, 0.912976, 0.898322
0.875903, 7.99174, 0.225575, 0.4, -0.00355741, 0.927376, 0.888807, 0.912971, 0.898318
0.875953, 7.98854, 0.225536, 0.4, -0.00355638, 0.927372, 0.888803, 0.912967, 0.898313
0.876003, 7.98534, 0.225497, 0.4, -0.00355536, 0.927369, 0.888798, 0.912962, 0.898308
0.876053, 7.98214, 0.225457, 0.4, -0.00355433, 0.927365, 0.888793, 0.912958, 0.898304
0.876103, 7.97895, 0.225417, 0.4, -0.0035533, 0.927361, 0.888789, 0.912953, 0.898299
0.876153, 7.97575, 0.225378, 0.4, -0.00355227, 0.927358, 0.888784, 0.912949, 0.898294
0.876203, 7.97255, 0.225339, 0.4, -0.00355124, 0.927354, 0.888779, 0.912944, 0.898289
0.876253, 7.96935, 0.225299, 0.4, -0.00355021, 0.92735, 0.888775, 0.91294, 0.898285
0.876303, 7.96616, 0.22526, 0.4, -0.00354918, 0.927346, 0.88877, 0.912936, 0.89828
0.876353, 7.96297, 0.22522, 0.4, -0.00354816, 0.927343, 0.888766, 0.912931, 0.898275
0.876403, 7.95977, 0.225181, 0.4, -0.00354713, 0.927339, 0.888761, 0.912927, 0.89827
0.876453, 7.95658, 0.225142, 0.4, -0.0035461, 0.927335, 0.888756, 0.912922, 0.898266
0.876503, 7.95339, 0.225102, 0.4, -0.00354507, 0.927332, 0.888752, 0.912918, 0.898261
0.876553, 7.9502, 0.225063, 0.4, -0.00354404, 0.927328, 0.888747, 0.912914, 0.898256
0.876603, 7.94701, 0.225024, 0.4, -0.00354301, 0.927324, 0.888743, 0.912909, 0.898252
0.876653, 7.94382, 0.224984, 0.4, -0.00354198, 0.927321, 0.888738, 0.912905, 0.898247
0.876703, 7.94064, 0.224945, 0.4, -0.00354095, 0.927317, 0.888733, 0.9129, 0.898242
0.876753, 7.93745, 0.224906, 0.4, -0.00353991, 0.927313, 0.888729, 0.912896, 0.898237
0.876803, 7.93426, 0.224867, 0.4, -0.00353888, 0.927309, 0.888724, 0.912891, 0.898233
0.876853, 7.93108, 0.224827, 0.4, -0.00353785, 0.927306, 0.888719, 0.912887, 0.898228
0.876903, 7.9279, 0.224788, 0.4, -0.00353682, 0.927302, 0.888715, 0.912883, 0.898223
0.876953, 7.92471, 0.224749, 0.4, -0.00353579, 0.927298, 0.88871, 0.912878, 0.898219
0.877003, 7.92153, 0.22471, 0.4, -0.00353476, 0.927295, 0.888706, 0.912874, 0.898214
0.877053, 7.91835, 0.224671, 0.4, -0.00353372, 0.927291, 0.888701, 0.912869, 0.898209
0.877103, 7.91517, 0.224632, 0.4, -0.00353269, 0.927287, 0.888696, 0.912865, 0.898204
0.877153, 7.91199, 0.224593, 0.4, -0.00353166, 0.927283, 0.888692, 0.91286, 0.8982
0.877203, 7.90882, 0.224553, 0.4, -0.00353063, 0.92728, 0.888687, 0.912856, 0.898195
0.877253, 7.90564, 0.224515, 0.4, -0.00352959, 0.927276, 0.888682, 0.912852, 0.89819
0.877303, 7.90246, 0.224475, 0.4, -0.00352856, 0.927272, 0.888678, 0.912847, 0.898186
0.877353, 7.89929, 0.224436, 0.4, -0.00352753, 0.927269, 0.888673, 0.912843, 0.898181
0.877403, 7.89611, 0.224397, 0.4, -0.00352649, 0.927265, 0.888669, 0.912838, 0.898176
0.877453, 7.89294, 0.224358, 0.4, -0.00352546, 0.927261, 0.888664, 0.912834, 0.898171
0.877503, 7.88977, 0.224319, 0.4, -0.00352442, 0.927257, 0.888659, 0.912829, 0.898167
0.877553, 7.88659, 0.22428, 0.4, -0.00352339, 0.927254, 0.888655, 0.912825, 0.898162
0.877603, 7.88342, 0.224241, 0.4, -0.00352235, 0.92725, 0.88865, 0.912821, 0.898157
0.877653, 7.88025, 0.224203, 0.4, -0.00352132, 0.927246, 0.888646, 0.912816, 0.898153
0.877703, 7.87709, 0.224164, 0.4, -0.00352028, 0.927243, 0.888641, 0.912812, 0.898148
0.877753, 7.87392, 0.224125, 0.4, -0.00351925, 0.927239, 0.888636, 0.912807, 0.898143
0.877803, 7.87075, 0.224086, 0.4, -0.00351821, 0.927235, 0.888632, 0.912803, 0.898139
0.877853, 7.86758, 0.224047, 0.4, -0.00351718, 0.927231, 0.888627, 0.912799, 0.898134
0.877903, 7.86442, 0.224008, 0.4, -0.00351614, 0.927228, 0.888623, 0.912794, 0.898129
0.877953, 7.86126, 0.22397, 0.4, -0.0035151, 0.927224, 0.888618, 0.91279, 0.898125
0.878003, 7.85809, 0.223931, 0.4, -0.00351407, 0.927221, 0.888614, 0.912785, 0.89812
0.878053, 7.85493, 0.223892, 0.4, -0.00351303, 0.927217, 0.888609, 0.912781, 0.898115
0.878103, 7.85177, 0.223853, 0.4, -0.00351199, 0.927213, 0.888604, 0.912777, 0.898111
0.878154, 7.84861, 0.223814, 0.4, -0.00351096, 0.927209, 0.8886, 0.912772, 0.898106
0.878204, 7.84545, 0.223776, 0.4, -0.00350992, 0.927206, 0.888595, 0.912768, 0.898101
0.878254, 7.84229, 0.223737, 0.4, -0.00350888, 0.927202, 0.888591, 0.912763, 0.898096
0.878304, 7.83913, 0.223698, 0.4, -0.00350784, 0.927198, 0.888586, 0.912759, 0.898092
0.878354, 7.83598, 0.22366, 0.4, -0.00350681, 0.927195, 0.888582, 0.912755, 0.898087
0.878404, 7.83282, 0.223621, 0.4, -0.00350577, 0.927191, 0.888577, 0.91275, 0.898082
0.878454, 7.82967, 0.223582, 0.4, -0.00350473, 0.927187, 0.888572, 0.912746, 0.898078
0.878504, 7.82651, 0.223544, 0.4, -0.00350369, 0.927183, 0.888568, 0.912741, 0.898073
0.878554, 7.82336, 0.223505, 0.4, -0.00350265, 0.92718, 0.888563, 0.912737, 0.898068
0.878604, 7.82021, 0.223467, 0.4, -0.00350161, 0.927176, 0.888559, 0.912733, 0.898064
0.878654, 7.81706, 0.223428, 0.4, -0.00350057, 0.927172, 0.888554, 0.912728, 0.898059
0.878704, 7.81391, 0.22339, 0.4, -0.00349953, 0.927169, 0.888549, 0.912724, 0.898054
0.878754, 7.81076, 0.223351, 0.4, -0.00349849, 0.927165, 0.888545, 0.91272, 0.89805
0.878804, 7.80761, 0.223313, 0.4, -0.00349745, 0.927161, 0.88854, 0.912715, 0.898045
0.878854, 7.80446, 0.223274, 0.4, -0.00349641, 0.927157, 0.888536, 0.912711, 0.89804
0.878904, 7.80132, 0.223236, 0.4, -0.00349537, 0.927154, 0.888531, 0.912706, 0.898036
0.878954, 7.79817, 0.223197, 0.4, -0.00349433, 0.92715, 0.888526, 0.912702, 0.898031
0.879004, 7.79503, 0.223159, 0.4, -0.00349329, 0.927146, 0.888522, 0.912698, 0.898026
0.879054, 7.79188, 0.22312, 0.4, -0.00349225, 0.927143, 0.888517, 0.912693, 0.898022
0.879104, 7.78874, 0.223082, 0.4, -0.00349121, 0.927139, 0.888513, 0.912689, 0.898017
0.879154, 7.7856, 0.223043, 0.4, -0.00349017, 0.927135, 0.888508, 0.912684, 0.898012
0.879204, 7.78246, 0.223005, 0.4, -0.00348912, 0.927131, 0.888504, 0.91268, 0.898008
0.879254, 7.77932, 0.222967, 0.4, -0.00348808, 0.927128, 0.888499, 0.912676, 0.898003
0.879304, 7.77618, 0.222929, 0.4, -0.00348704, 0.927124, 0.888494, 0.912671, 0.897998
0.879354, 7.77304, 0.22289, 0.4, -0.003486, 0.92712, 0.88849, 0.912667, 0.897994
0.879404, 7.7699, 0.222852, 0.4, -0.00348495, 0.927117, 0.888485, 0.912663, 0.897989
0.879454, 7.76677, 0.222814, 0.4, -0.00348391, 0.927113, 0.888481, 0.912658, 0.897984
0.879504, 7.76363, 0.222776, 0.4, -0.00348287, 0.927109, 0.888476, 0.912654, 0.89798
0.879554, 7.7605, 0.222737, 0.4, -0.00348182, 0.927105, 0.888472, 0.912649, 0.897975
0.879604, 7.75737, 0.222699, 0.4, -0.00348078, 0.927102, 0.888467, 0.912645, 0.89797
0.879654, 7.75423, 0.222661, 0.4, -0.00347974, 0.927098, 0.888462, 0.912641, 0.897966
0.879704, 7.7511, 0.222623, 0.4, -0.00347869, 0.927095, 0.888458, 0.912636, 0.897961
0.879754, 7.74797, 0.222584, 0.4, -0.00347765, 0.927091, 0.888453, 0.912632, 0.897956
0.879804, 7.74484, 0.222547, 0.4, -0.0034766, 0.927087, 0.888449, 0.912628, 0.897952
0.879854, 7.74171, 0.222508, 0.4, -0.00347556, 0.927083, 0.888444, 0.912623, 0.897947
0.879904, 7.73859, 0.22247, 0.4, -0.00347451, 0.92708, 0.88844, 0.912619, 0.897942
0.879954, 7.73546, 0.222432, 0.4, -0.00347347, 0.927076, 0.888435, 0.912615, 0.897938
0.880004, 7.73233, 0.222394, 0.4, -0.00347242, 0.927072, 0.888431, 0.91261, 0.897933
0.880054, 7.72921, 0.222356, 0.4, -0.00347138, 0.927069, 0.888426, 0.912606, 0.897929
0.880104, 7.72609, 0.222318, 0.4, -0.00347033, 0.927065, 0.888422, 0.912602, 0.897924
0.880154, 7.72296, 0.22228, 0.4, -0.00346929, 0.927061, 0.888417, 0.912597, 0.897919
0.880204, 7.71984, 0.222242, 0.4, -0.00346824, 0.927058, 0.888412, 0.912593, 0.897915
0.880254, 7.71672, 0.222204, 0.4, -0.00346719, 0.927054, 0.888408, 0.912589, 0.89791
0.880304, 7.7136, 0.222166, 0.4, -0.00346615, 0.92705, 0.888403, 0.912584, 0.897905
0.880354, 7.71048, 0.222128, 0.4, -0.0034651, 0.927046, 0.888399, 0.91258, 0.897901
0.880404, 7.70736, 0.22209, 0.4, -0.00346405, 0.927043, 0.888394, 0.912575, 0.897896
0.880454, 7.70425, 0.222052, 0.4, -0.003463, 0.927039, 0.88839, 0.912571, 0.897891
0.880504, 7.70113, 0.222014, 0.4, -0.00346196, 0.927035, 0.888385, 0.912567, 0.897887
0.880554, 7.69801, 0.221977, 0.4, -0.00346091, 0.927032, 0.888381, 0.912562, 0.897882
0.880604, 7.6949, 0.221939, 0.4, -0.00345986, 0.927028, 0.888376, 0.912558, 0.897877
0.880654, 7.69179, 0.221901, 0.4, -0.00345881, 0.927024, 0.888372, 0.912554, 0.897873
0.880704, 7.68867, 0.221863, 0.4, -0.00345776, 0.927021, 0.888367, 0.912549, 0.897868
0.880754, 7.68556, 0.221825, 0.4, -0.00345672, 0.927017, 0.888363, 0.912545, 0.897864
0.880804, 7.68245, 0.221788, 0.4, -0.00345567, 0.927013, 0.888358, 0.912541, 0.897859
0.880854, 7.67934, 0.22175, 0.4, -0.00345462, 0.927009, 0.888353, 0.912536, 0.897854
0.880904, 7.67623, 0.221712, 0.4, -0.00345357, 0.927006, 0.888349, 0.912532, 0.89785
0.880954, 7.67313, 0.221674, 0.4, -0.00345252, 0.927002, 0.888344, 0.912528, 0.897845
0.881004, 7.67002, 0.221637, 0.4, -0.00345147, 0.926998, 0.88834, 0.912524, 0.897841
0.881054, 7.66691, 0.221599, 0.4, -0.00345042, 0.926995, 0.888335, 0.912519, 0.897836
0.881104, 7.66381, 0.221561, 0.4, -0.00344937, 0.926991, 0.888331, 0.912515, 0.897831
0.881154, 7.6607, 0.221524, 0.4, -0.00344832, 0.926987, 0.888326, 0.912511, 0.897827
0.881204, 7.6576, 0.221486, 0.4, -0.00344727, 0.926984, 0.888322, 0.912506, 0.897822
0.881254, 7.6545, 0.221448, 0.4, -0.00344622, 0.92698, 0.888317, 0.912502, 0.897817
0.881304, 7.6514, 0.221411, 0.4, -0.00344516, 0.926976, 0.888313, 0.912498, 0.897813
0.881354, 7.6483, 0.221373, 0.4, -0.00344411, 0.926973, 0.888308, 0.912493, 0.897808
0.881404, 7.6452, 0.221336, 0.4, -0.00344306, 0.926969, 0.888304, 0.912489, 0.897804
0.881454, 7.6421, 0.221298, 0.4, -0.00344201, 0.926965, 0.888299, 0.912485, 0.897799
0.881504, 7.639, 0.221261, 0.4, -0.00344096, 0.926962, 0.888295, 0.91248, 0.897794
0.881554, 7.63591, 0.221223, 0.4, -0.00343991, 0.926958, 0.88829, 0.912476, 0.89779
0.881604, 7.63281, 0.221186, 0.4, -0.00343885, 0.926954, 0.888286, 0.912472, 0.897785
0.881654, 7.62972, 0.221148, 0.4, -0.0034378, 0.92695, 0.888281, 0.912467, 0.897781
0.881704, 7.62662, 0.221111, 0.4, -0.00343675, 0.926947, 0.888277, 0.912463, 0.897776
0.881754, 7.62353, 0.221074, 0.4, -0.00343569, 0.926943, 0.888272, 0.912459, 0.897771
0.881804, 7.62044, 0.221036, 0.4, -0.00343464, 0.926939, 0.888268, 0.912454, 0.897767
0.881854, 7.61735, 0.220999, 0.4, -0.00343359, 0.926936, 0.888263, 0.91245, 0.897762
0.881904, 7.61426, 0.220961, 0.4, -0.00343253, 0.926932, 0.888258, 0.912446, 0.897758
0.881954, 7.61117, 0.220924, 0.4, -0.00343148, 0.926928, 0.888254, 0.912441, 0.897753
0.882004, 7.60808, 0.220887, 0.4, -0.00343043, 0.926925, 0.888249, 0.912437, 0.897748
0.882054, 7.605, 0.220849, 0.4, -0.00342937, 0.926921, 0.888245, 0.912433, 0.897744
0.882104, 7.60191, 0.220812, 0.4, -0.00342832, 0.926917, 0.88824, 0.912428, 0.897739
0.882154, 7.59882, 0.220775, 0.4, -0.00342726, 0.926914, 0.888236, 0.912424, 0.897735
0.882204, 7.59574, 0.220737, 0.4, -0.00342621, 0.92691, 0.888231, 0.91242, 0.89773
0.882254, 7.59266, 0.2207, 0.4, -0.00342515, 0.926906, 0.888227, 0.912416, 0.897725
0.882304, 7.58957, 0.220663, 0.4, -0.0034241, 0.926902, 0.888222, 0.912411, 0.897721
0.882354, 7.58649, 0.220626, 0.4, -0.00342304, 0.926899, 0.888218, 0.912407, 0.897716
0.882404, 7.58341, 0.220589, 0.4, -0.00342198, 0.926895, 0.888213, 0.912403, 0.897712
0.882454, 7.58033, 0.220551, 0.4, -0.00342093, 0.926891, 0.888209, 0.912398, 0.897707
0.882504, 7.57726, 0.220514, 0.4, -0.00341987, 0.926888, 0.888204, 0.912394, 0.897702
0.882554, 7.57418, 0.220477, 0.4, -0.00341882, 0.926884, 0.8882, 0.91239, 0.897698
0.882604, 7.5711, 0.22044, 0.4, -0.00341776, 0.92688, 0.888195, 0.912386, 0.897693
0.882654, 7.56803, 0.220403, 0.4, -0.0034167, 0.926877, 0.888191, 0.912381, 0.897689
0.882704, 7.56495, 0.220366, 0.4, -0.00341565, 0.926873, 0.888186, 0.912377, 0.897684
0.882754, 7.56188, 0.220329, 0.4, -0.00341459, 0.926869, 0.888182, 0.912373, 0.89768
0.882804, 7.55881, 0.220292, 0.4, -0.00341353, 0.926866, 0.888177, 0.912368, 0.897675
0.882854, 7.55573, 0.220255, 0.4, -0.00341247, 0.926862, 0.888173, 0.912364, 0.897671
0.882904, 7.55266, 0.220218, 0.4, -0.00341141, 0.926858, 0.888168, 0.91236, 0.897666
0.882954, 7.54959, 0.220181, 0.4, -0.00341036, 0.926855, 0.888164, 0.912356, 0.897661
0.883004, 7.54653, 0.220144, 0.4, -0.0034093, 0.926851, 0.888159, 0.912351, 0.897657
0.883054, 7.54346, 0.220107, 0.4, -0.00340824, 0.926847, 0.888155, 0.912347, 0.897652
0.883104, 7.54039, 0.22007, 0.4, -0.00340718, 0.926844, 0.88815, 0.912343, 0.897648
0.883154, 7.53732, 0.220033, 0.4, -0.00340612, 0.92684, 0.888146, 0.912338, 0.897643
0.883204, 7.53426, 0.219996, 0.4, -0.00340506, 0.926836, 0.888141, 0.912334, 0.897638
0.883254, 7.53119, 0.219959, 0.4, -0.003404, 0.926832, 0.888137, 0.91233, 0.897634
0.883304, 7.52813, 0.219922, 0.4, -0.00340294, 0.926829, 0.888133, 0.912326, 0.897629
0.883354, 7.52507, 0.219885, 0.4, -0.00340188, 0.926825, 0.888128, 0.912321, 0.897625
0.883404, 7.52201, 0.219849, 0.4, -0.00340082, 0.926821, 0.888124, 0.912317, 0.89762
0.883454, 7.51895, 0.219812, 0.4, -0.00339976, 0.926818, 0.888119, 0.912313, 0.897616
0.883504, 7.51589, 0.219775, 0.4, -0.0033987, 0.926814, 0.888115, 0.912309, 0.897611
0.883554, 7.51283, 0.219738, 0.4, -0.00339764, 0.92681, 0.88811, 0.912304, 0.897606
0.883604, 7.50977, 0.219702, 0.4, -0.00339658, 0.926807, 0.888106, 0.9123, 0.897602
0.883654, 7.50672, 0.219665, 0.4, -0.00339552, 0.926803, 0.888101, 0.912296, 0.897597
0.883704, 7.50366, 0.219628, 0.4, -0.00339446, 0.926799, 0.888097, 0.912291, 0.897593
0.883754, 7.50061, 0.219591, 0.4, -0.0033934, 0.926796, 0.888092, 0.912287, 0.897588
0.883804, 7.49755, 0.219555, 0.4, -0.00339233, 0.926792, 0.888088, 0.912283, 0.897584
0.883854, 7.4945, 0.219518, 0.4, -0.00339127, 0.926788, 0.888083, 0.912279, 0.897579
0.883904, 7.49145, 0.219481, 0.4, -0.00339021, 0.926785, 0.888079, 0.912274, 0.897575
0.883954, 7.4884, 0.219445, 0.4, -0.00338915, 0.926781, 0.888074, 0.91227, 0.89757
0.884004, 7.48535, 0.219408, 0.4, -0.00338808, 0.926777, 0.88807, 0.912266, 0.897565
0.884054, 7.4823, 0.219372, 0.4, -0.00338702, 0.926773, 0.888065, 0.912262, 0.897561
0.884104, 7.47925, 0.219335, 0.4, -0.00338596, 0.92677, 0.888061, 0.912257, 0.897556
0.884154, 7.4762, 0.219298, 0.4, -0.00338489, 0.926766, 0.888056, 0.912253, 0.897552
0.884205, 7.47316, 0.219262, 0.4, -0.00338383, 0.926762, 0.888052, 0.912249, 0.897547
0.884255, 7.47011, 0.219226, 0.4, -0.00338277, 0.926759, 0.888047, 0.912245, 0.897543
0.884305, 7.46707, 0.219189, 0.4, -0.0033817, 0.926755, 0.888043, 0.91224, 0.897538
0.884355, 7.46403, 0.219153, 0.4, -0.00338064, 0.926751, 0.888039, 0.912236, 0.897534
0.884405, 7.46098, 0.219116, 0.4, -0.00337957, 0.926748, 0.888034, 0.912232, 0.897529
0.884455, 7.45794, 0.21908, 0.4, -0.00337851, 0.926744, 0.88803, 0.912228, 0.897525
0.884505, 7.4549, 0.219043, 0.4, -0.00337745, 0.92674, 0.888025, 0.912223, 0.89752
0.884555, 7.45186, 0.219007, 0.4, -0.00337638, 0.926737, 0.888021, 0.912219, 0.897516
0.884605, 7.44883, 0.21897, 0.4, -0.00337532, 0.926733, 0.888016, 0.912215, 0.897511
0.884655, 7.44579, 0.218934, 0.4, -0.00337425, 0.926729, 0.888012, 0.912211, 0.897506
0.884705, 7.44275, 0.218898, 0.4, -0.00337318, 0.926726, 0.888007, 0.912206, 0.897502
0.884755, 7.43972, 0.218861, 0.4, -0.00337212, 0.926722, 0.888003, 0.912202, 0.897497
0.884805, 7.43668, 0.218825, 0.4, -0.00337105, 0.926718, 0.887998, 0.912198, 0.897493
0.884855, 7.43365, 0.218789, 0.4, -0.00336999, 0.926715, 0.887994, 0.912194, 0.897488
0.884905, 7.43062, 0.218752, 0.4, -0.00336892, 0.926711, 0.887989, 0.912189, 0.897484
0.884955, 7.42758, 0.218716, 0.4, -0.00336785, 0.926707, 0.887985, 0.912185, 0.897479
0.885005, 7.42455, 0.21868, 0.4, -0.00336679, 0.926704, 0.88798, 0.912181, 0.897475
0.885055, 7.42152, 0.218644, 0.4, -0.00336572, 0.9267, 0.887976, 0.912177, 0.89747
0.885105, 7.4185, 0.218607, 0.4, -0.00336465, 0.926696, 0.887972, 0.912172, 0.897466
0.885155, 7.41547, 0.218571, 0.4, -0.00336358, 0.926692, 0.887967, 0.912168, 0.897461
0.885205, 7.41244, 0.218535, 0.4, -0.00336252, 0.926689, 0.887963, 0.912164, 0.897457
0.885255, 7.40942, 0.218499, 0.4, -0.00336145, 0.926685, 0.887958, 0.91216, 0.897452
0.885305, 7.40639, 0.218463, 0.4, -0.00336038, 0.926681, 0.887954, 0.912156, 0.897447
0.885355, 7.40337, 0.218427, 0.4, -0.00335931, 0.926678, 0.887949, 0.912151, 0.897443
0.885405, 7.40034, 0.218391, 0.4, -0.00335824, 0.926674, 0.887945, 0.912147, 0.897438
0.885455, 7.39732, 0.218354, 0.4, -0.00335717, 0.92667, 0.88794, 0.912143, 0.897434
0.885505, 7.3943, 0.218319, 0.4, -0.00335611, 0.926667, 0.887936, 0.912139, 0.897429
0.885555, 7.39128, 0.218282, 0.4, -0.00335504, 0.926663, 0.887932, 0.912134, 0.897425
0.885605, 7.38826, 0.218246, 0.4, -0.00335397, 0.926659, 0.887927, 0.91213, 0.89742
0.885655, 7.38524, 0.21821, 0.4, -0.0033529, 0.926656, 0.887923, 0.912126, 0.897416
0.885705, 7.38223, 0.218174, 0.4, -0.00335183, 0.926652, 0.887918, 0.912122, 0.897411
0.885755, 7.37921, 0.218139, 0.4, -0.00335076, 0.926648, 0.887914, 0.912118, 0.897407
0.885805, 7.3762, 0.218103, 0.4, -0.00334969, 0.926645, 0.887909, 0.912113, 0.897402
0.885855, 7.37318, 0.218067, 0.4, -0.00334862, 0.926641, 0.887905, 0.912109, 0.897398
0.885905, 7.37017, 0.218031, 0.4, -0.00334755, 0.926637, 0.8879, 0.912105, 0.897393
0.885955, 7.36716, 0.217995, 0.4, -0.00334648, 0.926634, 0.887896, 0.912101, 0.897389
0.886005, 7.36414, 0.217959, 0.4, -0.0033454, 0.92663, 0.887892, 0.912097, 0.897384
0.886055, 7.36113, 0.217923, 0.4, -0.00334433, 0.926626, 0.887887, 0.912092, 0.89738
0.886105, 7.35812, 0.217887, 0.4, -0.00334326, 0.926623, 0.887883, 0.912088, 0.897375
0.886155, 7.35512, 0.217852, 0.4, -0.00334219, 0.926619, 0.887878, 0.912084, 0.897371
0.886205, 7.35211, 0.217816, 0.4, -0.00334112, 0.926615, 0.887874, 0.91208, 0.897366
0.886255, 7.3491, 0.21778, 0.4, -0.00334005, 0.926611, 0.887869, 0.912075, 0.897362
0.886305, 7.3461, 0.217744, 0.4, -0.00333897, 0.926608, 0.887865, 0.912071, 0.897357
0.886355, 7.34309, 0.217708, 0.4, -0.0033379, 0.926604, 0.887861, 0.912067, 0.897353
0.886405, 7.34009, 0.217672, 0.4, -0.00333683, 0.9266, 0.887856, 0.912063, 0.897348
0.886455, 7.33709, 0.217637, 0.4, -0.00333576, 0.926597, 0.887852, 0.912059, 0.897344
0.886505, 7.33408, 0.217601, 0.4, -0.00333468, 0.926593, 0.887847, 0.912054, 0.897339
0.886555, 7.33108, 0.217565, 0.4, -0.00333361, 0.926589, 0.887843, 0.91205, 0.897335
0.886605, 7.32808, 0.21753, 0.4, -0.00333254, 0.926586, 0.887838, 0.912046, 0.89733
0.886655, 7.32509, 0.217494, 0.4, -0.00333146, 0.926582, 0.887834, 0.912042, 0.897326
0.886705, 7.32209, 0.217459, 0.4, -0.00333039, 0.926578, 0.88783, 0.912038, 0.897321
0.886755, 7.31909, 0.217423, 0.4, -0.00332931, 0.926575, 0.887825, 0.912033, 0.897317
0.886805, 7.31609, 0.217387, 0.4, -0.00332824, 0.926571, 0.887821, 0.912029, 0.897312
0.886855, 7.3131, 0.217352, 0.4, -0.00332716, 0.926567, 0.887816, 0.912025, 0.897308
0.886905, 7.31011, 0.217316, 0.4, -0.00332609, 0.926564, 0.887812, 0.912021, 0.897303
0.886955, 7.30711, 0.217281, 0.4, -0.00332501, 0.92656, 0.887807, 0.912017, 0.897299
0.887005, 7.30412, 0.217245, 0.4, -0.00332394, 0.926556, 0.887803, 0.912013, 0.897294
0.887055, 7.30113, 0.21721, 0.4, -0.00332286, 0.926553, 0.887799, 0.912008, 0.89729
0.887105, 7.29814, 0.217174, 0.4, -0.00332179, 0.926549, 0.887794, 0.912004, 0.897285
0.887155, 7.29515, 0.217139, 0.4, -0.00332071, 0.926545, 0.88779, 0.912, 0.897281
0.887205, 7.29216, 0.217103, 0.4, -0.00331964, 0.926542, 0.887785, 0.911996, 0.897277
0.887255, 7.28917, 0.217068, 0.4, -0.00331856, 0.926538, 0.887781, 0.911992, 0.897272
0.887305, 7.28619, 0.217033, 0.4, -0.00331748, 0.926534, 0.887777, 0.911987, 0.897268
0.887355, 7.2832, 0.216997, 0.4, -0.00331641, 0.926531, 0.887772, 0.911983, 0.897263
0.887405, 7.28022, 0.216962, 0.4, -0.00331533, 0.926527, 0.887768, 0.911979, 0.897259
0.887455, 7.27724, 0.216927, 0.4, -0.00331425, 0.926523, 0.887763, 0.911975, 0.897254
0.887505, 7.27425, 0.216891, 0.4, -0.00331318, 0.92652, 0.887759, 0.911971, 0.89725
0.887555, 7.27127, 0.216856, 0.4, -0.0033121, 0.926516, 0.887755, 0.911967, 0.897245
0.887605, 7.26829, 0.21682, 0.4, -0.00331102, 0.926512, 0.88775, 0.911962, 0.897241
0.887655, 7.26531, 0.216785, 0.4, -0.00330994, 0.926509, 0.887746, 0.911958, 0.897236
0.887705, 7.26233, 0.21675, 0.4, -0.00330887, 0.926505, 0.887741, 0.911954, 0.897232
0.887755, 7.25936, 0.216715, 0.4, -0.00330779, 0.926501, 0.887737, 0.91195, 0.897227
0.887805, 7.25638, 0.216679, 0.4, -0.00330671, 0.926498, 0.887733, 0.911946, 0.897223
0.887855, 7.2534, 0.216644, 0.4, -0.00330563, 0.926494, 0.887728, 0.911942, 0.897219
0.887905, 7.25043, 0.216609, 0.4, -0.00330455, 0.92649, 0.887724, 0.911937, 0.897214
0.887955, 7.24746, 0.216574, 0.4, -0.00330347, 0.926487, 0.887719, 0.911933, 0.89721
0.888005, 7.24448, 0.216539, 0.4, -0.00330239, 0.926483, 0.887715, 0.911929, 0.897205
0.888055, 7.24151, 0.216504, 0.4, -0.00330131, 0.926479, 0.887711, 0.911925, 0.897201
0.888105, 7.23854, 0.216469, 0.4, -0.00330023, 0.926476, 0.887706, 0.911921, 0.897196
0.888155, 7.23557, 0.216434, 0.4, -0.00329915, 0.926472, 0.887702, 0.911917, 0.897192
0.888205, 7.2326, 0.216399, 0.4, -0.00329807, 0.926468, 0.887697, 0.911913, 0.897187
0.888255, 7.22963, 0.216364, 0.4, -0.00329699, 0.926465, 0.887693, 0.911908, 0.897183
0.888305, 7.22667, 0.216328, 0.4, -0.00329591, 0.926461, 0.887689, 0.911904, 0.897178
0.888355, 7.2237, 0.216294, 0.4, -0.00329483, 0.926457, 0.887684, 0.9119, 0.897174
0.888405, 7.22074, 0.216258, 0.4, -0.00329375, 0.926454, 0.88768, 0.911896, 0.89717
0.888455, 7.21777, 0.216223, 0.4, -0.00329267, 0.92645, 0.887676, 0.911892, 0.897165
0.888505, 7.21481, 0.216189, 0.4, -0.00329159, 0.926446, 0.887671, 0.911888, 0.897161
0.888555, 7.21185, 0.216154, 0.4, -0.00329051, 0.926443, 0.887667, 0.911883, 0.897156
0.888605, 7.20889, 0.216119, 0.4, -0.00328943, 0.926439, 0.887662, 0.911879, 0.897152
0.888655, 7.20593, 0.216084, 0.4, -0.00328834, 0.926435, 0.887658, 0.911875, 0.897147
0.888705, 7.20297, 0.216049, 0.4, -0.00328726, 0.926432, 0.887654, 0.911871, 0.897143
0.888755, 7.20001, 0.216014, 0.4, -0.00328618, 0.926428, 0.887649, 0.911867, 0.897139
0.888805, 7.19705, 0.215979, 0.4, -0.0032851, 0.926425, 0.887645, 0.911863, 0.897134
0.888855, 7.1941, 0.215944, 0.4, -0.00328401, 0.926421, 0.887641, 0.911859, 0.89713
0.888905, 7.19114, 0.21591, 0.4, -0.00328293, 0.926417, 0.887636, 0.911855, 0.897125
0.888955, 7.18819, 0.215875, 0.4, -0.00328185, 0.926414, 0.887632, 0.91185, 0.897121
0.889005, 7.18523, 0.21584, 0.4, -0.00328077, 0.92641, 0.887627, 0.911846, 0.897116
0.889055, 7.18228, 0.215805, 0.4, -0.00327968, 0.926406, 0.887623, 0.911842, 0.897112
0.889105, 7.17933, 0.215771, 0.4, -0.0032786, 0.926403, 0.887619, 0.911838, 0.897108
0.889155, 7.17638, 0.215736, 0.4, -0.00327751, 0.926399, 0.887614, 0.911834, 0.897103
0.889205, 7.17343, 0.215701, 0.4, -0.00327643, 0.926395, 0.88761, 0.91183, 0.897099
0.889255, 7.17048, 0.215666, 0.4, -0.00327535, 0.926392, 0.887606, 0.911826, 0.897094
0.889305, 7.16754, 0.215632, 0.4, -0.00327426, 0.926388, 0.887601, 0.911821, 0.89709
0.889355, 7.16459, 0.215597, 0.4, -0.00327318, 0.926384, 0.887597, 0.911817, 0.897085
0.889405, 7.16164, 0.215563, 0.4, -0.00327209, 0.926381, 0.887592, 0.911813, 0.897081
0.889455, 7.1587, 0.215528, 0.4, -0.00327101, 0.926377, 0.887588, 0.911809, 0.897076
0.889505, 7.15576, 0.215493, 0.4, -0.00326992, 0.926373, 0.887584, 0.911805, 0.897072
0.889555, 7.15281, 0.215459, 0.4, -0.00326884, 0.92637, 0.88758, 0.911801, 0.897068
0.889605, 7.14987, 0.215424, 0.4, -0.00326775, 0.926366, 0.887575, 0.911797, 0.897063
0.889655, 7.14693, 0.21539, 0.4, -0.00326666, 0.926362, 0.887571, 0.911793, 0.897059
0.889705, 7.14399, 0.215355, 0.4, -0.00326558, 0.926359, 0.887566, 0.911788, 0.897054
0.889755, 7.14105, 0.215321, 0.4, -0.00326449, 0.926355, 0.887562, 0.911784, 0.89705
0.889805, 7.13812, 0.215286, 0.4, -0.00326341, 0.926351, 0.887558, 0.91178, 0.897046
0.889855, 7.13518, 0.215252, 0.4, -0.00326232, 0.926348, 0.887553, 0.911776, 0.897041
0.889905, 7.13224, 0.215217, 0.4, -0.00326123, 0.926344, 0.887549, 0.911772, 0.897037
0.889955, 7.12931, 0.215183, 0.4, -0.00326014, 0.92634, 0.887545, 0.911768, 0.897032
0.890005, 7.12638, 0.215149, 0.4, -0.00325906, 0.926337, 0.88754, 0.911764, 0.897028
0.890055, 7.12344, 0.215114, 0.4, -0.00325797, 0.926333, 0.887536, 0.91176, 0.897024
0.890105, 7.12051, 0.21508, 0.4, -0.00325688, 0.926329, 0.887532, 0.911756, 0.897019
0.890155, 7.11758, 0.215045, 0.4, -0.00325579, 0.926326, 0.887527, 0.911752, 0.897015
0.890206, 7.11465, 0.215011, 0.4, -0.00325471, 0.926322, 0.887523, 0.911747, 0.897011
0.890256, 7.11172, 0.214977, 0.4, -0.00325362, 0.926319, 0.887519, 0.911743, 0.897006
0.890306, 7.10879, 0.214942, 0.4, -0.00325253, 0.926315, 0.887514, 0.911739, 0.897002
0.890356, 7.10587, 0.214908, 0.4, -0.00325144, 0.926311, 0.88751, 0.911735, 0.896997
0.890406, 7.10294, 0.214874, 0.4, -0.00325035, 0.926308, 0.887506, 0.911731, 0.896993
0.890456, 7.10002, 0.21484, 0.4, -0.00324926, 0.926304, 0.887501, 0.911727, 0.896989
0.890506, 7.09709, 0.214805, 0.4, -0.00324817, 0.9263, 0.887497, 0.911723, 0.896984
0.890556, 7.09417, 0.214771, 0.4, -0.00324708, 0.926297, 0.887493, 0.911719, 0.89698
0.890606, 7.09125, 0.214737, 0.4, -0.00324599, 0.926293, 0.887488, 0.911715, 0.896975
0.890656, 7.08833, 0.214703, 0.4, -0.00324491, 0.926289, 0.887484, 0.911711, 0.896971
0.890706, 7.08541, 0.214669, 0.4, -0.00324381, 0.926286, 0.88748, 0.911706, 0.896967
0.890756, 7.08249, 0.214634, 0.4, -0.00324272, 0.926282, 0.887475, 0.911702, 0.896962
0.890806, 7.07957, 0.2146, 0.4, -0.00324163, 0.926278, 0.887471, 0.911698, 0.896958
0.890856, 7.07665, 0.214566, 0.4, -0.00324054, 0.926275, 0.887467, 0.911694, 0.896953
0.890906, 7.07374, 0.214532, 0.4, -0.00323945, 0.926271, 0.887462, 0.91169, 0.896949
0.890956, 7.07082, 0.214498, 0.4, -0.00323836, 0.926267, 0.887458, 0.911686, 0.896945
0.891006, 7.06791, 0.214464, 0.4, -0.00323727, 0.926264, 0.887454, 0.911682, 0.89694
0.891056, 7.065, 0.21443, 0.4, -0.00323618, 0.92626, 0.887449, 0.911678, 0.896936
0.891106, 7.06208, 0.214396, 0.4, -0.00323509, 0.926257, 0.887445, 0.911674, 0.896932
0.891156, 7.05917, 0.214362, 0.4, -0.003234, 0.926253, 0.887441, 0.91167, 0.896927
0.891206, 7.05626, 0.214328, 0.4, -0.0032329, 0.926249, 0.887436, 0.911666, 0.896923
0.891256, 7.05335, 0.214294, 0.4, -0.00323181, 0.926246, 0.887432, 0.911662, 0.896918
0.891306, 7.05044, 0.21426, 0.4, -0.00323072, 0.926242, 0.887428, 0.911657, 0.896914
0.891356, 7.04754, 0.214226, 0.4, -0.00322963, 0.926238, 0.887423, 0.911653, 0.89691
0.891406, 7.04463, 0.214192, 0.4, -0.00322853, 0.926235, 0.887419, 0.911649, 0.896905
0.891456, 7.04173, 0.214159, 0.4, -0.00322744, 0.926231, 0.887415, 0.911645, 0.896901
0.891506, 7.03882, 0.214125, 0.4, -0.00322635, 0.926227, 0.88741, 0.911641, 0.896897
0.891556, 7.03592, 0.214091, 0.4, -0.00322525, 0.926224, 0.887406, 0.911637, 0.896892
0.891606, 7.03302, 0.214057, 0.4, -0.00322416, 0.92622, 0.887402, 0.911633, 0.896888
0.891656, 7.03012, 0.214023, 0.4, -0.00322307, 0.926216, 0.887397, 0.911629, 0.896883
0.891706, 7.02722, 0.21399, 0.4, -0.00322197, 0.926213, 0.887393, 0.911625, 0.896879
0.891756, 7.02432, 0.213956, 0.4, -0.00322088, 0.926209, 0.887389, 0.911621, 0.896875
0.891806, 7.02142, 0.213922, 0.4, -0.00321978, 0.926206, 0.887385, 0.911617, 0.89687
0.891856, 7.01852, 0.213888, 0.4, -0.00321869, 0.926202, 0.88738, 0.911613, 0.896866
0.891906, 7.01562, 0.213855, 0.4, -0.00321759, 0.926198, 0.887376, 0.911609, 0.896862
0.891956, 7.01273, 0.213821, 0.4, -0.0032165, 0.926195, 0.887372, 0.911605, 0.896857
0.892006, 7.00983, 0.213787, 0.4, -0.0032154, 0.926191, 0.887367, 0.911601, 0.896853
0.892056, 7.00694, 0.213754, 0.4, -0.00321431, 0.926187, 0.887363, 0.911597, 0.896849
0.892106, 7.00405, 0.21372, 0.4, -0.00321321, 0.926184, 0.887359, 0.911592, 0.896844
0.892156, 7.00116, 0.213686, 0.4, -0.00321212, 0.92618, 0.887354, 0.911588, 0.89684
0.892206, 6.99827, 0.213653, 0.4, -0.00321102, 0.926176, 0.88735, 0.911584, 0.896836
0.892256, 6.99538, 0.213619, 0.4, -0.00320993, 0.926173, 0.887346, 0.91158, 0.896831
0.892306, 6.99249, 0.213586, 0.4, -0.00320883, 0.926169, 0.887341, 0.911576, 0.896827
0.892356, 6.9896, 0.213552, 0.4, -0.00320773, 0.926165, 0.887337, 0.911572, 0.896823
0.892406, 6.98672, 0.213518, 0.4, -0.00320664, 0.926162, 0.887333, 0.911568, 0.896818
0.892456, 6.98383, 0.213485, 0.4, -0.00320554, 0.926158, 0.887329, 0.911564, 0.896814
0.892506, 6.98095, 0.213451, 0.4, -0.00320444, 0.926154, 0.887324, 0.91156, 0.896809
0.892556, 6.97806, 0.213418, 0.4, -0.00320335, 0.926151, 0.88732, 0.911556, 0.896805
0.892606, 6.97518, 0.213384, 0.4, -0.00320225, 0.926147, 0.887316, 0.911552, 0.896801
0.892656, 6.9723, 0.213351, 0.4, -0.00320115, 0.926144, 0.887311, 0.911548, 0.896797
0.892706, 6.96942, 0.213318, 0.4, -0.00320005, 0.92614, 0.887307, 0.911544, 0.896792
0.892756, 6.96654, 0.213284, 0.4, -0.00319895, 0.926136, 0.887303, 0.91154, 0.896788
0.892806, 6.96366, 0.213251, 0.4, -0.00319786, 0.926133, 0.887299, 0.911536, 0.896783
0.892856, 6.96078, 0.213217, 0.4, -0.00319676, 0.926129, 0.887294, 0.911532, 0.896779
0.892906, 6.9579, 0.213184, 0.4, -0.00319566, 0.926125, 0.88729, 0.911528, 0.896775
0.892956, 6.95503, 0.213151, 0.4, -0.00319456, 0.926122, 0.887286, 0.911524, 0.89677
0.893006, 6.95215, 0.213117, 0.4, -0.00319346, 0.926118, 0.887281, 0.91152, 0.896766
0.893056, 6.94928, 0.213084, 0.4, -0.00319236, 0.926114, 0.887277, 0.911516, 0.896762
0.893106, 6.94641, 0.213051, 0.4, -0.00319126, 0.926111, 0.887273, 0.911512, 0.896757
0.893156, 6.94354, 0.213018, 0.4, -0.00319016, 0.926107, 0.887268, 0.911508, 0.896753
0.893206, 6.94067, 0.212985, 0.4, -0.00318906, 0.926103, 0.887264, 0.911504, 0.896749
0.893256, 6.9378, 0.212951, 0.4, -0.00318796, 0.9261, 0.88726, 0.9115, 0.896744
0.893306, 6.93493, 0.212918, 0.4, -0.00318686, 0.926096, 0.887256, 0.911496, 0.89674
0.893356, 6.93206, 0.212885, 0.4, -0.00318576, 0.926093, 0.887251, 0.911491, 0.896736
0.893406, 6.92919, 0.212852, 0.4, -0.00318466, 0.926089, 0.887247, 0.911487, 0.896732
0.893456, 6.92633, 0.212819, 0.4, -0.00318356, 0.926085, 0.887243, 0.911483, 0.896727
0.893506, 6.92346, 0.212786, 0.4, -0.00318246, 0.926082, 0.887239, 0.911479, 0.896723
0.893556, 6.9206, 0.212752, 0.4, -0.00318136, 0.926078, 0.887234, 0.911475, 0.896719
0.893606, 6.91774, 0.212719, 0.4, -0.00318026, 0.926075, 0.88723, 0.911471, 0.896714
0.893656, 6.91487, 0.212686, 0.4, -0.00317916, 0.926071, 0.887226, 0.911467, 0.89671
0.893706, 6.91201, 0.212653, 0.4, -0.00317806, 0.926067, 0.887222, 0.911463, 0.896706
0.893756, 6.90915, 0.21262, 0.4, -0.00317695, 0.926064, 0.887217, 0.911459, 0.896701
0.893806, 6.90629, 0.212587, 0.4, -0.00317585, 0.92606, 0.887213, 0.911455, 0.896697
0.893856, 6.90344, 0.212554, 0.4, -0.00317475, 0.926056, 0.887209, 0.911451, 0.896693
0.893906, 6.90058, 0.212521, 0.4, -0.00317365, 0.926053, 0.887204, 0.911447, 0.896688
0.893956, 6.89772, 0.212488, 0.4, -0.00317254, 0.926049, 0.8872, 0.911443, 0.896684
0.894006, 6.89487, 0.212455, 0.4, -0.00317144, 0.926045, 0.887196, 0.911439, 0.89668
0.894056, 6.89202, 0.212422, 0.4, -0.00317034, 0.926042, 0.887192, 0.911435, 0.896676
0.894106, 6.88916, 0.212389, 0.4, -0.00316924, 0.926038, 0.887187, 0.911431, 0.896671
0.894156, 6.88631, 0.212357, 0.4, -0.00316813, 0.926035, 0.887183, 0.911427, 0.896667
0.894206, 6.88346, 0.212324, 0.4, -0.00316703, 0.926031, 0.887179, 0.911423, 0.896663
0.894256, 6.88061, 0.212291, 0.4, -0.00316593, 0.926027, 0.887175, 0.911419, 0.896658
0.894306, 6.87776, 0.212258, 0.4, -0.00316482, 0.926024, 0.88717, 0.911415, 0.896654
0.894356, 6.87491, 0.212225, 0.4, -0.00316372, 0.92602, 0.887166, 0.911411, 0.89665
0.894406, 6.87207, 0.212192, 0.4, -0.00316261, 0.926016, 0.887162, 0.911407, 0.896645
0.894456, 6.86922, 0.21216, 0.4, -0.00316151, 0.926013, 0.887158, 0.911403, 0.896641
0.894506, 6.86638, 0.212127, 0.4, -0.0031604, 0.926009, 0.887153, 0.911399, 0.896637
0.894556, 6.86353, 0.212094, 0.4, -0.0031593, 0.926005, 0.887149, 0.911395, 0.896633
0.894606, 6.86069, 0.212062, 0.4, -0.00315819, 0.926002, 0.887145, 0.911391, 0.896628
0.894656, 6.85785, 0.212029, 0.4, -0.00315709, 0.925998, 0.887141, 0.911387, 0.896624
0.894706, 6.85501, 0.211996, 0.4, -0.00315598, 0.925995, 0.887136, 0.911383, 0.89662
0.894756, 6.85217, 0.211963, 0.4, -0.00315488, 0.925991, 0.887132, 0.911379, 0.896615
0.894806, 6.84933, 0.211931, 0.4, -0.00315377, 0.925987, 0.887128, 0.911375, 0.896611
0.894856, 6.84649, 0.211898, 0.4, -0.00315267, 0.925984, 0.887124, 0.911371, 0.896607
0.894906, 6.84365, 0.211865, 0.4, -0.00315156, 0.92598, 0.887119, 0.911367, 0.896603
0.894956, 6.84082, 0.211833, 0.4, -0.00315045, 0.925977, 0.887115, 0.911363, 0.896598
0.895006, 6.83798, 0.2118, 0.4, -0.00314935, 0.925973, 0.887111, 0.911359, 0.896594
0.895056, 6.83515, 0.211768, 0.4, -0.00314824, 0.925969, 0.887107, 0.911356, 0.89659
0.895106, 6.83232, 0.211735, 0.4, -0.00314713, 0.925966, 0.887102, 0.911352, 0.896585
0.895156, 6.82948, 0.211703, 0.4, -0.00314603, 0.925962, 0.887098, 0.911348, 0.896581
0.895206, 6.82665, 0.21167, 0.4, -0.00314492, 0.925958, 0.887094, 0.911344, 0.896577
0.895256, 6.82382, 0.211638, 0.4, -0.00314381, 0.925955, 0.88709, 0.91134, 0.896573
0.895306, 6.82099, 0.211605, 0.4, -0.0031427, 0.925951, 0.887085, 0.911336, 0.896568
0.895356, 6.81817, 0.211573, 0.4, -0.00314159, 0.925947, 0.887081, 0.911332, 0.896564
0.895406, 6.81534, 0.21154, 0.4, -0.00314049, 0.925944, 0.887077, 0.911328, 0.89656
0.895456, 6.81251, 0.211508, 0.4, -0.00313938, 0.92594, 0.887073, 0.911324, 0.896556
0.895506, 6.80969, 0.211476, 0.4, -0.00313827, 0.925937, 0.887069, 0.91132, 0.896551
0.895556, 6.80686, 0.211443, 0.4, -0.00313716, 0.925933, 0.887064, 0.911316, 0.896547
0.895606, 6.80404, 0.211411, 0.4, -0.00313605, 0.925929, 0.88706, 0.911312, 0.896543
0.895656, 6.80122, 0.211379, 0.4, -0.00313494, 0.925926, 0.887056, 0.911308, 0.896539
0.895706, 6.7984, 0.211346, 0.4, -0.00313383, 0.925922, 0.887052, 0.911304, 0.896534
0.895756, 6.79558, 0.211314, 0.4, -0.00313272, 0.925919, 0.887048, 0.9113, 0.89653
0.895806, 6.79276, 0.211282, 0.4, -0.00313162, 0.925915, 0.887043, 0.911296, 0.896526
0.895856, 6.78994, 0.21125, 0.4, -0.00313051, 0.925911, 0.887039, 0.911292, 0.896522
0.895906, 6.78713, 0.211217, 0.4, -0.0031294, 0.925908, 0.887035, 0.911288, 0.896517
0.895956, 6.78431, 0.211185, 0.4, -0.00312829, 0.925904, 0.887031, 0.911284, 0.896513
0.896006, 6.78149, 0.211153, 0.4, -0.00312718, 0.925901, 0.887027, 0.91128, 0.896509
0.896056, 6.77868, 0.211121, 0.4, -0.00312606, 0.925897, 0.887022, 0.911276, 0.896505
0.896106, 6.77587, 0.211089, 0.4, -0.00312495, 0.925893, 0.887018, 0.911272, 0.8965
0.896156, 6.77306, 0.211056, 0.4, -0.00312384, 0.92589, 0.887014, 0.911268, 0.896496
0.896206, 6.77024, 0.211024, 0.4, -0.00312273, 0.925886, 0.88701, 0.911264, 0.896492
0.896257, 6.76743, 0.210992, 0.4, -0.00312162, 0.925882, 0.887006, 0.911261, 0.896488
0.896307, 6.76463, 0.21096, 0.4, -0.00312051, 0.925879, 0.887001, 0.911257, 0.896484
0.896357, 6.76182, 0.210928, 0.4, -0.0031194, 0.925875, 0.886997, 0.911253, 0.896479
0.896407, 6.75901, 0.210896, 0.4, -0.00311829, 0.925872, 0.886993, 0.911249, 0.896475
0.896457, 6.7562, 0.210864, 0.4, -0.00311717, 0.925868, 0.886989, 0.911245, 0.896471
0.896507, 6.7534, 0.210832, 0.4, -0.00311606, 0.925864, 0.886984, 0.911241, 0.896466
0.896557, 6.7506, 0.2108, 0.4, -0.00311495, 0.925861, 0.88698, 0.911237, 0.896462
0.896607, 6.74779, 0.210768, 0.4, -0.00311384, 0.925857, 0.886976, 0.911233, 0.896458
0.896657, 6.74499, 0.210736, 0.4, -0.00311272, 0.925854, 0.886972, 0.911229, 0.896454
0.896707, 6.74219, 0.210704, 0.4, -0.00311161, 0.92585, 0.886968, 0.911225, 0.89645
0.896757, 6.73939, 0.210672, 0.4, -0.0031105, 0.925846, 0.886963, 0.911221, 0.896445
0.896807, 6.73659, 0.21064, 0.4, -0.00310938, 0.925843, 0.886959, 0.911217, 0.896441
0.896857, 6.73379, 0.210608, 0.4, -0.00310827, 0.925839, 0.886955, 0.911213, 0.896437
0.896907, 6.731, 0.210576, 0.4, -0.00310716, 0.925836, 0.886951, 0.911209, 0.896433
0.896957, 6.7282, 0.210545, 0.4, -0.00310604, 0.925832, 0.886947, 0.911206, 0.896428
0.897007, 6.7254, 0.210513, 0.4, -0.00310493, 0.925828, 0.886943, 0.911202, 0.896424
0.897057, 6.72261, 0.210481, 0.4, -0.00310382, 0.925825, 0.886938, 0.911198, 0.89642
0.897107, 6.71982, 0.210449, 0.4, -0.0031027, 0.925821, 0.886934, 0.911194, 0.896416
0.897157, 6.71703, 0.210418, 0.4, -0.00310159, 0.925818, 0.88693, 0.91119, 0.896412
0.897207, 6.71423, 0.210386, 0.4, -0.00310047, 0.925814, 0.886926, 0.911186, 0.896407
0.897257, 6.71145, 0.210354, 0.4, -0.00309936, 0.92581, 0.886922, 0.911182, 0.896403
0.897307, 6.70866, 0.210322, 0.4, -0.00309824, 0.925807, 0.886917, 0.911178, 0.896399
0.897357, 6.70587, 0.210291, 0.4, -0.00309713, 0.925803, 0.886913, 0.911174, 0.896395
0.897407, 6.70308, 0.210259, 0.4, -0.00309601, 0.925799, 0.886909, 0.91117, 0.89639
0.897457, 6.7003, 0.210227, 0.4, -0.0030949, 0.925796, 0.886905, 0.911166, 0.896386
0.897507, 6.69751, 0.210196, 0.4, -0.00309378, 0.925792, 0.886901, 0.911162, 0.896382
0.897557, 6.69473, 0.210164, 0.4, -0.00309266, 0.925789, 0.886896, 0.911159, 0.896378
0.897607, 6.69194, 0.210132, 0.4, -0.00309155, 0.925785, 0.886892, 0.911155, 0.896374
0.897657, 6.68916, 0.210101, 0.4, -0.00309043, 0.925782, 0.886888, 0.911151, 0.89637
0.897707, 6.68638, 0.210069, 0.4, -0.00308931, 0.925778, 0.886884, 0.911147, 0.896365
0.897757, 6.6836, 0.210038, 0.4, -0.0030882, 0.925774, 0.88688, 0.911143, 0.896361
0.897807, 6.68082, 0.210006, 0.4, -0.00308708, 0.925771, 0.886876, 0.911139, 0.896357
0.897857, 6.67804, 0.209974, 0.4, -0.00308596, 0.925767, 0.886872, 0.911135, 0.896353
0.897907, 6.67527, 0.209943, 0.4, -0.00308485, 0.925764, 0.886867, 0.911131, 0.896349
0.897957, 6.67249, 0.209912, 0.4, -0.00308373, 0.92576, 0.886863, 0.911127, 0.896344
0.898007, 6.66972, 0.20988, 0.4, -0.00308261, 0.925756, 0.886859, 0.911124, 0.89634
0.898057, 6.66694, 0.209849, 0.4, -0.00308149, 0.925753, 0.886855, 0.91112, 0.896336
0.898107, 6.66417, 0.209817, 0.4, -0.00308038, 0.925749, 0.886851, 0.911116, 0.896332
0.898157, 6.6614, 0.209786, 0.4, -0.00307926, 0.925746, 0.886847, 0.911112, 0.896328
0.898207, 6.65863, 0.209754, 0.4, -0.00307814, 0.925742, 0.886842, 0.911108, 0.896323
0.898257, 6.65586, 0.209723, 0.4, -0.00307702, 0.925738, 0.886838, 0.911104, 0.896319
0.898307, 6.65309, 0.209692, 0.4, -0.0030759, 0.925735, 0.886834, 0.9111, 0.896315
0.898357, 6.65032, 0.20966, 0.4, -0.00307478, 0.925731, 0.88683, 0.911096, 0.896311
0.898407, 6.64755, 0.209629, 0.4, -0.00307366, 0.925728, 0.886826, 0.911092, 0.896307
0.898457, 6.64479, 0.209598, 0.4, -0.00307254, 0.925724, 0.886822, 0.911089, 0.896302
0.898507, 6.64202, 0.209567, 0.4, -0.00307143, 0.92572, 0.886817, 0.911085, 0.896298
0.898557, 6.63926, 0.209535, 0.4, -0.00307031, 0.925717, 0.886813, 0.911081, 0.896294
0.898607, 6.6365, 0.209504, 0.4, -0.00306919, 0.925713, 0.886809, 0.911077, 0.89629
0.898657, 6.63374, 0.209473, 0.4, -0.00306807, 0.92571, 0.886805, 0.911073, 0.896286
0.898707, 6.63097, 0.209442, 0.4, -0.00306695, 0.925706, 0.886801, 0.911069, 0.896282
0.898757, 6.62821, 0.20941, 0.4, -0.00306583, 0.925702, 0.886797, 0.911065, 0.896277
0.898807, 6.62546, 0.209379, 0.4, -0.0030647, 0.925699, 0.886793, 0.911061, 0.896273
0.898857, 6.6227, 0.209348, 0.4, -0.00306358, 0.925695, 0.886788, 0.911057, 0.896269
0.898907, 6.61994, 0.209317, 0.4, -0.00306246, 0.925692, 0.886784, 0.911054, 0.896265
0.898957, 6.61719, 0.209286, 0.4, -0.00306134, 0.925688, 0.88678, 0.91105, 0.896261
0.899007, 6.61443, 0.209255, 0.4, -0.00306022, 0.925684, 0.886776, 0.911046, 0.896257
0.899057, 6.61168, 0.209224, 0.4, -0.0030591, 0.925681, 0.886772, 0.911042, 0.896252
0.899107, 6.60892, 0.209193, 0.4, -0.00305798, 0.925677, 0.886768, 0.911038, 0.896248
0.899157, 6.60617, 0.209162, 0.4, -0.00305686, 0.925674, 0.886764, 0.911034, 0.896244
0.899207, 6.60342, 0.209131, 0.4, -0.00305573, 0.92567, 0.886759, 0.91103, 0.89624
0.899257, 6.60067, 0.2091, 0.4, -0.00305461, 0.925667, 0.886755, 0.911027, 0.896236
0.899307, 6.59792, 0.209069, 0.4, -0.00305349, 0.925663, 0.886751, 0.911023, 0.896232
0.899357, 6.59518, 0.209038, 0.4, -0.00305237, 0.925659, 0.886747, 0.911019, 0.896228
0.899407, 6.59243, 0.209007, 0.4, -0.00305124, 0.925656, 0.886743, 0.911015, 0.896223
0.899457, 6.58968, 0.208976, 0.4, -0.00305012, 0.925652, 0.886739, 0.911011, 0.896219
0.899507, 6.58694, 0.208945, 0.4, -0.003049, 0.925649, 0.886735, 0.911007, 0.896215
0.899557, 6.5842, 0.208914, 0.4, -0.00304788, 0.925645, 0.886731, 0.911003, 0.896211
0.899607, 6.58145, 0.208883, 0.4, -0.00304675, 0.925641, 0.886726, 0.911, 0.896207
0.899657, 6.57871, 0.208852, 0.4, -0.00304563, 0.925638, 0.886722, 0.910996, 0.896203
0.899707, 6.57597, 0.208822, 0.4, -0.0030445, 0.925634, 0.886718, 0.910992, 0.896198
0.899757, 6.57323, 0.208791, 0.4, -0.00304338, 0.925631, 0.886714, 0.910988, 0.896194
0.899807, 6.57049, 0.20876, 0.4, -0.00304226, 0.925627, 0.88671, 0.910984, 0.89619
0.899857, 6.56776, 0.208729, 0.4, -0.00304113, 0.925624, 0.886706, 0.91098, 0.896186
0.899907, 6.56502, 0.208698, 0.4, -0.00304001, 0.92562, 0.886702, 0.910976, 0.896182
0.899957, 6.56228, 0.208668, 0.4, -0.00303888, 0.925616, 0.886697, 0.910973, 0.896178
0.900007, 6.55955, 0.208637, 0.4, -0.00303776, 0.925613, 0.886693, 0.910969, 0.896174
0.900057, 6.55682, 0.208606, 0.4, -0.00303663, 0.925609, 0.886689, 0.910965, 0.896169
0.900107, 6.55408, 0.208575, 0.4, -0.00303551, 0.925606, 0.886685, 0.910961, 0.896165
0.900157, 6.55135, 0.208545, 0.4, -0.00303438, 0.925602, 0.886681, 0.910957, 0.896161
0.900207, 6.54862, 0.208514, 0.4, -0.00303326, 0.925598, 0.886677, 0.910953, 0.896157
0.900257, 6.54589, 0.208483, 0.4, -0.00303213, 0.925595, 0.886673, 0.91095, 0.896153
0.900307, 6.54316, 0.208453, 0.4, -0.00303101, 0.925591, 0.886669, 0.910946, 0.896149
0.900357, 6.54044, 0.208422, 0.4, -0.00302988, 0.925588, 0.886665, 0.910942, 0.896145
0.900407, 6.53771, 0.208392, 0.4, -0.00302875, 0.925584, 0.886661, 0.910938, 0.896141
0.900457, 6.53498, 0.208361, 0.4, -0.00302763, 0.925581, 0.886656, 0.910934, 0.896136
0.900507, 6.53226, 0.208331, 0.4, -0.0030265, 0.925577, 0.886652, 0.910931, 0.896132
0.900557, 6.52954, 0.2083, 0.4, -0.00302537, 0.925573, 0.886648, 0.910927, 0.896128
0.900607, 6.52681, 0.20827, 0.4, -0.00302425, 0.92557, 0.886644, 0.910923, 0.896124
0.900657, 6.52409, 0.208239, 0.4, -0.00302312, 0.925566, 0.88664, 0.910919, 0.89612
0.900707, 6.52137, 0.208209, 0.4, -0.00302199, 0.925563, 0.886636, 0.910915, 0.896116
0.900757, 6.51865, 0.208178, 0.4, -0.00302087, 0.925559, 0.886632, 0.910911, 0.896112
0.900807, 6.51594, 0.208148, 0.4, -0.00301974, 0.925556, 0.886628, 0.910908, 0.896108
0.900857, 6.51322, 0.208118, 0.4, -0.00301861, 0.925552, 0.886624, 0.910904, 0.896104
0.900907, 6.5105, 0.208087, 0.4, -0.00301748, 0.925548, 0.88662, 0.9109, 0.896099
0.900957, 6.50779, 0.208057, 0.4, -0.00301635, 0.925545, 0.886615, 0.910896, 0.896095
0.901007, 6.50507, 0.208026, 0.4, -0.00301523, 0.925541, 0.886611, 0.910892, 0.896091
0.901057, 6.50236, 0.207996, 0.4, -0.0030141, 0.925538, 0.886607, 0.910889, 0.896087
0.901107, 6.49965, 0.207966, 0.4, -0.00301297, 0.925534, 0.886603, 0.910885, 0.896083
0.901157, 6.49694, 0.207935, 0.4, -0.00301184, 0.92553, 0.886599, 0.910881, 0.896079
0.901207, 6.49423, 0.207905, 0.4, -0.00301071, 0.925527, 0.886595, 0.910877, 0.896075
0.901257, 6.49152, 0.207875, 0.4, -0.00300958, 0.925523, 0.886591, 0.910873, 0.896071
0.901307, 6.48881, 0.207844, 0.4, -0.00300845, 0.92552, 0.886587, 0.910869, 0.896066
0.901357, 6.4861, 0.207815, 0.4, -0.00300732, 0.925516, 0.886583, 0.910866, 0.896062
0.901407, 6.4834, 0.207784, 0.4, -0.00300619, 0.925513, 0.886579, 0.910862, 0.896058
0.901457, 6.48069, 0.207754, 0.4, -0.00300506, 0.925509, 0.886575, 0.910858, 0.896054
0.901507, 6.47799, 0.207724, 0.4, -0.00300393, 0.925505, 0.88657, 0.910854, 0.89605
0.901557, 6.47528, 0.207694, 0.4, -0.0030028, 0.925502, 0.886566, 0.91085, 0.896046
0.901607, 6.47258, 0.207663, 0.4, -0.00300167, 0.925498, 0.886562, 0.910847, 0.896042
0.901657, 6.46988, 0.207633, 0.4, -0.00300054, 0.925495, 0.886558, 0.910843, 0.896038
0.901707, 6.46718, 0.207603, 0.4, -0.00299941, 0.925491, 0.886554, 0.910839, 0.896034
0.901757, 6.46448, 0.207573, 0.4, -0.00299828, 0.925488, 0.88655, 0.910835, 0.89603
0.901807, 6.46178, 0.207543, 0.4, -0.00299715, 0.925484, 0.886546, 0.910832, 0.896026
0.901857, 6.45909, 0.207513, 0.4, -0.00299602, 0.92548, 0.886542, 0.910828, 0.896021
0.901907, 6.45639, 0.207483, 0.4, -0.00299489, 0.925477, 0.886538, 0.910824, 0.896017
0.901957, 6.4537, 0.207453, 0.4, -0.00299375, 0.925473, 0.886534, 0.91082, 0.896013
0.902007, 6.451, 0.207423, 0.4, -0.00299262, 0.92547, 0.88653, 0.910816, 0.896009
0.902057, 6.44831, 0.207393, 0.4, -0.00299149, 0.925466, 0.886526, 0.910813, 0.896005
0.902107, 6.44562, 0.207363, 0.4, -0.00299036, 0.925463, 0.886522, 0.910809, 0.896001
0.902157, 6.44293, 0.207333, 0.4, -0.00298923, 0.925459, 0.886518, 0.910805, 0.895997
0.902207, 6.44024, 0.207303, 0.4, -0.00298809, 0.925456, 0.886513, 0.910801, 0.895993
0.902258, 6.43755, 0.207273, 0.4, -0.00298696, 0.925452, 0.886509, 0.910797, 0.895989
0.902308, 6.43486, 0.207244, 0.4, -0.00298583, 0.925448, 0.886505, 0.910794, 0.895985
0.902358, 6.43217, 0.207214, 0.4, -0.0029847, 0.925445, 0.886501, 0.91079, 0.895981
0.902408, 6.42949, 0.207184, 0.4, -0.00298356, 0.925441, 0.886497, 0.910786, 0.895977
0.902458, 6.4268, 0.207154, 0.4, -0.00298243, 0.925438, 0.886493, 0.910782, 0.895972
0.902508, 6.42412, 0.207124, 0.4, -0.0029813, 0.925434, 0.886489, 0.910779, 0.895968
0.902558, 6.42144, 0.207094, 0.4, -0.00298016, 0.925431, 0.886485, 0.910775, 0.895964
0.902608, 6.41875, 0.207065, 0.4, -0.00297903, 0.925427, 0.886481, 0.910771, 0.89596
0.902658, 6.41607, 0.207035, 0.4, -0.00297789, 0.925423, 0.886477, 0.910767, 0.895956
0.902708, 6.41339, 0.207005, 0.4, -0.00297676, 0.92542, 0.886473, 0.910764, 0.895952
0.902758, 6.41072, 0.206976, 0.4, -0.00297563, 0.925416, 0.886469, 0.91076, 0.895948
0.902808, 6.40804, 0.206946, 0.4, -0.00297449, 0.925413, 0.886465, 0.910756, 0.895944
0.902858, 6.40536, 0.206916, 0.4, -0.00297336, 0.925409, 0.886461, 0.910752, 0.89594
0.902908, 6.40269, 0.206886, 0.4, -0.00297222, 0.925406, 0.886457, 0.910748, 0.895936
0.902958, 6.40001, 0.206857, 0.4, -0.00297109, 0.925402, 0.886453, 0.910745, 0.895932
0.903008, 6.39734, 0.206827, 0.4, -0.00296995, 0.925398, 0.886449, 0.910741, 0.895928
0.903058, 6.39467, 0.206798, 0.4, -0.00296882, 0.925395, 0.886444, 0.910737, 0.895924
0.903108, 6.39199, 0.206768, 0.4, -0.00296768, 0.925391, 0.88644, 0.910733, 0.89592
0.903158, 6.38932, 0.206739, 0.4, -0.00296654, 0.925388, 0.886436, 0.91073, 0.895916
0.903208, 6.38665, 0.206709, 0.4, -0.00296541, 0.925384, 0.886432, 0.910726, 0.895912
0.903258, 6.38399, 0.206679, 0.4, -0.00296427, 0.925381, 0.886428, 0.910722, 0.895908
0.903308, 6.38132, 0.20665, 0.4, -0.00296314, 0.925377, 0.886424, 0.910718, 0.895903
0.903358, 6.37865, 0.20662, 0.4, -0.002962, 0.925374, 0.88642, 0.910715, 0.895899
0.903408, 6.37599, 0.206591, 0.4, -0.00296086, 0.92537, 0.886416, 0.910711, 0.895895
0.903458, 6.37332, 0.206562, 0.4, -0.00295973, 0.925366, 0.886412, 0.910707, 0.895891
0.903508, 6.37066, 0.206532, 0.4, -0.00295859, 0.925363, 0.886408, 0.910704, 0.895887
0.903558, 6.368, 0.206503, 0.4, -0.00295745, 0.925359, 0.886404, 0.9107, 0.895883
0.903608, 6.36534, 0.206473, 0.4, -0.00295632, 0.925356, 0.8864, 0.910696, 0.895879
0.903658, 6.36268, 0.206444, 0.4, -0.00295518, 0.925352, 0.886396, 0.910692, 0.895875
0.903708, 6.36002, 0.206415, 0.4, -0.00295404, 0.925349, 0.886392, 0.910689, 0.895871
0.903758, 6.35736, 0.206385, 0.4, -0.0029529, 0.925345, 0.886388, 0.910685, 0.895867
0.903808, 6.3547, 0.206356, 0.4, -0.00295176, 0.925342, 0.886384, 0.910681, 0.895863
0.903858, 6.35205, 0.206327, 0.4, -0.00295063, 0.925338, 0.88638, 0.910677, 0.895859
0.903908, 6.34939, 0.206298, 0.4, -0.00294949, 0.925335, 0.886376, 0.910674, 0.895855
0.903958, 6.34674, 0.206268, 0.4, -0.00294835, 0.925331, 0.886372, 0.91067, 0.895851
0.904008, 6.34408, 0.206239, 0.4, -0.00294721, 0.925327, 0.886368, 0.910666, 0.895847
0.904058, 6.34143, 0.20621, 0.4, -0.00294607, 0.925324, 0.886364, 0.910662, 0.895843
0.904108, 6.33878, 0.206181, 0.4, -0.00294493, 0.92532, 0.88636, 0.910659, 0.895839
0.904158, 6.33613, 0.206151, 0.4, -0.00294379, 0.925317, 0.886356, 0.910655, 0.895835
0.904208, 6.33348, 0.206122, 0.4, -0.00294266, 0.925313, 0.886352, 0.910651, 0.895831
0.904258, 6.33083, 0.206093, 0.4, -0.00294152, 0.92531, 0.886348, 0.910648, 0.895827
0.904308, 6.32819, 0.206064, 0.4, -0.00294038, 0.925306, 0.886344, 0.910644, 0.895823
0.904358, 6.32554, 0.206035, 0.4, -0.00293924, 0.925303, 0.88634, 0.91064, 0.895819
0.904408, 6.3229, 0.206006, 0.4, -0.0029381, 0.925299, 0.886336, 0.910636, 0.895815
0.904458, 6.32025, 0.205977, 0.4, -0.00293696, 0.925296, 0.886332, 0.910633, 0.895811
0.904508, 6.31761, 0.205948, 0.4, -0.00293582, 0.925292, 0.886328, 0.910629, 0.895807
0.904558, 6.31497, 0.205919, 0.4, -0.00293468, 0.925289, 0.886324, 0.910625, 0.895803
0.904608, 6.31233, 0.20589, 0.4, -0.00293353, 0.925285, 0.88632, 0.910622, 0.895799
0.904658, 6.30969, 0.20586, 0.4, -0.00293239, 0.925281, 0.886316, 0.910618, 0.895795
0.904708, 6.30705, 0.205831, 0.4, -0.00293125, 0.925278, 0.886312, 0.910614, 0.895791
0.904758, 6.30441, 0.205803, 0.4, -0.00293011, 0.925274, 0.886308, 0.910611, 0.895787
0.904808, 6.30177, 0.205774, 0.4, -0.00292897, 0.925271, 0.886304, 0.910607, 0.895783
0.904858, 6.29914, 0.205745, 0.4, -0.00292783, 0.925267, 0.8863, 0.910603, 0.895779
0.904908, 6.2965, 0.205716, 0.4, -0.00292669, 0.925264, 0.886296, 0.910599, 0.895775
0.904958, 6.29387, 0.205687, 0.4, -0.00292555, 0.92526, 0.886292, 0.910596, 0.895771
0.905008, 6.29124, 0.205658, 0.4, -0.0029244, 0.925257, 0.886288, 0.910592, 0.895767
0.905058, 6.28861, 0.205629, 0.4, -0.00292326, 0.925253, 0.886284, 0.910588, 0.895763
0.905108, 6.28598, 0.2056, 0.4, -0.00292212, 0.92525, 0.88628, 0.910585, 0.895759
0.905158, 6.28335, 0.205572, 0.4, -0.00292098, 0.925246, 0.886276, 0.910581, 0.895755
0.905208, 6.28072, 0.205543, 0.4, -0.00291983, 0.925243, 0.886272, 0.910577, 0.895751
0.905258, 6.27809, 0.205514, 0.4, -0.00291869, 0.925239, 0.886268, 0.910574, 0.895747
0.905308, 6.27547, 0.205485, 0.4, -0.00291755, 0.925236, 0.886264, 0.91057, 0.895743
0.905358, 6.27284, 0.205457, 0.4, -0.00291641, 0.925232, 0.88626, 0.910566, 0.895739
0.905408, 6.27022, 0.205428, 0.4, -0.00291526, 0.925228, 0.886256, 0.910563, 0.895735
0.905458, 6.26759, 0.205399, 0.4, -0.00291412, 0.925225, 0.886252, 0.910559, 0.895731
0.905508, 6.26497, 0.20537, 0.4, -0.00291298, 0.925221, 0.886248, 0.910555, 0.895727
0.905558, 6.26235, 0.205342, 0.4, -0.00291183, 0.925218, 0.886244, 0.910552, 0.895723
0.905608, 6.25973, 0.205313, 0.4, -0.00291069, 0.925214, 0.88624, 0.910548, 0.895719
0.905658, 6.25711, 0.205285, 0.4, -0.00290954, 0.925211, 0.886236, 0.910544, 0.895715
0.905708, 6.25449, 0.205256, 0.4, -0.0029084, 0.925207, 0.886232, 0.910541, 0.895711
0.905758, 6.25187, 0.205227, 0.4, -0.00290725, 0.925204, 0.886228, 0.910537, 0.895707
0.905808, 6.24926, 0.205199, 0.4, -0.00290611, 0.9252, 0.886224, 0.910533, 0.895703
0.905858, 6.24664, 0.20517, 0.4, -0.00290497, 0.925197, 0.88622, 0.910529, 0.895699
0.905908, 6.24403, 0.205142, 0.4, -0.00290382, 0.925193, 0.886216, 0.910526, 0.895695
0.905958, 6.24142, 0.205113, 0.4, -0.00290268, 0.92519, 0.886212, 0.910522, 0.895691
0.906008, 6.2388, 0.205085, 0.4, -0.00290153, 0.925186, 0.886208, 0.910518, 0.895687
0.906058, 6.23619, 0.205056, 0.4, -0.00290038, 0.925183, 0.886205, 0.910515, 0.895683
0.906108, 6.23358, 0.205028, 0.4, -0.00289924, 0.925179, 0.886201, 0.910511, 0.895679
0.906158, 6.23098, 0.204999, 0.4, -0.00289809, 0.925176, 0.886197, 0.910508, 0.895675
0.906208, 6.22837, 0.204971, 0.4, -0.00289695, 0.925172, 0.886193, 0.910504, 0.895672
0.906258, 6.22576, 0.204942, 0.4, -0.0028958, 0.925169, 0.886189, 0.9105, 0.895668
0.906308, 6.22316, 0.204914, 0.4, -0.00289466, 0.925165, 0.886185, 0.910496, 0.895664
0.906358, 6.22055, 0.204886, 0.4, -0.00289351, 0.925161, 0.886181, 0.910493, 0.89566
0.906408, 6.21795, 0.204857, 0.4, -0.00289236, 0.925158, 0.886177, 0.910489, 0.895656
0.906458, 6.21534, 0.204829, 0.4, -0.00289122, 0.925154, 0.886173, 0.910486, 0.895652
0.906508, 6.21274, 0.204801, 0.4, -0.00289007, 0.925151, 0.886169, 0.910482, 0.895648
0.906558, 6.21014, 0.204772, 0.4, -0.00288892, 0.925147, 0.886165, 0.910478, 0.895644
0.906608, 6.20754, 0.204744, 0.4, -0.00288777, 0.925144, 0.886161, 0.910475, 0.89564
0.906658, 6.20494, 0.204716, 0.4, -0.00288663, 0.92514, 0.886157, 0.910471, 0.895636
0.906708, 6.20235, 0.204688, 0.4, -0.00288548, 0.925137, 0.886153, 0.910467, 0.895632
0.906758, 6.19975, 0.204659, 0.4, -0.00288433, 0.925133, 0.886149, 0.910464, 0.895628
0.906808, 6.19715, 0.204631, 0.4, -0.00288318, 0.92513, 0.886145, 0.91046, 0.895624
0.906858, 6.19456, 0.204603, 0.4, -0.00288204, 0.925126, 0.886141, 0.910456, 0.89562
0.906908, 6.19197, 0.204575, 0.4, -0.00288089, 0.925123, 0.886137, 0.910453, 0.895616
0.906958, 6.18937, 0.204547, 0.4, -0.00287974, 0.925119, 0.886133, 0.910449, 0.895612
0.907008, 6.18678, 0.204519, 0.4, -0.00287859, 0.925116, 0.886129, 0.910446, 0.895608
0.907058, 6.18419, 0.20449, 0.4, -0.00287744, 0.925112, 0.886126, 0.910442, 0.895605
0.907108, 6.1816, 0.204462, 0.4, -0.00287629, 0.925109, 0.886122, 0.910438, 0.895601
0.907158, 6.17902, 0.204434, 0.4, -0.00287514, 0.925105, 0.886118, 0.910435, 0.895597
0.907208, 6.17643, 0.204406, 0.4, -0.002874, 0.925102, 0.886114, 0.910431, 0.895593
0.907258, 6.17384, 0.204378, 0.4, -0.00287285, 0.925098, 0.88611, 0.910427, 0.895589
0.907308, 6.17126, 0.20435, 0.4, -0.0028717, 0.925095, 0.886106, 0.910424, 0.895585
0.907358, 6.16867, 0.204322, 0.4, -0.00287055, 0.925091, 0.886102, 0.91042, 0.895581
0.907408, 6.16609, 0.204294, 0.4, -0.0028694, 0.925088, 0.886098, 0.910416, 0.895577
0.907458, 6.16351, 0.204266, 0.4, -0.00286825, 0.925084, 0.886094, 0.910413, 0.895573
0.907508, 6.16093, 0.204238, 0.4, -0.0028671, 0.925081, 0.88609, 0.910409, 0.895569
0.907558, 6.15835, 0.20421, 0.4, -0.00286595, 0.925077, 0.886086, 0.910406, 0.895565
0.907608, 6.15577, 0.204183, 0.4, -0.0028648, 0.925074, 0.886082, 0.910402, 0.895561
0.907658, 6.15319, 0.204155, 0.4, -0.00286365, 0.92507, 0.886078, 0.910398, 0.895557
0.907708, 6.15061, 0.204127, 0.4, -0.0028625, 0.925067, 0.886074, 0.910395, 0.895553
0.907758, 6.14804, 0.204099, 0.4, -0.00286134, 0.925063, 0.886071, 0.910391, 0.89555
0.907808, 6.14546, 0.204071, 0.4, -0.00286019, 0.92506, 0.886067, 0.910388, 0.895546
0.907858, 6.14289, 0.204043, 0.4, -0.00285904, 0.925056, 0.886063, 0.910384, 0.895542
0.907908, 6.14032, 0.204016, 0.4, -0.00285789, 0.925053, 0.886059, 0.91038, 0.895538
0.907958, 6.13775, 0.203988, 0.4, -0.00285674, 0.925049, 0.886055, 0.910377, 0.895534
0.908008, 6.13518, 0.20396, 0.4, -0.00285559, 0.925046, 0.886051, 0.910373, 0.89553
0.908058, 6.13261, 0.203932, 0.4, -0.00285444, 0.925042, 0.886047, 0.910369, 0.895526
0.908108, 6.13004, 0.203905, 0.4, -0.00285328, 0.925039, 0.886043, 0.910366, 0.895522
0.908158, 6.12747, 0.203877, 0.4, -0.00285213, 0.925035, 0.886039, 0.910362, 0.895518
0.908208, 6.1249, 0.203849, 0.4, -0.00285098, 0.925032, 0.886035, 0.910359, 0.895514
0.908258, 6.12234, 0.203821, 0.4, -0.00284983, 0.925028, 0.886032, 0.910355, 0.895511
0.908309, 6.11977, 0.203794, 0.4, -0.00284867, 0.925025, 0.886028, 0.910351, 0.895507
0.908359, 6.11721, 0.203766, 0.4, -0.00284752, 0.925021, 0.886024, 0.910348, 0.895503
0.908409, 6.11465, 0.203739, 0.4, -0.00284637, 0.925018, 0.88602, 0.910344, 0.895499
0.908459, 6.11209, 0.203711, 0.4, -0.00284521, 0.925014, 0.886016, 0.910341, 0.895495
0.908509, 6.10953, 0.203683, 0.4, -0.00284406, 0.925011, 0.886012, 0.910337, 0.895491
0.908559, 6.10697, 0.203656, 0.4, -0.00284291, 0.925007, 0.886008, 0.910334, 0.895487
0.908609, 6.10441, 0.203628, 0.4, -0.00284175, 0.925004, 0.886004, 0.91033, 0.895483
0.908659, 6.10185, 0.203601, 0.4, -0.0028406, 0.925, 0.886, 0.910326, 0.895479
0.908709, 6.0993, 0.203573, 0.4, -0.00283945, 0.924997, 0.885996, 0.910323, 0.895476
0.908759, 6.09674, 0.203546, 0.4, -0.00283829, 0.924993, 0.885992, 0.910319, 0.895472
0.908809, 6.09419, 0.203518, 0.4, -0.00283714, 0.92499, 0.885989, 0.910316, 0.895468
0.908859, 6.09163, 0.203491, 0.4, -0.00283598, 0.924986, 0.885985, 0.910312, 0.895464
0.908909, 6.08908, 0.203463, 0.4, -0.00283483, 0.924983, 0.885981, 0.910308, 0.89546
0.908959, 6.08653, 0.203436, 0.4, -0.00283367, 0.924979, 0.885977, 0.910305, 0.895456
0.909009, 6.08398, 0.203409, 0.4, -0.00283252, 0.924976, 0.885973, 0.910301, 0.895452
0.909059, 6.08143, 0.203381, 0.4, -0.00283137, 0.924972, 0.885969, 0.910298, 0.895448
0.909109, 6.07889, 0.203354, 0.4, -0.00283021, 0.924969, 0.885965, 0.910294, 0.895444
0.909159, 6.07634, 0.203327, 0.4, -0.00282905, 0.924965, 0.885961, 0.91029, 0.895441
0.909209, 6.07379, 0.203299, 0.4, -0.0028279, 0.924962, 0.885957, 0.910287, 0.895437
0.909259, 6.07125, 0.203272, 0.4, -0.00282674, 0.924958, 0.885954, 0.910283, 0.895433
0.909309, 6.06871, 0.203245, 0.4, -0.00282559, 0.924954, 0.88595, 0.91028, 0.895429
0.909359, 6.06616, 0.203217, 0.4, -0.00282443, 0.924951, 0.885946, 0.910276, 0.895425
0.909409, 6.06362, 0.20319, 0.4, -0.00282328, 0.924948, 0.885942, 0.910273, 0.895421
0.909459, 6.06108, 0.203163, 0.4, -0.00282212, 0.924944, 0.885938, 0.910269, 0.895417
0.909509, 6.05854, 0.203136, 0.4, -0.00282096, 0.924941, 0.885934, 0.910266, 0.895414
0.909559, 6.056, 0.203109, 0.4, -0.00281981, 0.924937, 0.88593, 0.910262, 0.89541
0.909609, 6.05347, 0.203081, 0.4, -0.00281865, 0.924934, 0.885927, 0.910258, 0.895406
0.909659, 6.05093, 0.203054, 0.4, -0.00281749, 0.92493, 0.885923, 0.910255, 0.895402
0.909709, 6.04839, 0.203027, 0.4, -0.00281634, 0.924927, 0.885919, 0.910251, 0.895398
0.909759, 6.04586, 0.203, 0.4, -0.00281518, 0.924923, 0.885915, 0.910248, 0.895394
0.909809, 6.04333, 0.202973, 0.4, -0.00281402, 0.92492, 0.885911, 0.910244, 0.89539
0.909859, 6.04079, 0.202946, 0.4, -0.00281286, 0.924916, 0.885907, 0.910241, 0.895387
0.909909, 6.03826, 0.202919, 0.4, -0.00281171, 0.924913, 0.885903, 0.910237, 0.895383
0.909959, 6.03573, 0.202892, 0.4, -0.00281055, 0.924909, 0.885899, 0.910234, 0.895379
0.910009, 6.0332, 0.202865, 0.4, -0.00280939, 0.924906, 0.885896, 0.91023, 0.895375
0.910059, 6.03068, 0.202838, 0.4, -0.00280823, 0.924902, 0.885892, 0.910226, 0.895371
0.910109, 6.02815, 0.202811, 0.4, -0.00280707, 0.924899, 0.885888, 0.910223, 0.895367
0.910159, 6.02562, 0.202784, 0.4, -0.00280591, 0.924895, 0.885884, 0.910219, 0.895363
0.910209, 6.0231, 0.202757, 0.4, -0.00280476, 0.924892, 0.88588, 0.910216, 0.89536
0.910259, 6.02058, 0.20273, 0.4, -0.0028036, 0.924888, 0.885876, 0.910212, 0.895356
0.910309, 6.01805, 0.202703, 0.4, -0.00280244, 0.924885, 0.885872, 0.910209, 0.895352
0.910359, 6.01553, 0.202676, 0.4, -0.00280128, 0.924881, 0.885869, 0.910205, 0.895348
0.910409, 6.01301, 0.202649, 0.4, -0.00280012, 0.924878, 0.885865, 0.910202, 0.895344
0.910459, 6.01049, 0.202622, 0.4, -0.00279896, 0.924874, 0.885861, 0.910198, 0.89534
0.910509, 6.00797, 0.202595, 0.4, -0.0027978, 0.924871, 0.885857, 0.910195, 0.895337
0.910559, 6.00546, 0.202569, 0.4, -0.00279664, 0.924867, 0.885853, 0.910191, 0.895333
0.910609, 6.00294, 0.202542, 0.4, -0.00279548, 0.924864, 0.885849, 0.910187, 0.895329
0.910659, 6.00042, 0.202515, 0.4, -0.00279432, 0.92486, 0.885846, 0.910184, 0.895325
0.910709, 5.99791, 0.202488, 0.4, -0.00279316, 0.924857, 0.885842, 0.91018, 0.895321
0.910759, 5.9954, 0.202462, 0.4, -0.002792, 0.924854, 0.885838, 0.910177, 0.895317
0.910809, 5.99288, 0.202435, 0.4, -0.00279084, 0.92485, 0.885834, 0.910173, 0.895314
0.910859, 5.99037, 0.202408, 0.4, -0.00278968, 0.924847, 0.88583, 0.91017, 0.89531
0.910909, 5.98786, 0.202382, 0.4, -0.00278852, 0.924843, 0.885826, 0.910166, 0.895306
0.910959, 5.98535, 0.202355, 0.4, -0.00278736, 0.92484, 0.885822, 0.910163, 0.895302
0.911009, 5.98284, 0.202328, 0.4, -0.0027862, 0.924836, 0.885819, 0.910159, 0.895298
0.911059, 5.98034, 0.202302, 0.4, -0.00278504, 0.924833, 0.885815, 0.910156, 0.895295
0.911109, 5.97783, 0.202275, 0.4, -0.00278387, 0.924829, 0.885811, 0.910152, 0.895291
0.911159, 5.97533, 0.202249, 0.4, -0.00278271, 0.924826, 0.885807, 0.910149, 0.895287
0.911209, 5.97282, 0.202222, 0.4, -0.00278155, 0.924822, 0.885803, 0.910145, 0.895283
0.911259, 5.97032, 0.202195, 0.4, -0.00278039, 0.924819, 0.8858, 0.910142, 0.895279
0.911309, 5.96782, 0.202169, 0.4, -0.00277923, 0.924815, 0.885796, 0.910138, 0.895276
0.911359, 5.96532, 0.202142, 0.4, -0.00277806, 0.924812, 0.885792, 0.910135, 0.895272
0.911409, 5.96282, 0.202116, 0.4, -0.0027769, 0.924808, 0.885788, 0.910131, 0.895268
0.911459, 5.96032, 0.202089, 0.4, -0.00277574, 0.924805, 0.885784, 0.910128, 0.895264
0.911509, 5.95782, 0.202063, 0.4, -0.00277458, 0.924801, 0.88578, 0.910124, 0.89526
0.911559, 5.95532, 0.202036, 0.4, -0.00277341, 0.924798, 0.885777, 0.910121, 0.895257
0.911609, 5.95283, 0.20201, 0.4, -0.00277225, 0.924794, 0.885773, 0.910117, 0.895253
0.911659, 5.95033, 0.201984, 0.4, -0.00277109, 0.924791, 0.885769, 0.910114, 0.895249
0.911709, 5.94784, 0.201957, 0.4, -0.00276993, 0.924788, 0.885765, 0.91011, 0.895245
0.911759, 5.94535, 0.201931, 0.4, -0.00276876, 0.924784, 0.885761, 0.910107, 0.895241
0.911809, 5.94286, 0.201905, 0.4, -0.0027676, 0.92478, 0.885757, 0.910103, 0.895238
0.911859, 5.94037, 0.201878, 0.4, -0.00276644, 0.924777, 0.885754, 0.9101, 0.895234
0.911909, 5.93788, 0.201852, 0.4, -0.00276527, 0.924774, 0.88575, 0.910096, 0.89523
0.911959, 5.93539, 0.201825, 0.4, -0.00276411, 0.92477, 0.885746, 0.910093, 0.895226
0.912009, 5.9329, 0.201799, 0.4, -0.00276294, 0.924767, 0.885742, 0.910089, 0.895222
0.912059, 5.93042, 0.201773, 0.4, -0.00276178, 0.924763, 0.885738, 0.910086, 0.895218
0.912109, 5.92793, 0.201747, 0.4, -0.00276061, 0.92476, 0.885735, 0.910082, 0.895215
0.912159, 5.92545, 0.20172, 0.4, -0.00275945, 0.924756, 0.885731, 0.910079, 0.895211
0.912209, 5.92296, 0.201694, 0.4, -0.00275829, 0.924753, 0.885727, 0.910075, 0.895207
0.912259, 5.92048, 0.201668, 0.4, -0.00275712, 0.924749, 0.885723, 0.910072, 0.895203
0.912309, 5.918, 0.201642, 0.4, -0.00275596, 0.924746, 0.885719, 0.910068, 0.8952
0.912359, 5.91552, 0.201616, 0.4, -0.00275479, 0.924742, 0.885716, 0.910065, 0.895196
0.912409, 5.91304, 0.20159, 0.4, -0.00275362, 0.924739, 0.885712, 0.910061, 0.895192
0.912459, 5.91056, 0.201564, 0.4, -0.00275246, 0.924736, 0.885708, 0.910058, 0.895188
0.912509, 5.90809, 0.201537, 0.4, -0.00275129, 0.924732, 0.885704, 0.910054, 0.895185
0.912559, 5.90561, 0.201511, 0.4, -0.00275013, 0.924729, 0.885701, 0.910051, 0.895181
0.912609, 5.90314, 0.201485, 0.4, -0.00274896, 0.924725, 0.885697, 0.910048, 0.895177
0.912659, 5.90066, 0.201459, 0.4, -0.0027478, 0.924722, 0.885693, 0.910044, 0.895173
0.912709, 5.89819, 0.201433, 0.4, -0.00274663, 0.924718, 0.885689, 0.910041, 0.89517
0.912759, 5.89572, 0.201407, 0.4, -0.00274546, 0.924715, 0.885685, 0.910037, 0.895166
0.912809, 5.89325, 0.201381, 0.4, -0.0027443, 0.924711, 0.885682, 0.910034, 0.895162
0.912859, 5.89078, 0.201355, 0.4, -0.00274313, 0.924708, 0.885678, 0.91003, 0.895158
0.912909, 5.88831, 0.20133, 0.4, -0.00274196, 0.924705, 0.885674, 0.910027, 0.895155
0.912959, 5.88584, 0.201304, 0.4, -0.0027408, 0.924701, 0.88567, 0.910023, 0.895151
0.913009, 5.88338, 0.201278, 0.4, -0.00273963, 0.924698, 0.885667, 0.91002, 0.895147
0.913059, 5.88091, 0.201252, 0.4, -0.00273846, 0.924694, 0.885663, 0.910016, 0.895143
0.913109, 5.87845, 0.201226, 0.4, -0.00273729, 0.924691, 0.885659, 0.910013, 0.89514
0.913159, 5.87599, 0.2012, 0.4, -0.00273613, 0.924687, 0.885655, 0.91001, 0.895136
0.913209, 5.87352, 0.201174, 0.4, -0.00273496, 0.924684, 0.885651, 0.910006, 0.895132
0.913259, 5.87106, 0.201149, 0.4, -0.00273379, 0.92468, 0.885648, 0.910003, 0.895128
0.913309, 5.8686, 0.201123, 0.4, -0.00273262, 0.924677, 0.885644, 0.909999, 0.895125
0.913359, 5.86614, 0.201097, 0.4, -0.00273146, 0.924673, 0.88564, 0.909996, 0.895121
0.913409, 5.86369, 0.201071, 0.4, -0.00273029, 0.92467, 0.885636, 0.909992, 0.895117
0.913459, 5.86123, 0.201046, 0.4, -0.00272912, 0.924667, 0.885633, 0.909989, 0.895113
0.913509, 5.85877, 0.20102, 0.4, -0.00272795, 0.924663, 0.885629, 0.909985, 0.89511
0.913559, 5.85632, 0.200994, 0.4, -0.00272678, 0.92466, 0.885625, 0.909982, 0.895106
0.913609, 5.85387, 0.200968, 0.4, -0.00272561, 0.924656, 0.885621, 0.909979, 0.895102
0.913659, 5.85141, 0.200943, 0.4, -0.00272444, 0.924653, 0.885618, 0.909975, 0.895098
0.913709, 5.84896, 0.200917, 0.4, -0.00272327, 0.924649, 0.885614, 0.909972, 0.895095
0.913759, 5.84651, 0.200892, 0.4, -0.00272211, 0.924646, 0.88561, 0.909968, 0.895091
0.913809, 5.84406, 0.200866, 0.4, -0.00272094, 0.924643, 0.885606, 0.909965, 0.895087
0.913859, 5.84161, 0.20084, 0.4, -0.00271977, 0.924639, 0.885603, 0.909961, 0.895083
0.913909, 5.83917, 0.200815, 0.4, -0.0027186, 0.924636, 0.885599, 0.909958, 0.89508
0.913959, 5.83672, 0.200789, 0.4, -0.00271743, 0.924632, 0.885595, 0.909955, 0.895076
0.914009, 5.83427, 0.200764, 0.4, -0.00271626, 0.924629, 0.885591, 0.909951, 0.895072
0.914059, 5.83183, 0.200738, 0.4, -0.00271509, 0.924626, 0.885588, 0.909948, 0.895069
0.914109, 5.82939, 0.200713, 0.4, -0.00271392, 0.924622, 0.885584, 0.909944, 0.895065
0.914159, 5.82695, 0.200687, 0.4, -0.00271275, 0.924619, 0.88558, 0.909941, 0.895061
0.914209, 5.8245, 0.200662, 0.4, -0.00271157, 0.924615, 0.885576, 0.909937, 0.895057
0.914259, 5.82206, 0.200636, 0.4, -0.0027104, 0.924612, 0.885573, 0.909934, 0.895054
0.91431, 5.81963, 0.200611, 0.4, -0.00270923, 0.924608, 0.885569, 0.909931, 0.89505
0.91436, 5.81719, 0.200586, 0.4, -0.00270806, 0.924605, 0.885565, 0.909927, 0.895046
0.91441, 5.81475, 0.20056, 0.4, -0.00270689, 0.924601, 0.885561, 0.909924, 0.895043
0.91446, 5.81232, 0.200535, 0.4, -0.00270572, 0.924598, 0.885558, 0.90992, 0.895039
0.91451, 5.80988, 0.200509, 0.4, -0.00270455, 0.924595, 0.885554, 0.909917, 0.895035
0.91456, 5.80745, 0.200484, 0.4, -0.00270338, 0.924591, 0.88555, 0.909914, 0.895032
0.91461, 5.80502, 0.200459, 0.4, -0.0027022, 0.924588, 0.885547, 0.90991, 0.895028
0.91466, 5.80258, 0.200434, 0.4, -0.00270103, 0.924584, 0.885543, 0.909907, 0.895024
0.91471, 5.80015, 0.200408, 0.4, -0.00269986, 0.924581, 0.885539, 0.909903, 0.89502
0.91476, 5.79772, 0.200383, 0.4, -0.00269869, 0.924578, 0.885535, 0.9099, 0.895017
0.91481, 5.7953, 0.200358, 0.4, -0.00269752, 0.924574, 0.885532, 0.909897, 0.895013
0.91486, 5.79287, 0.200333, 0.4, -0.00269634, 0.924571, 0.885528, 0.909893, 0.895009
0.91491, 5.79044, 0.200307, 0.4, -0.00269517, 0.924567, 0.885524, 0.90989, 0.895006
0.91496, 5.78802, 0.200282, 0.4, -0.002694, 0.924564, 0.88552, 0.909886, 0.895002
0.91501, 5.78559, 0.200257, 0.4, -0.00269282, 0.92456, 0.885517, 0.909883, 0.894998
0.91506, 5.78317, 0.200232, 0.4, -0.00269165, 0.924557, 0.885513, 0.90988, 0.894994
0.91511, 5.78075, 0.200207, 0.4, -0.00269048, 0.924553, 0.885509, 0.909876, 0.894991
0.91516, 5.77833, 0.200182, 0.4, -0.0026893, 0.92455, 0.885506, 0.909873, 0.894987
0.91521, 5.77591, 0.200157, 0.4, -0.00268813, 0.924547, 0.885502, 0.909869, 0.894983
0.91526, 5.77349, 0.200131, 0.4, -0.00268696, 0.924543, 0.885498, 0.909866, 0.89498
0.91531, 5.77107, 0.200106, 0.4, -0.00268578, 0.92454, 0.885494, 0.909863, 0.894976
0.91536, 5.76865, 0.200081, 0.4, -0.00268461, 0.924536, 0.885491, 0.909859, 0.894972
0.91541, 5.76624, 0.200057, 0.4, -0.00268344, 0.924533, 0.885487, 0.909856, 0.894969
0.91546, 5.76382, 0.200032, 0.4, -0.00268226, 0.92453, 0.885483, 0.909853, 0.894965
0.91551, 5.76141, 0.200007, 0.4, -0.00268109, 0.924526, 0.88548, 0.909849, 0.894961
0.91556, 5.759, 0.199982, 0.4, -0.00267991, 0.924523, 0.885476, 0.909846, 0.894958
0.91561, 5.75659, 0.199957, 0.4, -0.00267874, 0.924519, 0.885472, 0.909842, 0.894954
0.91566, 5.75418, 0.199932, 0.4, -0.00267756, 0.924516, 0.885469, 0.909839, 0.89495
0.91571, 5.75177, 0.199907, 0.4, -0.00267639, 0.924513, 0.885465, 0.909836, 0.894947
0.91576, 5.74936, 0.199882, 0.4, -0.00267521, 0.924509, 0.885461, 0.909832, 0.894943
0.91581, 5.74695, 0.199857, 0.4, -0.00267404, 0.924506, 0.885458, 0.909829, 0.894939
0.91586, 5.74455, 0.199832, 0.4, -0.00267286, 0.924502, 0.885454, 0.909826, 0.894936
0.91591, 5.74214, 0.199807, 0.4, -0.00267169, 0.924499, 0.88545, 0.909822, 0.894932
0.91596, 5.73974, 0.199783, 0.4, -0.00267051, 0.924495, 0.885446, 0.909819, 0.894928
0.91601, 5.73733, 0.199758, 0.4, -0.00266933, 0.924492, 0.885443, 0.909815, 0.894925
0.91606, 5.73493, 0.199733, 0.4, -0.00266816, 0.924488, 0.885439, 0.909812, 0.894921
0.91611, 5.73253, 0.199708, 0.4, -0.00266698, 0.924485, 0.885435, 0.909809, 0.894917
0.91616, 5.73013, 0.199683, 0.4, -0.00266581, 0.924482, 0.885432, 0.909805, 0.894914
0.91621, 5.72773, 0.199659, 0.4, -0.00266463, 0.924478, 0.885428, 0.909802, 0.89491
0.91626, 5.72533, 0.199634, 0.4, -0.00266345, 0.924475, 0.885424, 0.909799, 0.894907
0.91631, 5.72294, 0.19961, 0.4, -0.00266228, 0.924471, 0.885421, 0.909795, 0.894903
0.91636, 5.72054, 0.199585, 0.4, -0.0026611, 0.924468, 0.885417, 0.909792, 0.894899
0.91641, 5.71815, 0.19956, 0.4, -0.00265992, 0.924465, 0.885413, 0.909789, 0.894896
0.91646, 5.71575, 0.199536, 0.4, -0.00265875, 0.924461, 0.885409, 0.909785, 0.894892
0.91651, 5.71336, 0.199511, 0.4, -0.00265757, 0.924458, 0.885406, 0.909782, 0.894888
0.91656, 5.71097, 0.199486, 0.4, -0.00265639, 0.924454, 0.885402, 0.909779, 0.894885
0.91661, 5.70858, 0.199462, 0.4, -0.00265521, 0.924451, 0.885399, 0.909775, 0.894881
0.91666, 5.70619, 0.199437, 0.4, -0.00265404, 0.924448, 0.885395, 0.909772, 0.894877
0.91671, 5.7038, 0.199413, 0.4, -0.00265286, 0.924444, 0.885391, 0.909769, 0.894874
0.91676, 5.70142, 0.199388, 0.4, -0.00265168, 0.924441, 0.885387, 0.909765, 0.89487
0.91681, 5.69903, 0.199364, 0.4, -0.0026505, 0.924437, 0.885384, 0.909762, 0.894866
0.91686, 5.69665, 0.199339, 0.4, -0.00264932, 0.924434, 0.88538, 0.909759, 0.894863
0.91691, 5.69426, 0.199315, 0.4, -0.00264815, 0.924431, 0.885377, 0.909755, 0.894859
0.91696, 5.69188, 0.19929, 0.4, -0.00264697, 0.924427, 0.885373, 0.909752, 0.894856
0.91701, 5.6895, 0.199266, 0.4, -0.00264579, 0.924424, 0.885369, 0.909748, 0.894852
0.91706, 5.68712, 0.199242, 0.4, -0.00264461, 0.92442, 0.885366, 0.909745, 0.894848
0.91711, 5.68474, 0.199217, 0.4, -0.00264343, 0.924417, 0.885362, 0.909742, 0.894845
0.91716, 5.68236, 0.199193, 0.4, -0.00264225, 0.924414, 0.885358, 0.909739, 0.894841
0.91721, 5.67998, 0.199169, 0.4, -0.00264107, 0.92441, 0.885355, 0.909735, 0.894837
0.91726, 5.6776, 0.199144, 0.4, -0.00263989, 0.924407, 0.885351, 0.909732, 0.894834
0.91731, 5.67523, 0.19912, 0.4, -0.00263871, 0.924403, 0.885347, 0.909729, 0.89483
0.91736, 5.67285, 0.199096, 0.4, -0.00263753, 0.9244, 0.885344, 0.909725, 0.894827
0.91741, 5.67048, 0.199072, 0.4, -0.00263635, 0.924397, 0.88534, 0.909722, 0.894823
0.91746, 5.66811, 0.199047, 0.4, -0.00263517, 0.924393, 0.885336, 0.909719, 0.894819
0.91751, 5.66574, 0.199023, 0.4, -0.00263399, 0.92439, 0.885333, 0.909715, 0.894816
0.91756, 5.66337, 0.198999, 0.4, -0.00263281, 0.924387, 0.885329, 0.909712, 0.894812
0.91761, 5.661, 0.198975, 0.4, -0.00263163, 0.924383, 0.885325, 0.909709, 0.894809
0.91766, 5.65863, 0.19895, 0.4, -0.00263045, 0.92438, 0.885322, 0.909705, 0.894805
0.91771, 5.65626, 0.198926, 0.4, -0.00262927, 0.924376, 0.885318, 0.909702, 0.894801
0.91776, 5.6539, 0.198902, 0.4, -0.00262809, 0.924373, 0.885314, 0.909699, 0.894798
0.91781, 5.65153, 0.198878, 0.4, -0.00262691, 0.92437, 0.885311, 0.909695, 0.894794
0.91786, 5.64917, 0.198854, 0.4, -0.00262573, 0.924366, 0.885307, 0.909692, 0.89479
0.91791, 5.64681, 0.19883, 0.4, -0.00262455, 0.924363, 0.885303, 0.909689, 0.894787
0.91796, 5.64445, 0.198806, 0.4, -0.00262337, 0.924359, 0.8853, 0.909685, 0.894783
0.91801, 5.64209, 0.198782, 0.4, -0.00262219, 0.924356, 0.885296, 0.909682, 0.89478
0.91806, 5.63973, 0.198757, 0.4, -0.00262101, 0.924353, 0.885293, 0.909679, 0.894776
0.91811, 5.63737, 0.198734, 0.4, -0.00261982, 0.924349, 0.885289, 0.909676, 0.894772
0.91816, 5.63501, 0.19871, 0.4, -0.00261864, 0.924346, 0.885285, 0.909672, 0.894769
0.91821, 5.63265, 0.198686, 0.4, -0.00261746, 0.924342, 0.885282, 0.909669, 0.894765
0.91826, 5.6303, 0.198662, 0.4, -0.00261628, 0.924339, 0.885278, 0.909666, 0.894762
0.91831, 5.62794, 0.198638, 0.4, -0.0026151, 0.924336, 0.885274, 0.909662, 0.894758
0.91836, 5.62559, 0.198614, 0.4, -0.00261391, 0.924332, 0.885271, 0.909659, 0.894755
0.91841, 5.62324, 0.19859, 0.4, -0.00261273, 0.924329, 0.885267, 0.909656, 0.894751
0.91846, 5.62089, 0.198566, 0.4, -0.00261155, 0.924325, 0.885264, 0.909653, 0.894747
0.91851, 5.61854, 0.198542, 0.4, -0.00261037, 0.924322, 0.88526, 0.909649, 0.894744
0.91856, 5.61619, 0.198518, 0.4, -0.00260918, 0.924319, 0.885256, 0.909646, 0.89474
0.91861, 5.61384, 0.198495, 0.4, -0.002608, 0.924315, 0.885253, 0.909643, 0.894737
0.91866, 5.6115, 0.198471, 0.4, -0.00260682, 0.924312, 0.885249, 0.909639, 0.894733
0.91871, 5.60915, 0.198447, 0.4, -0.00260563, 0.924309, 0.885246, 0.909636, 0.89473
0.91876, 5.60681, 0.198423, 0.4, -0.00260445, 0.924305, 0.885242, 0.909633, 0.894726
0.91881, 5.60446, 0.1984, 0.4, -0.00260327, 0.924302, 0.885238, 0.90963, 0.894722
0.91886, 5.60212, 0.198376, 0.4, -0.00260208, 0.924299, 0.885235, 0.909626, 0.894719
0.91891, 5.59978, 0.198352, 0.4, -0.0026009, 0.924295, 0.885231, 0.909623, 0.894715
0.91896, 5.59744, 0.198328, 0.4, -0.00259971, 0.924292, 0.885227, 0.90962, 0.894712
0.91901, 5.5951, 0.198305, 0.4, -0.00259853, 0.924288, 0.885224, 0.909617, 0.894708
0.91906, 5.59276, 0.198281, 0.4, -0.00259735, 0.924285, 0.88522, 0.909613, 0.894705
0.91911, 5.59042, 0.198257, 0.4, -0.00259616, 0.924282, 0.885217, 0.90961, 0.894701
0.91916, 5.58809, 0.198234, 0.4, -0.00259498, 0.924278, 0.885213, 0.909607, 0.894697
0.91921, 5.58575, 0.19821, 0.4, -0.00259379, 0.924275, 0.885209, 0.909603, 0.894694
0.91926, 5.58342, 0.198187, 0.4, -0.00259261, 0.924271, 0.885206, 0.9096, 0.89469
0.91931, 5.58109, 0.198163, 0.4, -0.00259142, 0.924268, 0.885202, 0.909597, 0.894687
0.91936, 5.57876, 0.198139, 0.4, -0.00259024, 0.924265, 0.885199, 0.909594, 0.894683
0.91941, 5.57643, 0.198116, 0.4, -0.00258905, 0.924261, 0.885195, 0.90959, 0.89468
0.91946, 5.5741, 0.198092, 0.4, -0.00258787, 0.924258, 0.885191, 0.909587, 0.894676
0.91951, 5.57177, 0.198069, 0.4, -0.00258668, 0.924255, 0.885188, 0.909584, 0.894673
0.91956, 5.56944, 0.198045, 0.4, -0.0025855, 0.924251, 0.885184, 0.909581, 0.894669
0.91961, 5.56711, 0.198022, 0.4, -0.00258431, 0.924248, 0.885181, 0.909577, 0.894665
0.91966, 5.56479, 0.197999, 0.4, -0.00258312, 0.924245, 0.885177, 0.909574, 0.894662
0.91971, 5.56246, 0.197975, 0.4, -0.00258194, 0.924241, 0.885173, 0.909571, 0.894658
0.91976, 5.56014, 0.197952, 0.4, -0.00258075, 0.924238, 0.88517, 0.909568, 0.894655
0.91981, 5.55782, 0.197928, 0.4, -0.00257957, 0.924234, 0.885166, 0.909564, 0.894651
0.91986, 5.5555, 0.197905, 0.4, -0.00257838, 0.924231, 0.885163, 0.909561, 0.894648
0.91991, 5.55318, 0.197882, 0.4, -0.00257719, 0.924228, 0.885159, 0.909558, 0.894644
0.91996, 5.55086, 0.197859, 0.4, -0.00257601, 0.924224, 0.885156, 0.909555, 0.894641
0.92001, 5.54854, 0.197835, 0.4, -0.00257482, 0.924221, 0.885152, 0.909552, 0.894637
0.92006, 5.54622, 0.197812, 0.4, -0.00257363, 0.924218, 0.885148, 0.909548, 0.894634
0.92011, 5.54391, 0.197789, 0.4, -0.00257244, 0.924214, 0.885145, 0.909545, 0.89463
0.92016, 5.54159, 0.197765, 0.4, -0.00257126, 0.924211, 0.885141, 0.909542, 0.894627
0.92021, 5.53928, 0.197742, 0.4, -0.00257007, 0.924208, 0.885138, 0.909539, 0.894623
0.92026, 5.53697, 0.197719, 0.4, -0.00256888, 0.924204, 0.885134, 0.909535, 0.89462
0.92031, 5.53466, 0.197696, 0.4, -0.00256769, 0.924201, 0.885131, 0.909532, 0.894616
0.920361, 5.53235, 0.197673, 0.4, -0.00256651, 0.924197, 0.885127, 0.909529, 0.894612
0.920411, 5.53004, 0.197649, 0.4, -0.00256532, 0.924194, 0.885123, 0.909526, 0.894609
0.920461, 5.52773, 0.197626, 0.4, -0.00256413, 0.924191, 0.88512, 0.909522, 0.894605
0.920511, 5.52542, 0.197603, 0.4, -0.00256294, 0.924187, 0.885116, 0.909519, 0.894602
0.920561, 5.52312, 0.19758, 0.4, -0.00256175, 0.924184, 0.885113, 0.909516, 0.894598
0.920611, 5.52081, 0.197557, 0.4, -0.00256057, 0.924181, 0.885109, 0.909513, 0.894595
0.920661, 5.51851, 0.197534, 0.4, -0.00255938, 0.924177, 0.885106, 0.909509, 0.894591
0.920711, 5.5162, 0.197511, 0.4, -0.00255819, 0.924174, 0.885102, 0.909506, 0.894588
0.920761, 5.5139, 0.197488, 0.4, -0.002557, 0.924171, 0.885098, 0.909503, 0.894584
0.920811, 5.5116, 0.197465, 0.4, -0.00255581, 0.924167, 0.885095, 0.9095, 0.894581
0.920861, 5.5093, 0.197442, 0.4, -0.00255462, 0.924164, 0.885091, 0.909497, 0.894577
0.920911, 5.507, 0.197419, 0.4, -0.00255343, 0.924161, 0.885088, 0.909494, 0.894574
0.920961, 5.50471, 0.197396, 0.4, -0.00255224, 0.924157, 0.885084, 0.90949, 0.89457
0.921011, 5.50241, 0.197373, 0.4, -0.00255105, 0.924154, 0.885081, 0.909487, 0.894567
0.921061, 5.50011, 0.19735, 0.4, -0.00254986, 0.92415, 0.885077, 0.909484, 0.894563
0.921111, 5.49782, 0.197327, 0.4, -0.00254867, 0.924147, 0.885074, 0.909481, 0.89456
0.921161, 5.49553, 0.197304, 0.4, -0.00254749, 0.924144, 0.88507, 0.909477, 0.894556
0.921211, 5.49324, 0.197282, 0.4, -0.0025463, 0.92414, 0.885067, 0.909474, 0.894553
0.921261, 5.49094, 0.197259, 0.4, -0.0025451, 0.924137, 0.885063, 0.909471, 0.894549
0.921311, 5.48865, 0.197236, 0.4, -0.00254391, 0.924134, 0.885059, 0.909468, 0.894546
0.921361, 5.48636, 0.197213, 0.4, -0.00254272, 0.92413, 0.885056, 0.909465, 0.894542
0.921411, 5.48408, 0.19719, 0.4, -0.00254153, 0.924127, 0.885052, 0.909461, 0.894539
0.921461, 5.48179, 0.197168, 0.4, -0.00254034, 0.924124, 0.885049, 0.909458, 0.894535
0.921511, 5.4795, 0.197145, 0.4, -0.00253915, 0.92412, 0.885045, 0.909455, 0.894532
0.921561, 5.47722, 0.197122, 0.4, -0.00253796, 0.924117, 0.885042, 0.909452, 0.894528
0.921611, 5.47494, 0.197099, 0.4, -0.00253677, 0.924114, 0.885038, 0.909449, 0.894525
0.921661, 5.47265, 0.197077, 0.4, -0.00253558, 0.92411, 0.885035, 0.909446, 0.894521
0.921711, 5.47037, 0.197054, 0.4, -0.00253439, 0.924107, 0.885031, 0.909442, 0.894518
0.921761, 5.46809, 0.197031, 0.4, -0.0025332, 0.924104, 0.885028, 0.909439, 0.894515
0.921811, 5.46581, 0.197009, 0.4, -0.002532, 0.9241, 0.885024, 0.909436, 0.894511
0.921861, 5.46353, 0.196986, 0.4, -0.00253081, 0.924097, 0.885021, 0.909433, 0.894508
0.921911, 5.46126, 0.196963, 0.4, -0.00252962, 0.924094, 0.885017, 0.90943, 0.894504
0.921961, 5.45898, 0.196941, 0.4, -0.00252843, 0.92409, 0.885014, 0.909426, 0.894501
0.922011, 5.45671, 0.196918, 0.4, -0.00252724, 0.924087, 0.88501, 0.909423, 0.894497
0.922061, 5.45443, 0.196896, 0.4, -0.00252605, 0.924084, 0.885007, 0.90942, 0.894494
0.922111, 5.45216, 0.196873, 0.4, -0.00252485, 0.92408, 0.885003, 0.909417, 0.89449
0.922161, 5.44989, 0.196851, 0.4, -0.00252366, 0.924077, 0.885, 0.909414, 0.894487
0.922211, 5.44762, 0.196828, 0.4, -0.00252247, 0.924074, 0.884996, 0.909411, 0.894483
0.922261, 5.44535, 0.196806, 0.4, -0.00252128, 0.92407, 0.884993, 0.909407, 0.89448
0.922311, 5.44308, 0.196783, 0.4, -0.00252008, 0.924067, 0.884989, 0.909404, 0.894476
0.922361, 5.44081, 0.196761, 0.4, -0.00251889, 0.924064, 0.884986, 0.909401, 0.894473
0.922411, 5.43854, 0.196738, 0.4, -0.0025177, 0.92406, 0.884982, 0.909398, 0.894469
0.922461, 5.43628, 0.196716, 0.4, -0.0025165, 0.924057, 0.884979, 0.909395, 0.894466
0.922511, 5.43401, 0.196694, 0.4, -0.00251531, 0.924054, 0.884975, 0.909392, 0.894463
0.922561, 5.43175, 0.196671, 0.4, -0.00251412, 0.92405, 0.884972, 0.909389, 0.894459
0.922611, 5.42949, 0.196649, 0.4, -0.00251292, 0.924047, 0.884968, 0.909385, 0.894456
0.922661, 5.42723, 0.196627, 0.4, -0.00251173, 0.924044, 0.884965, 0.909382, 0.894452
0.922711, 5.42497, 0.196605, 0.4, -0.00251053, 0.92404, 0.884961, 0.909379, 0.894449
0.922761, 5.42271, 0.196582, 0.4, -0.00250934, 0.924037, 0.884958, 0.909376, 0.894445
0.922811, 5.42045, 0.19656, 0.4, -0.00250815, 0.924034, 0.884954, 0.909373, 0.894442
0.922861, 5.41819, 0.196538, 0.4, -0.00250695, 0.92403, 0.884951, 0.90937, 0.894439
0.922911, 5.41594, 0.196516, 0.4, -0.00250576, 0.924027, 0.884947, 0.909367, 0.894435
0.922961, 5.41368, 0.196493, 0.4, -0.00250456, 0.924024, 0.884944, 0.909363, 0.894432
0.923011, 5.41143, 0.196471, 0.4, -0.00250337, 0.924021, 0.88494, 0.90936, 0.894428
0.923061, 5.40918, 0.196449, 0.4, -0.00250217, 0.924017, 0.884937, 0.909357, 0.894425
0.923111, 5.40693, 0.196427, 0.4, -0.00250098, 0.924014, 0.884933, 0.909354, 0.894421
0.923161, 5.40468, 0.196405, 0.4, -0.00249978, 0.924011, 0.88493, 0.909351, 0.894418
0.923211, 5.40243, 0.196383, 0.4, -0.00249859, 0.924007, 0.884926, 0.909348, 0.894415
0.923261, 5.40018, 0.196361, 0.4, -0.00249739, 0.924004, 0.884923, 0.909345, 0.894411
0.923311, 5.39793, 0.196339, 0.4, -0.0024962, 0.924001, 0.884919, 0.909342, 0.894408
0.923361, 5.39568, 0.196317, 0.4, -0.002495, 0.923997, 0.884916, 0.909338, 0.894404
0.923411, 5.39344, 0.196295, 0.4, -0.00249381, 0.923994, 0.884912, 0.909335, 0.894401
0.923461, 5.3912, 0.196272, 0.4, -0.00249261, 0.923991, 0.884909, 0.909332, 0.894397
0.923511, 5.38895, 0.19625, 0.4, -0.00249142, 0.923987, 0.884905, 0.909329, 0.894394
0.923561, 5.38671, 0.196228, 0.4, -0.00249022, 0.923984, 0.884902, 0.909326, 0.894391
0.923611, 5.38447, 0.196206, 0.4, -0.00248902, 0.923981, 0.884898, 0.909323, 0.894387
0.923661, 5.38223, 0.196184, 0.4, -0.00248783, 0.923977, 0.884895, 0.90932, 0.894384
0.923711, 5.37999, 0.196163, 0.4, -0.00248663, 0.923974, 0.884892, 0.909317, 0.89438
0.923761, 5.37775, 0.196141, 0.4, -0.00248543, 0.923971, 0.884888, 0.909313, 0.894377
0.923811, 5.37552, 0.196119, 0.4, -0.00248424, 0.923968, 0.884885, 0.90931, 0.894374
0.923861, 5.37328, 0.196097, 0.4, -0.00248304, 0.923964, 0.884881, 0.909307, 0.89437
0.923911, 5.37105, 0.196075, 0.4, -0.00248184, 0.923961, 0.884878, 0.909304, 0.894367
0.923961, 5.36882, 0.196053, 0.4, -0.00248065, 0.923958, 0.884874, 0.909301, 0.894363
0.924011, 5.36658, 0.196031, 0.4, -0.00247945, 0.923954, 0.884871, 0.909298, 0.89436
0.924061, 5.36435, 0.19601, 0.4, -0.00247825, 0.923951, 0.884867, 0.909295, 0.894357
0.924111, 5.36212, 0.195988, 0.4, -0.00247705, 0.923948, 0.884864, 0.909292, 0.894353
0.924161, 5.35989, 0.195966, 0.4, -0.00247586, 0.923944, 0.88486, 0.909288, 0.89435
0.924211, 5.35767, 0.195944, 0.4, -0.00247466, 0.923941, 0.884857, 0.909285, 0.894346
0.924261, 5.35544, 0.195923, 0.4, -0.00247346, 0.923938, 0.884854, 0.909282, 0.894343
0.924311, 5.35321, 0.195901, 0.4, -0.00247226, 0.923935, 0.88485, 0.909279, 0.89434
0.924361, 5.35099, 0.195879, 0.4, -0.00247107, 0.923931, 0.884847, 0.909276, 0.894336
0.924411, 5.34877, 0.195858, 0.4, -0.00246987, 0.923928, 0.884843, 0.909273, 0.894333
0.924461, 5.34654, 0.195836, 0.4, -0.00246867, 0.923925, 0.88484, 0.90927, 0.894329
0.924511, 5.34432, 0.195815, 0.4, -0.00246747, 0.923921, 0.884836, 0.909267, 0.894326
0.924561, 5.3421, 0.195793, 0.4, -0.00246627, 0.923918, 0.884833, 0.909264, 0.894323
0.924611, 5.33988, 0.195771, 0.4, -0.00246507, 0.923915, 0.88483, 0.909261, 0.894319
0.924661, 5.33767, 0.19575, 0.4, -0.00246388, 0.923912, 0.884826, 0.909258, 0.894316
0.924711, 5.33545, 0.195728, 0.4, -0.00246268, 0.923908, 0.884823, 0.909255, 0.894313
0.924761, 5.33323, 0.195707, 0.4, -0.00246148, 0.923905, 0.884819, 0.909252, 0.894309
0.924811, 5.33102, 0.195685, 0.4, -0.00246028, 0.923902, 0.884816, 0.909248, 0.894306
0.924861, 5.3288, 0.195664, 0.4, -0.00245908, 0.923898, 0.884812, 0.909245, 0.894302
0.924911, 5.32659, 0.195642, 0.4, -0.00245788, 0.923895, 0.884809, 0.909242, 0.894299
0.924961, 5.32438, 0.195621, 0.4, -0.00245668, 0.923892, 0.884805, 0.909239, 0.894296
0.925011, 5.32217, 0.195599, 0.4, -0.00245548, 0.923889, 0.884802, 0.909236, 0.894292
0.925061, 5.31996, 0.195578, 0.4, -0.00245428, 0.923885, 0.884799, 0.909233, 0.894289
0.925111, 5.31775, 0.195556, 0.4, -0.00245308, 0.923882, 0.884795, 0.90923, 0.894286
0.925161, 5.31554, 0.195535, 0.4, -0.00245188, 0.923879, 0.884792, 0.909227, 0.894282
0.925211, 5.31334, 0.195514, 0.4, -0.00245068, 0.923875, 0.884788, 0.909224, 0.894279
0.925261, 5.31113, 0.195492, 0.4, -0.00244948, 0.923872, 0.884785, 0.909221, 0.894276
0.925311, 5.30893, 0.195471, 0.4, -0.00244828, 0.923869, 0.884781, 0.909218, 0.894272
0.925361, 5.30673, 0.19545, 0.4, -0.00244708, 0.923865, 0.884778, 0.909215, 0.894269
0.925411, 5.30452, 0.195428, 0.4, -0.00244588, 0.923862, 0.884775, 0.909212, 0.894265
0.925461, 5.30232, 0.195407, 0.4, -0.00244468, 0.923859, 0.884771, 0.909209, 0.894262
0.925511, 5.30012, 0.195386, 0.4, -0.00244348, 0.923856, 0.884768, 0.909205, 0.894259
0.925561, 5.29792, 0.195364, 0.4, -0.00244228, 0.923852, 0.884764, 0.909202, 0.894255
0.925611, 5.29573, 0.195343, 0.4, -0.00244108, 0.923849, 0.884761, 0.909199, 0.894252
0.925661, 5.29353, 0.195322, 0.4, -0.00243987, 0.923846, 0.884758, 0.909196, 0.894249
0.925711, 5.29134, 0.195301, 0.4, -0.00243867, 0.923842, 0.884754, 0.909193, 0.894245
0.925761, 5.28914, 0.19528, 0.4, -0.00243747, 0.923839, 0.884751, 0.90919, 0.894242
0.925811, 5.28695, 0.195259, 0.4, -0.00243627, 0.923836, 0.884748, 0.909187, 0.894239
0.925861, 5.28476, 0.195238, 0.4, -0.00243507, 0.923833, 0.884744, 0.909184, 0.894235
0.925911, 5.28257, 0.195216, 0.4, -0.00243387, 0.923829, 0.884741, 0.909181, 0.894232
0.925961, 5.28038, 0.195195, 0.4, -0.00243266, 0.923826, 0.884737, 0.909178, 0.894229
0.926011, 5.27819, 0.195174, 0.4, -0.00243146, 0.923823, 0.884734, 0.909175, 0.894225
0.926061, 5.276, 0.195153, 0.4, -0.00243026, 0.92382, 0.88473, 0.909172, 0.894222
0.926111, 5.27381, 0.195132, 0.4, -0.00242906, 0.923816, 0.884727, 0.909169, 0.894219
0.926161, 5.27163, 0.195111, 0.4, -0.00242786, 0.923813, 0.884724, 0.909166, 0.894215
0.926211, 5.26944, 0.19509, 0.4, -0.00242665, 0.92381, 0.88472, 0.909163, 0.894212
0.926261, 5.26726, 0.195069, 0.4, -0.00242545, 0.923806, 0.884717, 0.90916, 0.894209
0.926311, 5.26508, 0.195048, 0.4, -0.00242425, 0.923803, 0.884714, 0.909157, 0.894206
0.926362, 5.26289, 0.195027, 0.4, -0.00242304, 0.9238, 0.88471, 0.909154, 0.894202
0.926412, 5.26072, 0.195006, 0.4, -0.00242184, 0.923797, 0.884707, 0.909151, 0.894199
0.926462, 5.25854, 0.194985, 0.4, -0.00242064, 0.923793, 0.884703, 0.909148, 0.894195
0.926512, 5.25636, 0.194965, 0.4, -0.00241944, 0.92379, 0.8847, 0.909145, 0.894192
0.926562, 5.25418, 0.194944, 0.4, -0.00241823, 0.923787, 0.884697, 0.909142, 0.894189
0.926612, 5.25201, 0.194923, 0.4, -0.00241703, 0.923784, 0.884693, 0.909139, 0.894186
0.926662, 5.24983, 0.194902, 0.4, -0.00241582, 0.92378, 0.88469, 0.909136, 0.894182
0.926712, 5.24766, 0.194881, 0.4, -0.00241462, 0.923777, 0.884686, 0.909133, 0.894179
0.926762, 5.24548, 0.19486, 0.4, -0.00241342, 0.923774, 0.884683, 0.90913, 0.894176
0.926812, 5.24331, 0.19484, 0.4, -0.00241221, 0.92377, 0.88468, 0.909127, 0.894172
0.926862, 5.24114, 0.194819, 0.4, -0.00241101, 0.923767, 0.884676, 0.909124, 0.894169
0.926912, 5.23897, 0.194798, 0.4, -0.00240981, 0.923764, 0.884673, 0.909121, 0.894166
0.926962, 5.2368, 0.194777, 0.4, -0.0024086, 0.923761, 0.88467, 0.909118, 0.894162
0.927012, 5.23464, 0.194757, 0.4, -0.0024074, 0.923757, 0.884666, 0.909114, 0.894159
0.927062, 5.23247, 0.194736, 0.4, -0.00240619, 0.923754, 0.884663, 0.909111, 0.894156
0.927112, 5.23031, 0.194715, 0.4, -0.00240499, 0.923751, 0.88466, 0.909108, 0.894152
0.927162, 5.22814, 0.194695, 0.4, -0.00240378, 0.923748, 0.884656, 0.909105, 0.894149
0.927212, 5.22598, 0.194674, 0.4, -0.00240258, 0.923744, 0.884653, 0.909102, 0.894146
0.927262, 5.22382, 0.194654, 0.4, -0.00240137, 0.923741, 0.88465, 0.9091, 0.894143
0.927312, 5.22166, 0.194633, 0.4, -0.00240017, 0.923738, 0.884646, 0.909096, 0.894139
0.927362, 5.2195, 0.194612, 0.4, -0.00239896, 0.923735, 0.884643, 0.909093, 0.894136
0.927412, 5.21734, 0.194592, 0.4, -0.00239776, 0.923731, 0.884639, 0.909091, 0.894133
0.927462, 5.21518, 0.194571, 0.4, -0.00239655, 0.923728, 0.884636, 0.909087, 0.894129
0.927512, 5.21303, 0.194551, 0.4, -0.00239535, 0.923725, 0.884633, 0.909084, 0.894126
0.927562, 5.21087, 0.19453, 0.4, -0.00239414, 0.923722, 0.884629, 0.909082, 0.894123
0.927612, 5.20871, 0.19451, 0.4, -0.00239293, 0.923718, 0.884626, 0.909079, 0.89412
0.927662, 5.20656, 0.194489, 0.4, -0.00239173, 0.923715, 0.884623, 0.909076, 0.894116
0.927712, 5.20441, 0.194469, 0.4, -0.00239052, 0.923712, 0.884619, 0.909073, 0.894113
0.927762, 5.20226, 0.194448, 0.4, -0.00238932, 0.923709, 0.884616, 0.90907, 0.89411
0.927812, 5.20011, 0.194428, 0.4, -0.00238811, 0.923705, 0.884613, 0.909067, 0.894107
0.927862, 5.19796, 0.194408, 0.4, -0.0023869, 0.923702, 0.884609, 0.909064, 0.894103
0.927912, 5.19581, 0.194387, 0.4, -0.0023857, 0.923699, 0.884606, 0.909061, 0.8941
0.927962, 5.19367, 0.194367, 0.4, -0.00238449, 0.923696, 0.884603, 0.909058, 0.894097
0.928012, 5.19152, 0.194347, 0.4, -0.00238328, 0.923692, 0.884599, 0.909055, 0.894093
0.928062, 5.18938, 0.194326, 0.4, -0.00238208, 0.923689, 0.884596, 0.909052, 0.89409
0.928112, 5.18723, 0.194306, 0.4, -0.00238087, 0.923686, 0.884593, 0.909049, 0.894087
0.928162, 5.18509, 0.194286, 0.4, -0.00237966, 0.923683, 0.884589, 0.909046, 0.894084
0.928212, 5.18295, 0.194266, 0.4, -0.00237846, 0.923679, 0.884586, 0.909043, 0.89408
0.928262, 5.18081, 0.194245, 0.4, -0.00237725, 0.923676, 0.884583, 0.90904, 0.894077
0.928312, 5.17867, 0.194225, 0.4, -0.00237604, 0.923673, 0.884579, 0.909037, 0.894074
0.928362, 5.17653, 0.194205, 0.4, -0.00237483, 0.92367, 0.884576, 0.909034, 0.894071
0.928412, 5.1744, 0.194185, 0.4, -0.00237363, 0.923666, 0.884573, 0.909031, 0.894067
0.928462, 5.17226, 0.194165, 0.4, -0.00237242, 0.923663, 0.884569, 0.909028, 0.894064
0.928512, 5.17013, 0.194144, 0.4, -0.00237121, 0.92366, 0.884566, 0.909025, 0.894061
0.928562, 5.16799, 0.194124, 0.4, -0.00237, 0.923657, 0.884563, 0.909022, 0.894058
0.928612, 5.16586, 0.194104, 0.4, -0.00236879, 0.923653, 0.884559, 0.909019, 0.894054
0.928662, 5.16373, 0.194084, 0.4, -0.00236758, 0.92365, 0.884556, 0.909016, 0.894051
0.928712, 5.1616, 0.194064, 0.4, -0.00236638, 0.923647, 0.884553, 0.909013, 0.894048
0.928762, 5.15947, 0.194044, 0.4, -0.00236517, 0.923644, 0.884549, 0.90901, 0.894045
0.928812, 5.15734, 0.194024, 0.4, -0.00236396, 0.923641, 0.884546, 0.909007, 0.894041
0.928862, 5.15521, 0.194004, 0.4, -0.00236275, 0.923637, 0.884543, 0.909004, 0.894038
0.928912, 5.15309, 0.193984, 0.4, -0.00236154, 0.923634, 0.88454, 0.909001, 0.894035
0.928962, 5.15096, 0.193964, 0.4, -0.00236033, 0.923631, 0.884536, 0.908998, 0.894032
0.929012, 5.14884, 0.193944, 0.4, -0.00235912, 0.923628, 0.884533, 0.908996, 0.894029
0.929062, 5.14672, 0.193924, 0.4, -0.00235791, 0.923624, 0.88453, 0.908993, 0.894025
0.929112, 5.1446, 0.193904, 0.4, -0.00235671, 0.923621, 0.884526, 0.90899, 0.894022
0.929162, 5.14247, 0.193884, 0.4, -0.0023555, 0.923618, 0.884523, 0.908987, 0.894019
0.929212, 5.14036, 0.193865, 0.4, -0.00235429, 0.923615, 0.88452, 0.908984, 0.894016
0.929262, 5.13824, 0.193844, 0.4, -0.00235308, 0.923612, 0.884516, 0.908981, 0.894012
0.929312, 5.13612, 0.193825, 0.4, -0.00235187, 0.923608, 0.884513, 0.908978, 0.894009
0.929362, 5.134, 0.193805, 0.4, -0.00235066, 0.923605, 0.88451, 0.908975, 0.894006
0.929412, 5.13189, 0.193785, 0.4, -0.00234945, 0.923602, 0.884507, 0.908972, 0.894003
0.929462, 5.12977, 0.193765, 0.4, -0.00234824, 0.923599, 0.884503, 0.908969, 0.894
0.929512, 5.12766, 0.193745, 0.4, -0.00234703, 0.923595, 0.8845, 0.908966, 0.893996
0.929562, 5.12555, 0.193726, 0.4, -0.00234582, 0.923592, 0.884497, 0.908963, 0.893993
0.929612, 5.12344, 0.193706, 0.4, -0.00234461, 0.923589, 0.884493, 0.90896, 0.89399
0.929662, 5.12133, 0.193686, 0.4, -0.0023434, 0.923586, 0.88449, 0.908957, 0.893987
0.929712, 5.11922, 0.193666, 0.4, -0.00234218, 0.923583, 0.884487, 0.908955, 0.893983
0.929762, 5.11711, 0.193647, 0.4, -0.00234097, 0.923579, 0.884484, 0.908952, 0.89398
0.929812, 5.11501, 0.193627, 0.4, -0.00233976, 0.923576, 0.88448, 0.908949, 0.893977
0.929862, 5.1129, 0.193608, 0.4, -0.00233855, 0.923573, 0.884477, 0.908946, 0.893974
0.929912, 5.1108, 0.193588, 0.4, -0.00233734, 0.92357, 0.884474, 0.908943, 0.893971
0.929962, 5.10869, 0.193568, 0.4, -0.00233613, 0.923566, 0.88447, 0.90894, 0.893967
0.930012, 5.10659, 0.193549, 0.4, -0.00233492, 0.923563, 0.884467, 0.908937, 0.893964
0.930062, 5.10449, 0.193529, 0.4, -0.00233371, 0.92356, 0.884464, 0.908934, 0.893961
0.930112, 5.10239, 0.19351, 0.4, -0.0023325, 0.923557, 0.884461, 0.908931, 0.893958
0.930162, 5.10029, 0.19349, 0.4, -0.00233128, 0.923553, 0.884457, 0.908928, 0.893955
0.930212, 5.0982, 0.19347, 0.4, -0.00233007, 0.92355, 0.884454, 0.908925, 0.893951
0.930262, 5.0961, 0.193451, 0.4, -0.00232886, 0.923547, 0.884451, 0.908922, 0.893948
0.930312, 5.094, 0.193432, 0.4, -0.00232765, 0.923544, 0.884448, 0.90892, 0.893945
0.930362, 5.09191, 0.193412, 0.4, -0.00232644, 0.923541, 0.884444, 0.908917, 0.893942
0.930412, 5.08982, 0.193393, 0.4, -0.00232522, 0.923537, 0.884441, 0.908914, 0.893939
0.930462, 5.08772, 0.193373, 0.4, -0.00232401, 0.923534, 0.884438, 0.908911, 0.893935
0.930512, 5.08563, 0.193354, 0.4, -0.0023228, 0.923531, 0.884435, 0.908908, 0.893932
0.930562, 5.08354, 0.193335, 0.4, -0.00232159, 0.923528, 0.884431, 0.908905, 0.893929
0.930612, 5.08145, 0.193315, 0.4, -0.00232037, 0.923525, 0.884428, 0.908902, 0.893926
0.930662, 5.07937, 0.193296, 0.4, -0.00231916, 0.923521, 0.884425, 0.908899, 0.893923
0.930712, 5.07728, 0.193276, 0.4, -0.00231795, 0.923518, 0.884422, 0.908897, 0.89392
0.930762, 5.07519, 0.193257, 0.4, -0.00231674, 0.923515, 0.884418, 0.908894, 0.893916
0.930812, 5.07311, 0.193238, 0.4, -0.00231552, 0.923512, 0.884415, 0.908891, 0.893913
0.930862, 5.07103, 0.193218, 0.4, -0.00231431, 0.923509, 0.884412, 0.908888, 0.89391
0.930912, 5.06894, 0.193199, 0.4, -0.0023131, 0.923505, 0.884409, 0.908885, 0.893907
0.930962, 5.06686, 0.19318, 0.4, -0.00231188, 0.923502, 0.884405, 0.908882, 0.893904
0.931012, 5.06478, 0.193161, 0.4, -0.00231067, 0.923499, 0.884402, 0.908879, 0.893901
0.931062, 5.0627, 0.193142, 0.4, -0.00230946, 0.923496, 0.884399, 0.908876, 0.893897
0.931112, 5.06063, 0.193123, 0.4, -0.00230824, 0.923492, 0.884396, 0.908873, 0.893894
0.931162, 5.05855, 0.193103, 0.4, -0.00230703, 0.923489, 0.884392, 0.908871, 0.893891
0.931212, 5.05647, 0.193084, 0.4, -0.00230581, 0.923486, 0.884389, 0.908868, 0.893888
0.931262, 5.0544, 0.193065, 0.4, -0.0023046, 0.923483, 0.884386, 0.908865, 0.893885
0.931312, 5.05232, 0.193046, 0.4, -0.00230339, 0.92348, 0.884383, 0.908862, 0.893882
0.931362, 5.05025, 0.193027, 0.4, -0.00230217, 0.923477, 0.884379, 0.908859, 0.893878
0.931412, 5.04818, 0.193008, 0.4, -0.00230096, 0.923473, 0.884376, 0.908856, 0.893875
0.931462, 5.04611, 0.192989, 0.4, -0.00229974, 0.92347, 0.884373, 0.908853, 0.893872
0.931512, 5.04404, 0.19297, 0.4, -0.00229853, 0.923467, 0.88437, 0.90885, 0.893869
0.931562, 5.04197, 0.192951, 0.4, -0.00229731, 0.923464, 0.884366, 0.908848, 0.893866
0.931612, 5.03991, 0.192932, 0.4, -0.0022961, 0.923461, 0.884363, 0.908845, 0.893863
0.931662, 5.03784, 0.192913, 0.4, -0.00229488, 0.923457, 0.88436, 0.908842, 0.89386
0.931712, 5.03578, 0.192894, 0.4, -0.00229367, 0.923454, 0.884357, 0.908839, 0.893856
0.931762, 5.03371, 0.192875, 0.4, -0.00229245, 0.923451, 0.884354, 0.908836, 0.893853
0.931812, 5.03165, 0.192856, 0.4, -0.00229124, 0.923448, 0.88435, 0.908833, 0.89385
0.931862, 5.02959, 0.192837, 0.4, -0.00229002, 0.923445, 0.884347, 0.908831, 0.893847
0.931912, 5.02753, 0.192818, 0.4, -0.00228881, 0.923441, 0.884344, 0.908828, 0.893844
0.931962, 5.02547, 0.192799, 0.4, -0.00228759, 0.923438, 0.884341, 0.908825, 0.893841
0.932012, 5.02341, 0.19278, 0.4, -0.00228638, 0.923435, 0.884338, 0.908822, 0.893838
0.932062, 5.02135, 0.192762, 0.4, -0.00228516, 0.923432, 0.884334, 0.908819, 0.893835
0.932112, 5.0193, 0.192743, 0.4, -0.00228394, 0.923429, 0.884331, 0.908816, 0.893831
0.932162, 5.01724, 0.192724, 0.4, -0.00228273, 0.923426, 0.884328, 0.908814, 0.893828
0.932212, 5.01519, 0.192705, 0.4, -0.00228151, 0.923422, 0.884325, 0.908811, 0.893825
0.932262, 5.01313, 0.192686, 0.4, -0.0022803, 0.923419, 0.884322, 0.908808, 0.893822
0.932312, 5.01108, 0.192668, 0.4, -0.00227908, 0.923416, 0.884318, 0.908805, 0.893819
0.932362, 5.00903, 0.192649, 0.4, -0.00227786, 0.923413, 0.884315, 0.908802, 0.893816
0.932413, 5.00698, 0.19263, 0.4, -0.00227665, 0.92341, 0.884312, 0.908799, 0.893813
0.932463, 5.00493, 0.192612, 0.4, -0.00227543, 0.923406, 0.884309, 0.908797, 0.89381
0.932513, 5.00289, 0.192593, 0.4, -0.00227421, 0.923403, 0.884306, 0.908794, 0.893806
0.932563, 5.00084, 0.192574, 0.4, -0.002273, 0.9234, 0.884302, 0.908791, 0.893803
0.932613, 4.99879, 0.192556, 0.4, -0.00227178, 0.923397, 0.884299, 0.908788, 0.8938
0.932663, 4.99675, 0.192537, 0.4, -0.00227056, 0.923394, 0.884296, 0.908785, 0.893797
0.932713, 4.99471, 0.192518, 0.4, -0.00226934, 0.923391, 0.884293, 0.908782, 0.893794
0.932763, 4.99267, 0.1925, 0.4, -0.00226813, 0.923387, 0.88429, 0.90878, 0.893791
0.932813, 4.99062, 0.192481, 0.4, -0.00226691, 0.923384, 0.884286, 0.908777, 0.893788
0.932863, 4.98859, 0.192463, 0.4, -0.00226569, 0.923381, 0.884283, 0.908774, 0.893785
0.932913, 4.98655, 0.192444, 0.4, -0.00226447, 0.923378, 0.88428, 0.908771, 0.893782
0.932963, 4.98451, 0.192426, 0.4, -0.00226326, 0.923375, 0.884277, 0.908768, 0.893779
0.933013, 4.98247, 0.192407, 0.4, -0.00226204, 0.923372, 0.884274, 0.908766, 0.893775
0.933063, 4.98044, 0.192389, 0.4, -0.00226082, 0.923368, 0.884271, 0.908763, 0.893772
0.933113, 4.9784, 0.19237, 0.4, -0.0022596, 0.923365, 0.884267, 0.90876, 0.893769
0.933163, 4.97637, 0.192352, 0.4, -0.00225838, 0.923362, 0.884264, 0.908757, 0.893766
0.933213, 4.97434, 0.192334, 0.4, -0.00225717, 0.923359, 0.884261, 0.908754, 0.893763
0.933263, 4.97231, 0.192315, 0.4, -0.00225595, 0.923356, 0.884258, 0.908752, 0.89376
0.933313, 4.97028, 0.192297, 0.4, -0.00225473, 0.923353, 0.884255, 0.908749, 0.893757
0.933363, 4.96825, 0.192279, 0.4, -0.00225351, 0.923349, 0.884252, 0.908746, 0.893754
0.933413, 4.96622, 0.19226, 0.4, -0.00225229, 0.923346, 0.884248, 0.908743, 0.893751
0.933463, 4.9642, 0.192242, 0.4, -0.00225107, 0.923343, 0.884245, 0.90874, 0.893748
0.933513, 4.96217, 0.192224, 0.4, -0.00224986, 0.92334, 0.884242, 0.908738, 0.893745
0.933563, 4.96015, 0.192206, 0.4, -0.00224864, 0.923337, 0.884239, 0.908735, 0.893742
0.933613, 4.95812, 0.192187, 0.4, -0.00224742, 0.923334, 0.884236, 0.908732, 0.893739
0.933663, 4.9561, 0.192169, 0.4, -0.0022462, 0.923331, 0.884233, 0.908729, 0.893736
0.933713, 4.95408, 0.192151, 0.4, -0.00224498, 0.923327, 0.884229, 0.908727, 0.893732
0.933763, 4.95206, 0.192133, 0.4, -0.00224376, 0.923324, 0.884226, 0.908724, 0.893729
0.933813, 4.95004, 0.192114, 0.4, -0.00224254, 0.923321, 0.884223, 0.908721, 0.893726
0.933863, 4.94802, 0.192096, 0.4, -0.00224132, 0.923318, 0.88422, 0.908718, 0.893723
0.933913, 4.94601, 0.192078, 0.4, -0.0022401, 0.923315, 0.884217, 0.908715, 0.89372
0.933963, 4.94399, 0.19206, 0.4, -0.00223888, 0.923312, 0.884214, 0.908713, 0.893717
0.934013, 4.94198, 0.192042, 0.4, -0.00223766, 0.923309, 0.884211, 0.90871, 0.893714
0.934063, 4.93996, 0.192024, 0.4, -0.00223644, 0.923305, 0.884207, 0.908707, 0.893711
0.934113, 4.93795, 0.192006, 0.4, -0.00223522, 0.923302, 0.884204, 0.908704, 0.893708
0.934163, 4.93594, 0.191988, 0.4, -0.002234, 0.923299, 0.884201, 0.908702, 0.893705
0.934213, 4.93393, 0.19197, 0.4, -0.00223278, 0.923296, 0.884198, 0.908699, 0.893702
0.934263, 4.93192, 0.191952, 0.4, -0.00223156, 0.923293, 0.884195, 0.908696, 0.893699
0.934313, 4.92991, 0.191934, 0.4, -0.00223034, 0.92329, 0.884192, 0.908693, 0.893696
0.934363, 4.92791, 0.191916, 0.4, -0.00222912, 0.923287, 0.884189, 0.908691, 0.893693
0.934413, 4.9259, 0.191898, 0.4, -0.0022279, 0.923283, 0.884185, 0.908688, 0.89369
0.934463, 4.9239, 0.19188, 0.4, -0.00222668, 0.92328, 0.884182, 0.908685, 0.893687
0.934513, 4.92189, 0.191862, 0.4, -0.00222546, 0.923277, 0.884179, 0.908682, 0.893683
0.934563, 4.91989, 0.191844, 0.4, -0.00222423, 0.923274, 0.884176, 0.908679, 0.89368
0.934613, 4.91789, 0.191826, 0.4, -0.00222301, 0.923271, 0.884173, 0.908677, 0.893677
0.934663, 4.91589, 0.191808, 0.4, -0.00222179, 0.923268, 0.88417, 0.908674, 0.893674
0.934713, 4.91389, 0.19179, 0.4, -0.00222057, 0.923265, 0.884167, 0.908671, 0.893671
0.934763, 4.91189, 0.191773, 0.4, -0.00221935, 0.923261, 0.884164, 0.908669, 0.893668
0.934813, 4.90989, 0.191755, 0.4, -0.00221813, 0.923258, 0.884161, 0.908666, 0.893665
0.934863, 4.9079, 0.191737, 0.4, -0.00221691, 0.923255, 0.884157, 0.908663, 0.893662
0.934913, 4.9059, 0.191719, 0.4, -0.00221568, 0.923252, 0.884154, 0.90866, 0.893659
0.934963, 4.90391, 0.191701, 0.4, -0.00221446, 0.923249, 0.884151, 0.908658, 0.893656
0.935013, 4.90192, 0.191684, 0.4, -0.00221324, 0.923246, 0.884148, 0.908655, 0.893653
0.935063, 4.89993, 0.191666, 0.4, -0.00221202, 0.923243, 0.884145, 0.908652, 0.89365
0.935113, 4.89794, 0.191648, 0.4, -0.0022108, 0.92324, 0.884142, 0.908649, 0.893647
0.935163, 4.89595, 0.191631, 0.4, -0.00220957, 0.923236, 0.884139, 0.908647, 0.893644
0.935213, 4.89396, 0.191613, 0.4, -0.00220835, 0.923233, 0.884136, 0.908644, 0.893641
0.935263, 4.89197, 0.191596, 0.4, -0.00220713, 0.92323, 0.884133, 0.908641, 0.893638
0.935313, 4.88999, 0.191578, 0.4, -0.00220591, 0.923227, 0.884129, 0.908638, 0.893635
0.935363, 4.888, 0.19156, 0.4, -0.00220468, 0.923224, 0.884126, 0.908636, 0.893632
0.935413, 4.88602, 0.191542, 0.4, -0.00220346, 0.923221, 0.884123, 0.908633, 0.893629
0.935463, 4.88404, 0.191525, 0.4, -0.00220224, 0.923218, 0.88412, 0.90863, 0.893626
0.935513, 4.88205, 0.191507, 0.4, -0.00220102, 0.923214, 0.884117, 0.908628, 0.893623
0.935563, 4.88007, 0.19149, 0.4, -0.00219979, 0.923211, 0.884114, 0.908625, 0.89362
0.935613, 4.87809, 0.191472, 0.4, -0.00219857, 0.923208, 0.884111, 0.908622, 0.893617
0.935663, 4.87612, 0.191455, 0.4, -0.00219735, 0.923205, 0.884108, 0.908619, 0.893614
0.935713, 4.87414, 0.191437, 0.4, -0.00219612, 0.923202, 0.884105, 0.908617, 0.893611
0.935763, 4.87216, 0.19142, 0.4, -0.0021949, 0.923199, 0.884102, 0.908614, 0.893608
0.935813, 4.87019, 0.191402, 0.4, -0.00219368, 0.923196, 0.884099, 0.908611, 0.893605
0.935863, 4.86821, 0.191385, 0.4, -0.00219245, 0.923193, 0.884095, 0.908609, 0.893602
0.935913, 4.86624, 0.191368, 0.4, -0.00219123, 0.92319, 0.884092, 0.908606, 0.893599
0.935963, 4.86427, 0.19135, 0.4, -0.00219001, 0.923186, 0.884089, 0.908603, 0.893596
0.936013, 4.8623, 0.191333, 0.4, -0.00218878, 0.923183, 0.884086, 0.9086, 0.893593
0.936063, 4.86033, 0.191316, 0.4, -0.00218756, 0.92318, 0.884083, 0.908598, 0.89359
0.936113, 4.85836, 0.191298, 0.4, -0.00218633, 0.923177, 0.88408, 0.908595, 0.893587
0.936163, 4.8564, 0.191281, 0.4, -0.00218511, 0.923174, 0.884077, 0.908592, 0.893584
0.936213, 4.85443, 0.191264, 0.4, -0.00218388, 0.923171, 0.884074, 0.90859, 0.893581
0.936263, 4.85246, 0.191246, 0.4, -0.00218266, 0.923168, 0.884071, 0.908587, 0.893578
0.936313, 4.8505, 0.191229, 0.4, -0.00218144, 0.923165, 0.884068, 0.908584, 0.893575
0.936363, 4.84854, 0.191212, 0.4, -0.00218021, 0.923162, 0.884065, 0.908582, 0.893572
0.936413, 4.84658, 0.191195, 0.4, -0.00217899, 0.923158, 0.884062, 0.908579, 0.893569
0.936463, 4.84461, 0.191178, 0.4, -0.00217776, 0.923155, 0.884059, 0.908576, 0.893566
0.936513, 4.84266, 0.19116, 0.4, -0.00217654, 0.923152, 0.884056, 0.908574, 0.893563
0.936563, 4.8407, 0.191143, 0.4, -0.00217531, 0.923149, 0.884053, 0.908571, 0.89356
0.936613, 4.83874, 0.191126, 0.4, -0.00217409, 0.923146, 0.884049, 0.908568, 0.893557
0.936663, 4.83678, 0.191109, 0.4, -0.00217286, 0.923143, 0.884046, 0.908566, 0.893554
0.936713, 4.83483, 0.191092, 0.4, -0.00217164, 0.92314, 0.884043, 0.908563, 0.893552
0.936763, 4.83288, 0.191075, 0.4, -0.00217041, 0.923137, 0.88404, 0.90856, 0.893549
0.936813, 4.83092, 0.191058, 0.4, -0.00216919, 0.923134, 0.884037, 0.908557, 0.893546
0.936863, 4.82897, 0.191041, 0.4, -0.00216796, 0.92313, 0.884034, 0.908555, 0.893543
0.936913, 4.82702, 0.191024, 0.4, -0.00216673, 0.923127, 0.884031, 0.908552, 0.89354
0.936963, 4.82507, 0.191007, 0.4, -0.00216551, 0.923124, 0.884028, 0.908549, 0.893537
0.937013, 4.82312, 0.19099, 0.4, -0.00216428, 0.923121, 0.884025, 0.908547, 0.893534
0.937063, 4.82117, 0.190973, 0.4, -0.00216306, 0.923118, 0.884022, 0.908544, 0.893531
0.937113, 4.81923, 0.190956, 0.4, -0.00216183, 0.923115, 0.884019, 0.908541, 0.893528
0.937163, 4.81728, 0.190939, 0.4, -0.0021606, 0.923112, 0.884016, 0.908539, 0.893525
0.937213, 4.81534, 0.190922, 0.4, -0.00215938, 0.923109, 0.884013, 0.908536, 0.893522
0.937263, 4.8134, 0.190905, 0.4, -0.00215815, 0.923106, 0.88401, 0.908533, 0.893519
0.937313, 4.81145, 0.190888, 0.4, -0.00215692, 0.923103, 0.884007, 0.908531, 0.893516
0.937363, 4.80951, 0.190871, 0.4, -0.0021557, 0.9231, 0.884004, 0.908528, 0.893513
0.937413, 4.80757, 0.190854, 0.4, -0.00215447, 0.923096, 0.884001, 0.908525, 0.89351
0.937463, 4.80564, 0.190837, 0.4, -0.00215325, 0.923093, 0.883998, 0.908523, 0.893507
0.937513, 4.8037, 0.190821, 0.4, -0.00215202, 0.92309, 0.883995, 0.90852, 0.893504
0.937563, 4.80176, 0.190804, 0.4, -0.00215079, 0.923087, 0.883992, 0.908518, 0.893501
0.937613, 4.79983, 0.190787, 0.4, -0.00214956, 0.923084, 0.883989, 0.908515, 0.893498
0.937663, 4.79789, 0.19077, 0.4, -0.00214834, 0.923081, 0.883986, 0.908512, 0.893496
0.937713, 4.79596, 0.190754, 0.4, -0.00214711, 0.923078, 0.883983, 0.90851, 0.893493
0.937763, 4.79403, 0.190737, 0.4, -0.00214588, 0.923075, 0.883979, 0.908507, 0.89349
0.937813, 4.7921, 0.19072, 0.4, -0.00214466, 0.923072, 0.883976, 0.908504, 0.893487
0.937863, 4.79017, 0.190703, 0.4, -0.00214343, 0.923069, 0.883973, 0.908502, 0.893484
0.937913, 4.78824, 0.190687, 0.4, -0.0021422, 0.923066, 0.88397, 0.908499, 0.893481
0.937963, 4.78631, 0.19067, 0.4, -0.00214097, 0.923062, 0.883967, 0.908496, 0.893478
0.938013, 4.78439, 0.190654, 0.4, -0.00213974, 0.923059, 0.883964, 0.908494, 0.893475
0.938063, 4.78246, 0.190637, 0.4, -0.00213852, 0.923056, 0.883961, 0.908491, 0.893472
0.938113, 4.78054, 0.19062, 0.4, -0.00213729, 0.923053, 0.883958, 0.908488, 0.893469
0.938163, 4.77861, 0.190604, 0.4, -0.00213606, 0.92305, 0.883955, 0.908486, 0.893466
0.938213, 4.77669, 0.190587, 0.4, -0.00213483, 0.923047, 0.883952, 0.908483, 0.893464
0.938263, 4.77477, 0.190571, 0.4, -0.0021336, 0.923044, 0.883949, 0.908481, 0.893461
0.938313, 4.77285, 0.190554, 0.4, -0.00213238, 0.923041, 0.883946, 0.908478, 0.893458
0.938363, 4.77093, 0.190538, 0.4, -0.00213115, 0.923038, 0.883943, 0.908475, 0.893455
0.938414, 4.76901, 0.190521, 0.4, -0.00212992, 0.923035, 0.88394, 0.908473, 0.893452
0.938464, 4.7671, 0.190505, 0.4, -0.00212869, 0.923032, 0.883937, 0.90847, 0.893449
0.938514, 4.76518, 0.190488, 0.4, -0.00212746, 0.923029, 0.883934, 0.908467, 0.893446
0.938564, 4.76327, 0.190472, 0.4, -0.00212623, 0.923025, 0.883931, 0.908465, 0.893443
0.938614, 4.76136, 0.190456, 0.4, -0.002125, 0.923022, 0.883928, 0.908462, 0.89344
0.938664, 4.75944, 0.190439, 0.4, -0.00212378, 0.923019, 0.883925, 0.90846, 0.893437
0.938714, 4.75753, 0.190423, 0.4, -0.00212255, 0.923016, 0.883922, 0.908457, 0.893434
0.938764, 4.75562, 0.190406, 0.4, -0.00212132, 0.923013, 0.883919, 0.908454, 0.893432
0.938814, 4.75372, 0.19039, 0.4, -0.00212009, 0.92301, 0.883916, 0.908452, 0.893429
0.938864, 4.75181, 0.190374, 0.4, -0.00211886, 0.923007, 0.883913, 0.908449, 0.893426
0.938914, 4.7499, 0.190357, 0.4, -0.00211763, 0.923004, 0.88391, 0.908447, 0.893423
0.938964, 4.748, 0.190341, 0.4, -0.0021164, 0.923001, 0.883907, 0.908444, 0.89342
0.939014, 4.74609, 0.190325, 0.4, -0.00211517, 0.922998, 0.883904, 0.908441, 0.893417
0.939064, 4.74419, 0.190309, 0.4, -0.00211394, 0.922995, 0.883901, 0.908439, 0.893414
0.939114, 4.74229, 0.190293, 0.4, -0.00211271, 0.922992, 0.883898, 0.908436, 0.893411
0.939164, 4.74039, 0.190276, 0.4, -0.00211148, 0.922989, 0.883895, 0.908434, 0.893408
0.939214, 4.73849, 0.19026, 0.4, -0.00211025, 0.922986, 0.883893, 0.908431, 0.893406
0.939264, 4.73659, 0.190244, 0.4, -0.00210902, 0.922983, 0.88389, 0.908428, 0.893403
0.939314, 4.73469, 0.190228, 0.4, -0.00210779, 0.922979, 0.883887, 0.908426, 0.8934
0.939364, 4.73279, 0.190212, 0.4, -0.00210656, 0.922976, 0.883884, 0.908423, 0.893397
0.939414, 4.7309, 0.190196, 0.4, -0.00210533, 0.922973, 0.883881, 0.908421, 0.893394
0.939464, 4.729, 0.190179, 0.4, -0.0021041, 0.92297, 0.883878, 0.908418, 0.893391
0.939514, 4.72711, 0.190163, 0.4, -0.00210287, 0.922967, 0.883875, 0.908415, 0.893388
0.939564, 4.72522, 0.190147, 0.4, -0.00210164, 0.922964, 0.883872, 0.908413, 0.893385
0.939614, 4.72333, 0.190132, 0.4, -0.00210041, 0.922961, 0.883869, 0.90841, 0.893383
0.939664, 4.72144, 0.190115, 0.4, -0.00209918, 0.922958, 0.883866, 0.908408, 0.89338
0.939714, 4.71955, 0.190099, 0.4, -0.00209795, 0.922955, 0.883863, 0.908405, 0.893377
0.939764, 4.71766, 0.190083, 0.4, -0.00209671, 0.922952, 0.88386, 0.908403, 0.893374
0.939814, 4.71578, 0.190068, 0.4, -0.00209548, 0.922949, 0.883857, 0.9084, 0.893371
0.939864, 4.71389, 0.190052, 0.4, -0.00209425, 0.922946, 0.883854, 0.908397, 0.893368
0.939914, 4.71201, 0.190035, 0.4, -0.00209302, 0.922943, 0.883851, 0.908395, 0.893366
0.939964, 4.71012, 0.19002, 0.4, -0.00209179, 0.92294, 0.883848, 0.908392, 0.893363
0.940014, 4.70824, 0.190004, 0.4, -0.00209056, 0.922937, 0.883845, 0.90839, 0.89336
0.940064, 4.70636, 0.189988, 0.4, -0.00208933, 0.922934, 0.883842, 0.908387, 0.893357
0.940114, 4.70448, 0.189972, 0.4, -0.00208809, 0.92293, 0.883839, 0.908385, 0.893354
0.940164, 4.7026, 0.189956, 0.4, -0.00208686, 0.922927, 0.883836, 0.908382, 0.893351
0.940214, 4.70072, 0.18994, 0.4, -0.00208563, 0.922924, 0.883833, 0.908379, 0.893348
0.940264, 4.69885, 0.189925, 0.4, -0.0020844, 0.922921, 0.88383, 0.908377, 0.893346
0.940314, 4.69697, 0.189909, 0.4, -0.00208317, 0.922918, 0.883827, 0.908374, 0.893343
0.940364, 4.6951, 0.189893, 0.4, -0.00208193, 0.922915, 0.883824, 0.908372, 0.89334
0.940414, 4.69322, 0.189877, 0.4, -0.0020807, 0.922912, 0.883822, 0.908369, 0.893337
0.940464, 4.69135, 0.189862, 0.4, -0.00207947, 0.922909, 0.883819, 0.908367, 0.893334
0.940514, 4.68948, 0.189846, 0.4, -0.00207824, 0.922906, 0.883816, 0.908364, 0.893331
0.940564, 4.68761, 0.18983, 0.4, -0.00207701, 0.922903, 0.883813, 0.908362, 0.893329
0.940614, 4.68574, 0.189815, 0.4, -0.00207577, 0.9229, 0.88381, 0.908359, 0.893326
0.940664, 4.68387, 0.189799, 0.4, -0.00207454, 0.922897, 0.883807, 0.908357, 0.893323
0.940714, 4.68201, 0.189783, 0.4, -0.00207331, 0.922894, 0.883804, 0.908354, 0.89332
0.940764, 4.68014, 0.189768, 0.4, -0.00207207, 0.922891, 0.883801, 0.908351, 0.893317
0.940814, 4.67828, 0.189752, 0.4, -0.00207084, 0.922888, 0.883798, 0.908349, 0.893314
0.940864, 4.67641, 0.189737, 0.4, -0.00206961, 0.922885, 0.883795, 0.908346, 0.893312
0.940914, 4.67455, 0.189721, 0.4, -0.00206838, 0.922882, 0.883792, 0.908344, 0.893309
0.940964, 4.67269, 0.189705, 0.4, -0.00206714, 0.922879, 0.883789, 0.908341, 0.893306
0.941014, 4.67083, 0.18969, 0.4, -0.00206591, 0.922876, 0.883786, 0.908339, 0.893303
0.941064, 4.66897, 0.189674, 0.4, -0.00206468, 0.922873, 0.883784, 0.908336, 0.8933
0.941114, 4.66712, 0.189659, 0.4, -0.00206344, 0.92287, 0.883781, 0.908334, 0.893298
0.941164, 4.66526, 0.189644, 0.4, -0.00206221, 0.922867, 0.883778, 0.908331, 0.893295
0.941214, 4.6634, 0.189628, 0.4, -0.00206098, 0.922864, 0.883775, 0.908329, 0.893292
0.941264, 4.66155, 0.189613, 0.4, -0.00205974, 0.922861, 0.883772, 0.908326, 0.893289
0.941314, 4.6597, 0.189597, 0.4, -0.00205851, 0.922858, 0.883769, 0.908324, 0.893286
0.941364, 4.65784, 0.189582, 0.4, -0.00205727, 0.922855, 0.883766, 0.908321, 0.893284
0.941414, 4.65599, 0.189567, 0.4, -0.00205604, 0.922852, 0.883763, 0.908319, 0.893281
0.941464, 4.65414, 0.189551, 0.4, -0.00205481, 0.922849, 0.88376, 0.908316, 0.893278
0.941514, 4.65229, 0.189536, 0.4, -0.00205357, 0.922846, 0.883757, 0.908314, 0.893275
0.941564, 4.65045, 0.189521, 0.4, -0.00205234, 0.922842, 0.883754, 0.908311, 0.893272
0.941614, 4.6486, 0.189505, 0.4, -0.0020511, 0.92284, 0.883752, 0.908309, 0.89327
0.941664, 4.64675, 0.18949, 0.4, -0.00204987, 0.922836, 0.883749, 0.908306, 0.893267
0.941714, 4.64491, 0.189475, 0.4, -0.00204863, 0.922833, 0.883746, 0.908303, 0.893264
0.941764, 4.64307, 0.189459, 0.4, -0.0020474, 0.92283, 0.883743, 0.908301, 0.893261
0.941814, 4.64122, 0.189444, 0.4, -0.00204617, 0.922827, 0.88374, 0.908298, 0.893258
0.941864, 4.63938, 0.189429, 0.4, -0.00204493, 0.922824, 0.883737, 0.908296, 0.893256
0.941914, 4.63754, 0.189414, 0.4, -0.0020437, 0.922821, 0.883734, 0.908293, 0.893253
0.941964, 4.6357, 0.189398, 0.4, -0.00204246, 0.922818, 0.883731, 0.908291, 0.89325
0.942014, 4.63387, 0.189383, 0.4, -0.00204123, 0.922815, 0.883728, 0.908288, 0.893247
0.942064, 4.63203, 0.189368, 0.4, -0.00203999, 0.922812, 0.883726, 0.908286, 0.893245
0.942114, 4.6302, 0.189353, 0.4, -0.00203876, 0.922809, 0.883723, 0.908284, 0.893242
0.942164, 4.62836, 0.189338, 0.4, -0.00203752, 0.922806, 0.88372, 0.908281, 0.893239
0.942214, 4.62653, 0.189323, 0.4, -0.00203629, 0.922803, 0.883717, 0.908279, 0.893236
0.942264, 4.62469, 0.189308, 0.4, -0.00203505, 0.9228, 0.883714, 0.908276, 0.893233
0.942314, 4.62286, 0.189293, 0.4, -0.00203381, 0.922797, 0.883711, 0.908274, 0.893231
0.942364, 4.62103, 0.189278, 0.4, -0.00203258, 0.922794, 0.883708, 0.908271, 0.893228
0.942414, 4.61921, 0.189263, 0.4, -0.00203134, 0.922791, 0.883705, 0.908269, 0.893225
0.942464, 4.61738, 0.189248, 0.4, -0.00203011, 0.922788, 0.883703, 0.908266, 0.893222
0.942514, 4.61555, 0.189233, 0.4, -0.00202887, 0.922785, 0.8837, 0.908264, 0.89322
0.942564, 4.61373, 0.189218, 0.4, -0.00202764, 0.922782, 0.883697, 0.908261, 0.893217
0.942614, 4.6119, 0.189203, 0.4, -0.0020264, 0.922779, 0.883694, 0.908259, 0.893214
0.942664, 4.61008, 0.189188, 0.4, -0.00202516, 0.922776, 0.883691, 0.908256, 0.893211
0.942714, 4.60826, 0.189173, 0.4, -0.00202393, 0.922773, 0.883688, 0.908254, 0.893209
0.942764, 4.60644, 0.189158, 0.4, -0.00202269, 0.92277, 0.883685, 0.908251, 0.893206
0.942814, 4.60462, 0.189144, 0.4, -0.00202146, 0.922767, 0.883682, 0.908249, 0.893203
0.942864, 4.6028, 0.189129, 0.4, -0.00202022, 0.922764, 0.88368, 0.908246, 0.8932
0.942914, 4.60098, 0.189114, 0.4, -0.00201898, 0.922761, 0.883677, 0.908244, 0.893198
0.942964, 4.59916, 0.189099, 0.4, -0.00201775, 0.922758, 0.883674, 0.908241, 0.893195
0.943014, 4.59735, 0.189084, 0.4, -0.00201651, 0.922755, 0.883671, 0.908239, 0.893192
0.943064, 4.59553, 0.18907, 0.4, -0.00201527, 0.922752, 0.883668, 0.908236, 0.893189
0.943114, 4.59372, 0.189055, 0.4, -0.00201404, 0.922749, 0.883665, 0.908234, 0.893187
0.943164, 4.59191, 0.18904, 0.4, -0.0020128, 0.922746, 0.883663, 0.908232, 0.893184
0.943214, 4.5901, 0.189025, 0.4, -0.00201156, 0.922743, 0.88366, 0.908229, 0.893181
0.943264, 4.58829, 0.189011, 0.4, -0.00201032, 0.92274, 0.883657, 0.908227, 0.893179
0.943314, 4.58648, 0.188996, 0.4, -0.00200909, 0.922737, 0.883654, 0.908224, 0.893176
0.943364, 4.58467, 0.188981, 0.4, -0.00200785, 0.922734, 0.883651, 0.908222, 0.893173
0.943414, 4.58286, 0.188967, 0.4, -0.00200661, 0.922731, 0.883648, 0.908219, 0.89317
0.943464, 4.58106, 0.188952, 0.4, -0.00200538, 0.922728, 0.883645, 0.908217, 0.893168
0.943514, 4.57925, 0.188937, 0.4, -0.00200414, 0.922725, 0.883643, 0.908214, 0.893165
0.943564, 4.57745, 0.188923, 0.4, -0.0020029, 0.922722, 0.88364, 0.908212, 0.893162
0.943614, 4.57565, 0.188908, 0.4, -0.00200166, 0.922719, 0.883637, 0.90821, 0.89316
0.943664, 4.57385, 0.188894, 0.4, -0.00200042, 0.922716, 0.883634, 0.908207, 0.893157
0.943714, 4.57205, 0.188879, 0.4, -0.00199919, 0.922713, 0.883631, 0.908205, 0.893154
0.943764, 4.57025, 0.188865, 0.4, -0.00199795, 0.92271, 0.883629, 0.908202, 0.893151
0.943814, 4.56845, 0.18885, 0.4, -0.00199671, 0.922707, 0.883626, 0.9082, 0.893149
0.943864, 4.56666, 0.188836, 0.4, -0.00199547, 0.922704, 0.883623, 0.908197, 0.893146
0.943914, 4.56486, 0.188821, 0.4, -0.00199423, 0.922701, 0.88362, 0.908195, 0.893143
0.943964, 4.56307, 0.188807, 0.4, -0.001993, 0.922698, 0.883617, 0.908193, 0.89314
0.944014, 4.56127, 0.188793, 0.4, -0.00199176, 0.922695, 0.883614, 0.90819, 0.893138
0.944064, 4.55948, 0.188778, 0.4, -0.00199052, 0.922693, 0.883612, 0.908188, 0.893135
0.944114, 4.55769, 0.188764, 0.4, -0.00198928, 0.92269, 0.883609, 0.908185, 0.893132
0.944164, 4.5559, 0.188749, 0.4, -0.00198804, 0.922687, 0.883606, 0.908183, 0.89313
0.944214, 4.55411, 0.188735, 0.4, -0.0019868, 0.922684, 0.883603, 0.908181, 0.893127
0.944264, 4.55232, 0.188721, 0.4, -0.00198557, 0.922681, 0.883601, 0.908178, 0.893124
0.944314, 4.55054, 0.188707, 0.4, -0.00198433, 0.922678, 0.883598, 0.908176, 0.893122
0.944364, 4.54875, 0.188692, 0.4, -0.00198309, 0.922675, 0.883595, 0.908173, 0.893119
0.944414, 4.54697, 0.188678, 0.4, -0.00198185, 0.922672, 0.883592, 0.908171, 0.893116
0.944465, 4.54518, 0.188664, 0.4, -0.00198061, 0.922669, 0.883589, 0.908168, 0.893114
0.944515, 4.5434, 0.188649, 0.4, -0.00197937, 0.922666, 0.883587, 0.908166, 0.893111
0.944565, 4.54162, 0.188635, 0.4, -0.00197813, 0.922663, 0.883584, 0.908164, 0.893108
0.944615, 4.53984, 0.188621, 0.4, -0.00197689, 0.92266, 0.883581, 0.908161, 0.893106
0.944665, 4.53806, 0.188607, 0.4, -0.00197565, 0.922657, 0.883578, 0.908159, 0.893103
0.944715, 4.53629, 0.188593, 0.4, -0.00197441, 0.922654, 0.883575, 0.908156, 0.8931
0.944765, 4.53451, 0.188579, 0.4, -0.00197317, 0.922651, 0.883573, 0.908154, 0.893098
0.944815, 4.53273, 0.188565, 0.4, -0.00197193, 0.922648, 0.88357, 0.908152, 0.893095
0.944865, 4.53096, 0.188551, 0.4, -0.00197069, 0.922645, 0.883567, 0.908149, 0.893092
0.944915, 4.52919, 0.188536, 0.4, -0.00196946, 0.922642, 0.883564, 0.908147, 0.893089
0.944965, 4.52742, 0.188522, 0.4, -0.00196822, 0.922639, 0.883561, 0.908144, 0.893087
0.945015, 4.52564, 0.188508, 0.4, -0.00196698, 0.922636, 0.883559, 0.908142, 0.893084
0.945065, 4.52387, 0.188494, 0.4, -0.00196574, 0.922633, 0.883556, 0.90814, 0.893082
0.945115, 4.52211, 0.18848, 0.4, -0.0019645, 0.92263, 0.883553, 0.908137, 0.893079
0.945165, 4.52034, 0.188466, 0.4, -0.00196325, 0.922627, 0.88355, 0.908135, 0.893076
0.945215, 4.51857, 0.188452, 0.4, -0.00196201, 0.922624, 0.883547, 0.908132, 0.893074
0.945265, 4.51681, 0.188438, 0.4, -0.00196077, 0.922621, 0.883545, 0.90813, 0.893071
0.945315, 4.51504, 0.188424, 0.4, -0.00195953, 0.922618, 0.883542, 0.908128, 0.893068
0.945365, 4.51328, 0.18841, 0.4, -0.00195829, 0.922616, 0.883539, 0.908125, 0.893066
0.945415, 4.51152, 0.188397, 0.4, -0.00195705, 0.922613, 0.883536, 0.908123, 0.893063
0.945465, 4.50976, 0.188383, 0.4, -0.00195581, 0.92261, 0.883534, 0.908121, 0.89306
0.945515, 4.508, 0.188369, 0.4, -0.00195457, 0.922607, 0.883531, 0.908118, 0.893058
0.945565, 4.50624, 0.188355, 0.4, -0.00195333, 0.922604, 0.883528, 0.908116, 0.893055
0.945615, 4.50448, 0.188341, 0.4, -0.00195209, 0.922601, 0.883525, 0.908114, 0.893052
0.945665, 4.50272, 0.188327, 0.4, -0.00195085, 0.922598, 0.883523, 0.908111, 0.89305
0.945715, 4.50097, 0.188314, 0.4, -0.00194961, 0.922595, 0.88352, 0.908109, 0.893047
0.945765, 4.49922, 0.1883, 0.4, -0.00194837, 0.922592, 0.883517, 0.908107, 0.893045
0.945815, 4.49746, 0.188286, 0.4, -0.00194713, 0.922589, 0.883514, 0.908104, 0.893042
0.945865, 4.49571, 0.188272, 0.4, -0.00194588, 0.922586, 0.883512, 0.908102, 0.893039
0.945915, 4.49396, 0.188259, 0.4, -0.00194464, 0.922583, 0.883509, 0.908099, 0.893037
0.945965, 4.49221, 0.188245, 0.4, -0.0019434, 0.92258, 0.883506, 0.908097, 0.893034
0.946015, 4.49046, 0.188231, 0.4, -0.00194216, 0.922577, 0.883503, 0.908095, 0.893031
0.946065, 4.48871, 0.188218, 0.4, -0.00194092, 0.922574, 0.883501, 0.908092, 0.893029
0.946115, 4.48697, 0.188204, 0.4, -0.00193968, 0.922571, 0.883498, 0.90809, 0.893026
0.946165, 4.48522, 0.188191, 0.4, -0.00193844, 0.922569, 0.883495, 0.908088, 0.893023
0.946215, 4.48348, 0.188177, 0.4, -0.00193719, 0.922566, 0.883492, 0.908085, 0.893021
0.946265, 4.48174, 0.188163, 0.4, -0.00193595, 0.922563, 0.88349, 0.908083, 0.893018
0.946315, 4.47999, 0.18815, 0.4, -0.00193471, 0.92256, 0.883487, 0.908081, 0.893016
0.946365, 4.47825, 0.188136, 0.4, -0.00193347, 0.922557, 0.883484, 0.908078, 0.893013
0.946415, 4.47651, 0.188122, 0.4, -0.00193223, 0.922554, 0.883482, 0.908076, 0.89301
0.946465, 4.47478, 0.188109, 0.4, -0.00193098, 0.922551, 0.883479, 0.908074, 0.893008
0.946515, 4.47304, 0.188096, 0.4, -0.00192974, 0.922548, 0.883476, 0.908071, 0.893005
0.946565, 4.4713, 0.188082, 0.4, -0.0019285, 0.922545, 0.883473, 0.908069, 0.893003
0.946615, 4.46957, 0.188069, 0.4, -0.00192726, 0.922542, 0.883471, 0.908067, 0.893
0.946665, 4.46783, 0.188055, 0.4, -0.00192601, 0.922539, 0.883468, 0.908064, 0.892997
0.946715, 4.4661, 0.188042, 0.4, -0.00192477, 0.922536, 0.883465, 0.908062, 0.892995
0.946765, 4.46437, 0.188029, 0.4, -0.00192353, 0.922533, 0.883462, 0.90806, 0.892992
0.946815, 4.46264, 0.188015, 0.4, -0.00192229, 0.92253, 0.88346, 0.908057, 0.89299
0.946865, 4.46091, 0.188002, 0.4, -0.00192104, 0.922527, 0.883457, 0.908055, 0.892987
0.946915, 4.45918, 0.187988, 0.4, -0.0019198, 0.922525, 0.883454, 0.908053, 0.892984
0.946965, 4.45745, 0.187975, 0.4, -0.00191856, 0.922522, 0.883452, 0.90805, 0.892982
0.947015, 4.45573, 0.187962, 0.4, -0.00191731, 0.922519, 0.883449, 0.908048, 0.892979
0.947065, 4.454, 0.187948, 0.4, -0.00191607, 0.922516, 0.883446, 0.908046, 0.892977
0.947115, 4.45228, 0.187935, 0.4, -0.00191483, 0.922513, 0.883443, 0.908043, 0.892974
0.947165, 4.45055, 0.187922, 0.4, -0.00191359, 0.92251, 0.883441, 0.908041, 0.892971
0.947215, 4.44883, 0.187909, 0.4, -0.00191234, 0.922507, 0.883438, 0.908039, 0.892969
0.947265, 4.44711, 0.187896, 0.4, -0.0019111, 0.922504, 0.883435, 0.908036, 0.892966
0.947315, 4.44539, 0.187882, 0.4, -0.00190986, 0.922501, 0.883433, 0.908034, 0.892964
0.947365, 4.44368, 0.187869, 0.4, -0.00190861, 0.922498, 0.88343, 0.908032, 0.892961
0.947415, 4.44196, 0.187856, 0.4, -0.00190737, 0.922496, 0.883427, 0.90803, 0.892959
0.947465, 4.44024, 0.187843, 0.4, -0.00190612, 0.922493, 0.883425, 0.908027, 0.892956
0.947515, 4.43853, 0.18783, 0.4, -0.00190488, 0.92249, 0.883422, 0.908025, 0.892953
0.947565, 4.43681, 0.187817, 0.4, -0.00190364, 0.922487, 0.883419, 0.908023, 0.892951
0.947615, 4.4351, 0.187803, 0.4, -0.00190239, 0.922484, 0.883416, 0.90802, 0.892948
0.947665, 4.43339, 0.187791, 0.4, -0.00190115, 0.922481, 0.883414, 0.908018, 0.892946
0.947715, 4.43168, 0.187777, 0.4, -0.0018999, 0.922478, 0.883411, 0.908016, 0.892943
0.947765, 4.42997, 0.187764, 0.4, -0.00189866, 0.922475, 0.883408, 0.908013, 0.892941
0.947815, 4.42826, 0.187751, 0.4, -0.00189742, 0.922472, 0.883406, 0.908011, 0.892938
0.947865, 4.42655, 0.187738, 0.4, -0.00189617, 0.922469, 0.883403, 0.908009, 0.892935
0.947915, 4.42485, 0.187725, 0.4, -0.00189493, 0.922466, 0.8834, 0.908007, 0.892933
0.947965, 4.42314, 0.187712, 0.4, -0.00189368, 0.922463, 0.883398, 0.908004, 0.89293
0.948015, 4.42144, 0.187699, 0.4, -0.00189244, 0.922461, 0.883395, 0.908002, 0.892928
0.948065, 4.41974, 0.187686, 0.4, -0.00189119, 0.922458, 0.883392, 0.908, 0.892925
0.948115, 4.41803, 0.187674, 0.4, -0.00188995, 0.922455, 0.883389, 0.907997, 0.892923
0.948165, 4.41633, 0.187661, 0.4, -0.00188871, 0.922452, 0.883387, 0.907995, 0.89292
0.948215, 4.41464, 0.187648, 0.4, -0.00188746, 0.922449, 0.883384, 0.907993, 0.892918
0.948265, 4.41294, 0.187635, 0.4, -0.00188622, 0.922446, 0.883382, 0.907991, 0.892915
0.948315, 4.41124, 0.187622, 0.4, -0.00188497, 0.922443, 0.883379, 0.907988, 0.892912
0.948365, 4.40954, 0.18761, 0.4, -0.00188373, 0.92244, 0.883376, 0.907986, 0.89291
0.948415, 4.40785, 0.187597, 0.4, -0.00188248, 0.922437, 0.883374, 0.907984, 0.892907
0.948465, 4.40616, 0.187584, 0.4, -0.00188124, 0.922434, 0.883371, 0.907982, 0.892905
0.948515, 4.40446, 0.187571, 0.4, -0.00187999, 0.922432, 0.883368, 0.907979, 0.892902
0.948565, 4.40277, 0.187558, 0.4, -0.00187875, 0.922429, 0.883366, 0.907977, 0.8929
0.948615, 4.40108, 0.187546, 0.4, -0.0018775, 0.922426, 0.883363, 0.907975, 0.892897
0.948665, 4.39939, 0.187533, 0.4, -0.00187625, 0.922423, 0.88336, 0.907973, 0.892895
0.948715, 4.3977, 0.18752, 0.4, -0.00187501, 0.92242, 0.883358, 0.90797, 0.892892
0.948765, 4.39602, 0.187508, 0.4, -0.00187376, 0.922417, 0.883355, 0.907968, 0.89289
0.948815, 4.39433, 0.187495, 0.4, -0.00187252, 0.922414, 0.883352, 0.907966, 0.892887
0.948865, 4.39265, 0.187482, 0.4, -0.00187127, 0.922412, 0.88335, 0.907964, 0.892885
0.948915, 4.39096, 0.18747, 0.4, -0.00187003, 0.922409, 0.883347, 0.907961, 0.892882
0.948965, 4.38928, 0.187457, 0.4, -0.00186878, 0.922406, 0.883344, 0.907959, 0.89288
0.949015, 4.3876, 0.187444, 0.4, -0.00186753, 0.922403, 0.883342, 0.907957, 0.892877
0.949065, 4.38592, 0.187432, 0.4, -0.00186629, 0.9224, 0.883339, 0.907955, 0.892874
0.949115, 4.38424, 0.18742, 0.4, -0.00186504, 0.922397, 0.883336, 0.907952, 0.892872
0.949165, 4.38256, 0.187407, 0.4, -0.0018638, 0.922394, 0.883334, 0.90795, 0.892869
0.949215, 4.38088, 0.187395, 0.4, -0.00186255, 0.922391, 0.883331, 0.907948, 0.892867
0.949265, 4.37921, 0.187382, 0.4, -0.0018613, 0.922388, 0.883328, 0.907945, 0.892864
0.949315, 4.37753, 0.187369, 0.4, -0.00186006, 0.922386, 0.883326, 0.907943, 0.892862
0.949365, 4.37586, 0.187357, 0.4, -0.00185881, 0.922383, 0.883323, 0.907941, 0.892859
0.949415, 4.37419, 0.187345, 0.4, -0.00185757, 0.92238, 0.883321, 0.907939, 0.892857
0.949465, 4.37252, 0.187332, 0.4, -0.00185632, 0.922377, 0.883318, 0.907937, 0.892854
0.949515, 4.37085, 0.18732, 0.4, -0.00185507, 0.922374, 0.883315, 0.907934, 0.892852
0.949565, 4.36918, 0.187307, 0.4, -0.00185383, 0.922371, 0.883313, 0.907932, 0.892849
0.949615, 4.36751, 0.187295, 0.4, -0.00185258, 0.922368, 0.88331, 0.90793, 0.892847
0.949665, 4.36584, 0.187283, 0.4, -0.00185133, 0.922365, 0.883307, 0.907928, 0.892844
0.949715, 4.36418, 0.18727, 0.4, -0.00185008, 0.922363, 0.883305, 0.907925, 0.892842
0.949765, 4.36251, 0.187258, 0.4, -0.00184884, 0.92236, 0.883302, 0.907923, 0.892839
0.949815, 4.36085, 0.187246, 0.4, -0.00184759, 0.922357, 0.8833, 0.907921, 0.892837
0.949865, 4.35919, 0.187234, 0.4, -0.00184634, 0.922354, 0.883297, 0.907919, 0.892834
0.949915, 4.35753, 0.187221, 0.4, -0.0018451, 0.922351, 0.883294, 0.907917, 0.892832
0.949965, 4.35587, 0.187209, 0.4, -0.00184385, 0.922348, 0.883292, 0.907914, 0.892829
0.950015, 4.35421, 0.187197, 0.4, -0.0018426, 0.922345, 0.883289, 0.907912, 0.892827
0.950065, 4.35255, 0.187185, 0.4, -0.00184135, 0.922342, 0.883287, 0.90791, 0.892825
0.950115, 4.35089, 0.187173, 0.4, -0.00184011, 0.922339, 0.883284, 0.907908, 0.892822
0.950165, 4.34924, 0.18716, 0.4, -0.00183886, 0.922337, 0.883281, 0.907906, 0.89282
0.950215, 4.34758, 0.187148, 0.4, -0.00183761, 0.922334, 0.883279, 0.907903, 0.892817
0.950265, 4.34593, 0.187136, 0.4, -0.00183636, 0.922331, 0.883276, 0.907901, 0.892815
0.950315, 4.34428, 0.187124, 0.4, -0.00183512, 0.922328, 0.883274, 0.907899, 0.892812
0.950365, 4.34263, 0.187112, 0.4, -0.00183387, 0.922325, 0.883271, 0.907897, 0.89281
0.950415, 4.34098, 0.1871, 0.4, -0.00183262, 0.922323, 0.883268, 0.907895, 0.892807
0.950466, 4.33933, 0.187088, 0.4, -0.00183137, 0.92232, 0.883266, 0.907892, 0.892805
0.950516, 4.33768, 0.187076, 0.4, -0.00183013, 0.922317, 0.883263, 0.90789, 0.892802
0.950566, 4.33603, 0.187064, 0.4, -0.00182888, 0.922314, 0.883261, 0.907888, 0.8928
0.950616, 4.33439, 0.187052, 0.4, -0.00182763, 0.922311, 0.883258, 0.907886, 0.892797
0.950666, 4.33274, 0.18704, 0.4, -0.00182638, 0.922308, 0.883255, 0.907884, 0.892795
0.950716, 4.3311, 0.187028, 0.4, -0.00182513, 0.922305, 0.883253, 0.907881, 0.892792
0.950766, 4.32946, 0.187016, 0.4, -0.00182388, 0.922302, 0.88325, 0.907879, 0.89279
0.950816, 4.32782, 0.187004, 0.4, -0.00182264, 0.9223, 0.883248, 0.907877, 0.892788
0.950866, 4.32618, 0.186992, 0.4, -0.00182139, 0.922297, 0.883245, 0.907875, 0.892785
0.950916, 4.32454, 0.18698, 0.4, -0.00182014, 0.922294, 0.883242, 0.907873, 0.892783
0.950966, 4.3229, 0.186968, 0.4, -0.00181889, 0.922291, 0.88324, 0.90787, 0.89278
0.951016, 4.32127, 0.186957, 0.4, -0.00181764, 0.922288, 0.883237, 0.907868, 0.892778
0.951066, 4.31963, 0.186945, 0.4, -0.00181639, 0.922285, 0.883235, 0.907866, 0.892775
0.951116, 4.318, 0.186933, 0.4, -0.00181514, 0.922283, 0.883232, 0.907864, 0.892773
0.951166, 4.31636, 0.186921, 0.4, -0.0018139, 0.92228, 0.88323, 0.907862, 0.89277
0.951216, 4.31473, 0.186909, 0.4, -0.00181265, 0.922277, 0.883227, 0.90786, 0.892768
0.951266, 4.3131, 0.186898, 0.4, -0.0018114, 0.922274, 0.883224, 0.907857, 0.892765
0.951316, 4.31147, 0.186886, 0.4, -0.00181015, 0.922271, 0.883222, 0.907855, 0.892763
0.951366, 4.30984, 0.186874, 0.4, -0.0018089, 0.922268, 0.883219, 0.907853, 0.892761
0.951416, 4.30821, 0.186862, 0.4, -0.00180765, 0.922265, 0.883217, 0.907851, 0.892758
0.951466, 4.30659, 0.186851, 0.4, -0.0018064, 0.922263, 0.883214, 0.907849, 0.892756
0.951516, 4.30496, 0.186839, 0.4, -0.00180515, 0.92226, 0.883212, 0.907847, 0.892753
0.951566, 4.30334, 0.186828, 0.4, -0.0018039, 0.922257, 0.883209, 0.907844, 0.892751
0.951616, 4.30172, 0.186816, 0.4, -0.00180265, 0.922254, 0.883206, 0.907842, 0.892749
0.951666, 4.30009, 0.186804, 0.4, -0.0018014, 0.922251, 0.883204, 0.90784, 0.892746
0.951716, 4.29847, 0.186793, 0.4, -0.00180015, 0.922248, 0.883201, 0.907838, 0.892744
0.951766, 4.29685, 0.186781, 0.4, -0.0017989, 0.922246, 0.883199, 0.907836, 0.892741
0.951816, 4.29524, 0.18677, 0.4, -0.00179766, 0.922243, 0.883196, 0.907834, 0.892739
0.951866, 4.29362, 0.186758, 0.4, -0.00179641, 0.92224, 0.883194, 0.907832, 0.892736
0.951916, 4.292, 0.186747, 0.4, -0.00179516, 0.922237, 0.883191, 0.90783, 0.892734
0.951966, 4.29039, 0.186735, 0.4, -0.00179391, 0.922234, 0.883189, 0.907827, 0.892732
0.952016, 4.28877, 0.186724, 0.4, -0.00179266, 0.922231, 0.883186, 0.907825, 0.892729
0.952066, 4.28716, 0.186712, 0.4, -0.00179141, 0.922229, 0.883184, 0.907823, 0.892727
0.952116, 4.28555, 0.186701, 0.4, -0.00179016, 0.922226, 0.883181, 0.907821, 0.892724
0.952166, 4.28394, 0.186689, 0.4, -0.00178891, 0.922223, 0.883178, 0.907819, 0.892722
0.952216, 4.28233, 0.186678, 0.4, -0.00178766, 0.92222, 0.883176, 0.907817, 0.89272
0.952266, 4.28072, 0.186666, 0.4, -0.00178641, 0.922217, 0.883173, 0.907815, 0.892717
0.952316, 4.27911, 0.186655, 0.4, -0.00178515, 0.922214, 0.883171, 0.907812, 0.892715
0.952366, 4.27751, 0.186644, 0.4, -0.0017839, 0.922212, 0.883168, 0.90781, 0.892712
0.952416, 4.2759, 0.186632, 0.4, -0.00178265, 0.922209, 0.883166, 0.907808, 0.89271
0.952466, 4.2743, 0.186621, 0.4, -0.0017814, 0.922206, 0.883163, 0.907806, 0.892708
0.952516, 4.27269, 0.18661, 0.4, -0.00178015, 0.922203, 0.883161, 0.907804, 0.892705
0.952566, 4.27109, 0.186599, 0.4, -0.0017789, 0.9222, 0.883158, 0.907802, 0.892703
0.952616, 4.26949, 0.186587, 0.4, -0.00177765, 0.922198, 0.883156, 0.9078, 0.8927
0.952666, 4.26789, 0.186576, 0.4, -0.0017764, 0.922195, 0.883153, 0.907797, 0.892698
0.952716, 4.26629, 0.186565, 0.4, -0.00177515, 0.922192, 0.883151, 0.907795, 0.892696
0.952766, 4.2647, 0.186554, 0.4, -0.0017739, 0.922189, 0.883148, 0.907793, 0.892693
0.952816, 4.2631, 0.186542, 0.4, -0.00177265, 0.922186, 0.883146, 0.907791, 0.892691
0.952866, 4.26151, 0.186531, 0.4, -0.0017714, 0.922183, 0.883143, 0.907789, 0.892689
0.952916, 4.25991, 0.18652, 0.4, -0.00177015, 0.922181, 0.883141, 0.907787, 0.892686
0.952966, 4.25832, 0.186509, 0.4, -0.0017689, 0.922178, 0.883138, 0.907785, 0.892684
0.953016, 4.25673, 0.186498, 0.4, -0.00176764, 0.922175, 0.883136, 0.907783, 0.892681
0.953066, 4.25514, 0.186487, 0.4, -0.00176639, 0.922172, 0.883133, 0.907781, 0.892679
0.953116, 4.25355, 0.186476, 0.4, -0.00176514, 0.92217, 0.883131, 0.907779, 0.892677
0.953166, 4.25196, 0.186465, 0.4, -0.00176389, 0.922167, 0.883128, 0.907776, 0.892674
0.953216, 4.25038, 0.186454, 0.4, -0.00176264, 0.922164, 0.883126, 0.907774, 0.892672
0.953266, 4.24879, 0.186443, 0.4, -0.00176139, 0.922161, 0.883123, 0.907772, 0.89267
0.953316, 4.2472, 0.186432, 0.4, -0.00176014, 0.922158, 0.883121, 0.90777, 0.892667
0.953366, 4.24562, 0.186421, 0.4, -0.00175888, 0.922155, 0.883118, 0.907768, 0.892665
0.953416, 4.24404, 0.18641, 0.4, -0.00175763, 0.922153, 0.883116, 0.907766, 0.892663
0.953466, 4.24246, 0.186399, 0.4, -0.00175638, 0.92215, 0.883113, 0.907764, 0.89266
0.953516, 4.24088, 0.186388, 0.4, -0.00175513, 0.922147, 0.883111, 0.907762, 0.892658
0.953566, 4.2393, 0.186377, 0.4, -0.00175388, 0.922144, 0.883108, 0.90776, 0.892655
0.953616, 4.23772, 0.186366, 0.4, -0.00175262, 0.922141, 0.883106, 0.907758, 0.892653
0.953666, 4.23614, 0.186355, 0.4, -0.00175137, 0.922139, 0.883103, 0.907755, 0.892651
0.953716, 4.23457, 0.186344, 0.4, -0.00175012, 0.922136, 0.883101, 0.907753, 0.892648
0.953766, 4.23299, 0.186334, 0.4, -0.00174887, 0.922133, 0.883098, 0.907751, 0.892646
0.953816, 4.23142, 0.186322, 0.4, -0.00174762, 0.92213, 0.883096, 0.907749, 0.892644
0.953866, 4.22985, 0.186312, 0.4, -0.00174636, 0.922127, 0.883093, 0.907747, 0.892641
0.953916, 4.22828, 0.186301, 0.4, -0.00174511, 0.922125, 0.883091, 0.907745, 0.892639
0.953966, 4.22671, 0.18629, 0.4, -0.00174386, 0.922122, 0.883088, 0.907743, 0.892637
0.954016, 4.22514, 0.186279, 0.4, -0.00174261, 0.922119, 0.883086, 0.907741, 0.892634
0.954066, 4.22357, 0.186269, 0.4, -0.00174135, 0.922116, 0.883083, 0.907739, 0.892632
0.954116, 4.222, 0.186258, 0.4, -0.0017401, 0.922113, 0.883081, 0.907737, 0.89263
0.954166, 4.22044, 0.186247, 0.4, -0.00173885, 0.922111, 0.883078, 0.907735, 0.892627
0.954216, 4.21887, 0.186237, 0.4, -0.0017376, 0.922108, 0.883076, 0.907733, 0.892625
0.954266, 4.21731, 0.186226, 0.4, -0.00173634, 0.922105, 0.883073, 0.907731, 0.892623
0.954316, 4.21575, 0.186215, 0.4, -0.00173509, 0.922102, 0.883071, 0.907729, 0.89262
0.954366, 4.21419, 0.186205, 0.4, -0.00173384, 0.9221, 0.883068, 0.907727, 0.892618
0.954416, 4.21263, 0.186194, 0.4, -0.00173259, 0.922097, 0.883066, 0.907724, 0.892616
0.954466, 4.21107, 0.186184, 0.4, -0.00173133, 0.922094, 0.883063, 0.907722, 0.892613
0.954516, 4.20951, 0.186173, 0.4, -0.00173008, 0.922091, 0.883061, 0.90772, 0.892611
0.954566, 4.20795, 0.186162, 0.4, -0.00172883, 0.922088, 0.883059, 0.907718, 0.892609
0.954616, 4.2064, 0.186152, 0.4, -0.00172757, 0.922086, 0.883056, 0.907716, 0.892606
0.954666, 4.20484, 0.186141, 0.4, -0.00172632, 0.922083, 0.883054, 0.907714, 0.892604
0.954716, 4.20329, 0.186131, 0.4, -0.00172507, 0.92208, 0.883051, 0.907712, 0.892602
0.954766, 4.20174, 0.18612, 0.4, -0.00172381, 0.922077, 0.883049, 0.90771, 0.8926
0.954816, 4.20019, 0.18611, 0.4, -0.00172256, 0.922074, 0.883046, 0.907708, 0.892597
0.954866, 4.19864, 0.1861, 0.4, -0.00172131, 0.922072, 0.883044, 0.907706, 0.892595
0.954916, 4.19709, 0.186089, 0.4, -0.00172005, 0.922069, 0.883041, 0.907704, 0.892593
0.954966, 4.19554, 0.186079, 0.4, -0.0017188, 0.922066, 0.883039, 0.907702, 0.89259
0.955016, 4.194, 0.186068, 0.4, -0.00171755, 0.922064, 0.883037, 0.9077, 0.892588
0.955066, 4.19245, 0.186058, 0.4, -0.00171629, 0.922061, 0.883034, 0.907698, 0.892586
0.955116, 4.19091, 0.186048, 0.4, -0.00171504, 0.922058, 0.883032, 0.907696, 0.892583
0.955166, 4.18936, 0.186037, 0.4, -0.00171378, 0.922055, 0.883029, 0.907694, 0.892581
0.955216, 4.18782, 0.186027, 0.4, -0.00171253, 0.922052, 0.883027, 0.907692, 0.892579
0.955266, 4.18628, 0.186017, 0.4, -0.00171128, 0.92205, 0.883024, 0.90769, 0.892576
0.955316, 4.18474, 0.186006, 0.4, -0.00171002, 0.922047, 0.883022, 0.907688, 0.892574
0.955366, 4.1832, 0.185996, 0.4, -0.00170877, 0.922044, 0.883019, 0.907686, 0.892572
0.955416, 4.18167, 0.185986, 0.4, -0.00170752, 0.922041, 0.883017, 0.907684, 0.89257
0.955466, 4.18013, 0.185976, 0.4, -0.00170626, 0.922039, 0.883015, 0.907682, 0.892567
0.955516, 4.17859, 0.185966, 0.4, -0.00170501, 0.922036, 0.883012, 0.90768, 0.892565
0.955566, 4.17706, 0.185955, 0.4, -0.00170375, 0.922033, 0.88301, 0.907678, 0.892563
0.955616, 4.17553, 0.185945, 0.4, -0.0017025, 0.92203, 0.883007, 0.907676, 0.892561
0.955666, 4.174, 0.185935, 0.4, -0.00170124, 0.922028, 0.883005, 0.907674, 0.892558
0.955716, 4.17246, 0.185925, 0.4, -0.00169999, 0.922025, 0.883003, 0.907672, 0.892556
0.955766, 4.17094, 0.185915, 0.4, -0.00169874, 0.922022, 0.883, 0.90767, 0.892554
0.955816, 4.16941, 0.185905, 0.4, -0.00169748, 0.922019, 0.882998, 0.907668, 0.892551
0.955866, 4.16788, 0.185895, 0.4, -0.00169623, 0.922017, 0.882995, 0.907666, 0.892549
0.955916, 4.16635, 0.185885, 0.4, -0.00169497, 0.922014, 0.882993, 0.907664, 0.892547
0.955966, 4.16483, 0.185875, 0.4, -0.00169372, 0.922011, 0.882991, 0.907662, 0.892545
0.956016, 4.16331, 0.185865, 0.4, -0.00169246, 0.922008, 0.882988, 0.90766, 0.892542
0.956066, 4.16178, 0.185854, 0.4, -0.00169121, 0.922006, 0.882986, 0.907658, 0.89254
0.956116, 4.16026, 0.185845, 0.4, -0.00168995, 0.922003, 0.882983, 0.907656, 0.892538
0.956166, 4.15874, 0.185835, 0.4, -0.0016887, 0.922, 0.882981, 0.907654, 0.892536
0.956216, 4.15722, 0.185825, 0.4, -0.00168744, 0.921997, 0.882979, 0.907652, 0.892533
0.956266, 4.1557, 0.185815, 0.4, -0.00168619, 0.921995, 0.882976, 0.90765, 0.892531
0.956316, 4.15419, 0.185805, 0.4, -0.00168493, 0.921992, 0.882974, 0.907648, 0.892529
0.956366, 4.15267, 0.185795, 0.4, -0.00168368, 0.921989, 0.882971, 0.907646, 0.892527
0.956416, 4.15116, 0.185785, 0.4, -0.00168242, 0.921987, 0.882969, 0.907644, 0.892524
0.956466, 4.14964, 0.185775, 0.4, -0.00168117, 0.921984, 0.882967, 0.907642, 0.892522
0.956517, 4.14813, 0.185765, 0.4, -0.00167991, 0.921981, 0.882964, 0.90764, 0.89252
0.956567, 4.14662, 0.185756, 0.4, -0.00167866, 0.921978, 0.882962, 0.907638, 0.892518
0.956617, 4.14511, 0.185746, 0.4, -0.0016774, 0.921976, 0.88296, 0.907636, 0.892516
0.956667, 4.1436, 0.185736, 0.4, -0.00167615, 0.921973, 0.882957, 0.907634, 0.892513
0.956717, 4.14209, 0.185726, 0.4, -0.00167489, 0.92197, 0.882955, 0.907632, 0.892511
0.956767, 4.14058, 0.185717, 0.4, -0.00167364, 0.921967, 0.882952, 0.90763, 0.892509
0.956817, 4.13908, 0.185707, 0.4, -0.00167238, 0.921965, 0.88295, 0.907628, 0.892507
0.956867, 4.13757, 0.185697, 0.4, -0.00167112, 0.921962, 0.882948, 0.907626, 0.892504
0.956917, 4.13607, 0.185688, 0.4, -0.00166987, 0.921959, 0.882945, 0.907624, 0.892502
0.956967, 4.13457, 0.185678, 0.4, -0.00166861, 0.921956, 0.882943, 0.907622, 0.8925
0.957017, 4.13307, 0.185668, 0.4, -0.00166736, 0.921954, 0.882941, 0.90762, 0.892498
0.957067, 4.13157, 0.185659, 0.4, -0.0016661, 0.921951, 0.882938, 0.907618, 0.892496
0.957117, 4.13007, 0.185649, 0.4, -0.00166484, 0.921948, 0.882936, 0.907616, 0.892493
0.957167, 4.12857, 0.185639, 0.4, -0.00166359, 0.921946, 0.882933, 0.907614, 0.892491
0.957217, 4.12707, 0.18563, 0.4, -0.00166233, 0.921943, 0.882931, 0.907613, 0.892489
0.957267, 4.12558, 0.18562, 0.4, -0.00166108, 0.92194, 0.882929, 0.90761, 0.892487
0.957317, 4.12408, 0.185611, 0.4, -0.00165982, 0.921937, 0.882926, 0.907609, 0.892484
0.957367, 4.12259, 0.185601, 0.4, -0.00165856, 0.921935, 0.882924, 0.907607, 0.892482
0.957417, 4.1211, 0.185592, 0.4, -0.00165731, 0.921932, 0.882922, 0.907605, 0.89248
0.957467, 4.11961, 0.185582, 0.4, -0.00165605, 0.921929, 0.882919, 0.907603, 0.892478
0.957517, 4.11812, 0.185573, 0.4, -0.0016548, 0.921927, 0.882917, 0.907601, 0.892476
0.957567, 4.11663, 0.185563, 0.4, -0.00165354, 0.921924, 0.882915, 0.907599, 0.892473
0.957617, 4.11514, 0.185554, 0.4, -0.00165228, 0.921921, 0.882912, 0.907597, 0.892471
0.957667, 4.11365, 0.185545, 0.4, -0.00165103, 0.921918, 0.88291, 0.907595, 0.892469
0.957717, 4.11217, 0.185535, 0.4, -0.00164977, 0.921916, 0.882908, 0.907593, 0.892467
0.957767, 4.11068, 0.185526, 0.4, -0.00164851, 0.921913, 0.882905, 0.907591, 0.892465
0.957817, 4.1092, 0.185516, 0.4, -0.00164726, 0.92191, 0.882903, 0.907589, 0.892462
0.957867, 4.10772, 0.185507, 0.4, -0.001646, 0.921908, 0.882901, 0.907587, 0.89246
0.957917, 4.10624, 0.185498, 0.4, -0.00164474, 0.921905, 0.882898, 0.907585, 0.892458
0.957967, 4.10476, 0.185488, 0.4, -0.00164349, 0.921902, 0.882896, 0.907583, 0.892456
0.958017, 4.10328, 0.185479, 0.4, -0.00164223, 0.9219, 0.882894, 0.907582, 0.892454
0.958067, 4.1018, 0.18547, 0.4, -0.00164097, 0.921897, 0.882891, 0.90758, 0.892452
0.958117, 4.10033, 0.185461, 0.4, -0.00163972, 0.921894, 0.882889, 0.907578, 0.892449
0.958167, 4.09885, 0.185451, 0.4, -0.00163846, 0.921892, 0.882887, 0.907576, 0.892447
0.958217, 4.09738, 0.185442, 0.4, -0.0016372, 0.921889, 0.882884, 0.907574, 0.892445
0.958267, 4.0959, 0.185433, 0.4, -0.00163594, 0.921886, 0.882882, 0.907572, 0.892443
0.958317, 4.09443, 0.185424, 0.4, -0.00163469, 0.921883, 0.88288, 0.90757, 0.892441
0.958367, 4.09296, 0.185415, 0.4, -0.00163343, 0.921881, 0.882877, 0.907568, 0.892439
0.958417, 4.09149, 0.185405, 0.4, -0.00163217, 0.921878, 0.882875, 0.907566, 0.892436
0.958467, 4.09002, 0.185396, 0.4, -0.00163092, 0.921875, 0.882873, 0.907564, 0.892434
0.958517, 4.08856, 0.185387, 0.4, -0.00162966, 0.921873, 0.88287, 0.907562, 0.892432
0.958567, 4.08709, 0.185378, 0.4, -0.0016284, 0.92187, 0.882868, 0.907561, 0.89243
0.958617, 4.08563, 0.185369, 0.4, -0.00162714, 0.921867, 0.882866, 0.907559, 0.892428
0.958667, 4.08416, 0.18536, 0.4, -0.00162589, 0.921865, 0.882864, 0.907557, 0.892426
0.958717, 4.0827, 0.185351, 0.4, -0.00162463, 0.921862, 0.882861, 0.907555, 0.892423
0.958767, 4.08124, 0.185342, 0.4, -0.00162337, 0.921859, 0.882859, 0.907553, 0.892421
0.958817, 4.07978, 0.185333, 0.4, -0.00162211, 0.921856, 0.882857, 0.907551, 0.892419
0.958867, 4.07832, 0.185324, 0.4, -0.00162085, 0.921854, 0.882854, 0.907549, 0.892417
0.958917, 4.07686, 0.185315, 0.4, -0.0016196, 0.921851, 0.882852, 0.907547, 0.892415
0.958967, 4.0754, 0.185306, 0.4, -0.00161834, 0.921848, 0.88285, 0.907545, 0.892413
0.959017, 4.07395, 0.185297, 0.4, -0.00161708, 0.921846, 0.882847, 0.907544, 0.892411
0.959067, 4.07249, 0.185288, 0.4, -0.00161582, 0.921843, 0.882845, 0.907542, 0.892408
0.959117, 4.07104, 0.185279, 0.4, -0.00161457, 0.92184, 0.882843, 0.90754, 0.892406
0.959167, 4.06959, 0.18527, 0.4, -0.00161331, 0.921838, 0.882841, 0.907538, 0.892404
0.959217, 4.06813, 0.185262, 0.4, -0.00161205, 0.921835, 0.882838, 0.907536, 0.892402
0.959267, 4.06668, 0.185253, 0.4, -0.00161079, 0.921832, 0.882836, 0.907534, 0.8924
0.959317, 4.06523, 0.185244, 0.4, -0.00160953, 0.92183, 0.882834, 0.907532, 0.892398
0.959367, 4.06379, 0.185235, 0.4, -0.00160827, 0.921827, 0.882831, 0.90753, 0.892396
0.959417, 4.06234, 0.185226, 0.4, -0.00160702, 0.921824, 0.882829, 0.907529, 0.892394
0.959467, 4.06089, 0.185218, 0.4, -0.00160576, 0.921822, 0.882827, 0.907527, 0.892391
0.959517, 4.05945, 0.185209, 0.4, -0.0016045, 0.921819, 0.882825, 0.907525, 0.892389
0.959567, 4.05801, 0.1852, 0.4, -0.00160324, 0.921816, 0.882822, 0.907523, 0.892387
0.959617, 4.05656, 0.185192, 0.4, -0.00160198, 0.921814, 0.88282, 0.907521, 0.892385
0.959667, 4.05512, 0.185183, 0.4, -0.00160072, 0.921811, 0.882818, 0.907519, 0.892383
0.959717, 4.05368, 0.185174, 0.4, -0.00159947, 0.921808, 0.882816, 0.907517, 0.892381
0.959767, 4.05224, 0.185165, 0.4, -0.00159821, 0.921806, 0.882813, 0.907516, 0.892379
0.959817, 4.05081, 0.185157, 0.4, -0.00159695, 0.921803, 0.882811, 0.907514, 0.892377
0.959867, 4.04937, 0.185148, 0.4, -0.00159569, 0.9218, 0.882809, 0.907512, 0.892374
0.959917, 4.04793, 0.18514, 0.4, -0.00159443, 0.921798, 0.882806, 0.90751, 0.892372
0.959967, 4.0465, 0.185131, 0.4, -0.00159317, 0.921795, 0.882804, 0.907508, 0.89237
0.960017, 4.04507, 0.185123, 0.4, -0.00159191, 0.921792, 0.882802, 0.907506, 0.892368
0.960067, 4.04363, 0.185114, 0.4, -0.00159066, 0.92179, 0.8828, 0.907504, 0.892366
0.960117, 4.0422, 0.185106, 0.4, -0.0015894, 0.921787, 0.882797, 0.907503, 0.892364
0.960167, 4.04077, 0.185097, 0.4, -0.00158814, 0.921784, 0.882795, 0.907501, 0.892362
0.960217, 4.03934, 0.185089, 0.4, -0.00158688, 0.921782, 0.882793, 0.907499, 0.89236
0.960267, 4.03792, 0.18508, 0.4, -0.00158562, 0.921779, 0.882791, 0.907497, 0.892357
0.960317, 4.03649, 0.185072, 0.4, -0.00158436, 0.921776, 0.882788, 0.907495, 0.892356
0.960367, 4.03506, 0.185063, 0.4, -0.0015831, 0.921774, 0.882786, 0.907493, 0.892353
0.960417, 4.03364, 0.185055, 0.4, -0.00158184, 0.921771, 0.882784, 0.907492, 0.892351
0.960467, 4.03222, 0.185046, 0.4, -0.00158058, 0.921768, 0.882782, 0.90749, 0.892349
0.960517, 4.0308, 0.185038, 0.4, -0.00157932, 0.921766, 0.882779, 0.907488, 0.892347
0.960567, 4.02937, 0.18503, 0.4, -0.00157806, 0.921763, 0.882777, 0.907486, 0.892345
0.960617, 4.02795, 0.185021, 0.4, -0.0015768, 0.92176, 0.882775, 0.907484, 0.892343
0.960667, 4.02654, 0.185013, 0.4, -0.00157555, 0.921758, 0.882773, 0.907482, 0.892341
0.960717, 4.02512, 0.185005, 0.4, -0.00157429, 0.921755, 0.88277, 0.907481, 0.892339
0.960767, 4.0237, 0.184996, 0.4, -0.00157303, 0.921752, 0.882768, 0.907479, 0.892337
0.960817, 4.02229, 0.184988, 0.4, -0.00157177, 0.92175, 0.882766, 0.907477, 0.892335
0.960867, 4.02087, 0.18498, 0.4, -0.00157051, 0.921747, 0.882764, 0.907475, 0.892333
0.960917, 4.01946, 0.184972, 0.4, -0.00156925, 0.921745, 0.882762, 0.907473, 0.89233
0.960967, 4.01805, 0.184963, 0.4, -0.00156799, 0.921742, 0.882759, 0.907471, 0.892328
0.961017, 4.01664, 0.184955, 0.4, -0.00156673, 0.921739, 0.882757, 0.90747, 0.892326
0.961067, 4.01523, 0.184947, 0.4, -0.00156547, 0.921737, 0.882755, 0.907468, 0.892324
0.961117, 4.01382, 0.184938, 0.4, -0.00156421, 0.921734, 0.882753, 0.907466, 0.892322
0.961167, 4.01241, 0.184931, 0.4, -0.00156295, 0.921731, 0.88275, 0.907464, 0.89232
0.961217, 4.01101, 0.184922, 0.4, -0.00156169, 0.921729, 0.882748, 0.907463, 0.892318
0.961267, 4.0096, 0.184915, 0.4, -0.00156043, 0.921726, 0.882746, 0.907461, 0.892316
0.961317, 4.0082, 0.184906, 0.4, -0.00155917, 0.921723, 0.882744, 0.907459, 0.892314
0.961367, 4.0068, 0.184898, 0.4, -0.00155791, 0.921721, 0.882742, 0.907457, 0.892312
0.961417, 4.00539, 0.18489, 0.4, -0.00155665, 0.921718, 0.882739, 0.907455, 0.89231
0.961467, 4.00399, 0.184882, 0.4, -0.00155539, 0.921716, 0.882737, 0.907453, 0.892308
0.961517, 4.00259, 0.184874, 0.4, -0.00155413, 0.921713, 0.882735, 0.907452, 0.892306
0.961567, 4.0012, 0.184866, 0.4, -0.00155287, 0.92171, 0.882733, 0.90745, 0.892304
0.961617, 3.9998, 0.184858, 0.4, -0.00155161, 0.921708, 0.882731, 0.907448, 0.892302
0.961667, 3.9984, 0.18485, 0.4, -0.00155035, 0.921705, 0.882728, 0.907446, 0.8923
0.961717, 3.99701, 0.184842, 0.4, -0.00154909, 0.921702, 0.882726, 0.907445, 0.892298
0.961767, 3.99561, 0.184834, 0.4, -0.00154783, 0.9217, 0.882724, 0.907443, 0.892295
0.961817, 3.99422, 0.184826, 0.4, -0.00154657, 0.921697, 0.882722, 0.907441, 0.892294
0.961867, 3.99283, 0.184819, 0.4, -0.00154531, 0.921694, 0.882719, 0.907439, 0.892291
0.961917, 3.99144, 0.18481, 0.4, -0.00154404, 0.921692, 0.882717, 0.907437, 0.89229
0.961967, 3.99005, 0.184803, 0.4, -0.00154278, 0.921689, 0.882715, 0.907436, 0.892287
0.962017, 3.98866, 0.184795, 0.4, -0.00154152, 0.921687, 0.882713, 0.907434, 0.892285
0.962067, 3.98728, 0.184787, 0.4, -0.00154026, 0.921684, 0.882711, 0.907432, 0.892283
0.962117, 3.98589, 0.184779, 0.4, -0.001539, 0.921681, 0.882709, 0.90743, 0.892281
0.962167, 3.98451, 0.184772, 0.4, -0.00153774, 0.921679, 0.882706, 0.907429, 0.892279
0.962217, 3.98312, 0.184763, 0.4, -0.00153648, 0.921676, 0.882704, 0.907427, 0.892277
0.962267, 3.98174, 0.184756, 0.4, -0.00153522, 0.921674, 0.882702, 0.907425, 0.892275
0.962317, 3.98036, 0.184748, 0.4, -0.00153396, 0.921671, 0.8827, 0.907423, 0.892273
0.962367, 3.97898, 0.18474, 0.4, -0.0015327, 0.921668, 0.882698, 0.907422, 0.892271
0.962417, 3.9776, 0.184733, 0.4, -0.00153144, 0.921666, 0.882695, 0.90742, 0.892269
0.962467, 3.97622, 0.184725, 0.4, -0.00153018, 0.921663, 0.882693, 0.907418, 0.892267
0.962517, 3.97485, 0.184717, 0.4, -0.00152892, 0.921661, 0.882691, 0.907416, 0.892265
0.962568, 3.97347, 0.18471, 0.4, -0.00152765, 0.921658, 0.882689, 0.907415, 0.892263
0.962618, 3.9721, 0.184702, 0.4, -0.00152639, 0.921655, 0.882687, 0.907413, 0.892261
0.962668, 3.97072, 0.184694, 0.4, -0.00152513, 0.921653, 0.882685, 0.907411, 0.892259
0.962718, 3.96935, 0.184687, 0.4, -0.00152387, 0.92165, 0.882683, 0.907409, 0.892257
0.962768, 3.96798, 0.184679, 0.4, -0.00152261, 0.921647, 0.88268, 0.907408, 0.892255
0.962818, 3.96661, 0.184672, 0.4, -0.00152135, 0.921645, 0.882678, 0.907406, 0.892253
0.962868, 3.96524, 0.184664, 0.4, -0.00152009, 0.921642, 0.882676, 0.907404, 0.892251
0.962918, 3.96388, 0.184657, 0.4, -0.00151882, 0.92164, 0.882674, 0.907402, 0.892249
0.962968, 3.96251, 0.184649, 0.4, -0.00151756, 0.921637, 0.882672, 0.907401, 0.892247
0.963018, 3.96114, 0.184642, 0.4, -0.0015163, 0.921634, 0.88267, 0.907399, 0.892245
0.963068, 3.95978, 0.184634, 0.4, -0.00151504, 0.921632, 0.882667, 0.907397, 0.892243
0.963118, 3.95842, 0.184627, 0.4, -0.00151378, 0.921629, 0.882665, 0.907395, 0.892241
0.963168, 3.95705, 0.184619, 0.4, -0.00151252, 0.921627, 0.882663, 0.907394, 0.892239
0.963218, 3.95569, 0.184612, 0.4, -0.00151126, 0.921624, 0.882661, 0.907392, 0.892237
0.963268, 3.95433, 0.184605, 0.4, -0.00150999, 0.921621, 0.882659, 0.90739, 0.892235
0.963318, 3.95298, 0.184597, 0.4, -0.00150873, 0.921619, 0.882657, 0.907388, 0.892233
0.963368, 3.95162, 0.18459, 0.4, -0.00150747, 0.921616, 0.882654, 0.907387, 0.892231
0.963418, 3.95026, 0.184583, 0.4, -0.00150621, 0.921614, 0.882652, 0.907385, 0.892229
0.963468, 3.94891, 0.184575, 0.4, -0.00150495, 0.921611, 0.88265, 0.907383, 0.892227
0.963518, 3.94755, 0.184568, 0.4, -0.00150369, 0.921608, 0.882648, 0.907382, 0.892225
0.963568, 3.9462, 0.184561, 0.4, -0.00150242, 0.921606, 0.882646, 0.90738, 0.892223
0.963618, 3.94485, 0.184553, 0.4, -0.00150116, 0.921603, 0.882644, 0.907378, 0.892221
0.963668, 3.9435, 0.184546, 0.4, -0.0014999, 0.921601, 0.882642, 0.907376, 0.892219
0.963718, 3.94215, 0.184539, 0.4, -0.00149864, 0.921598, 0.88264, 0.907375, 0.892217
0.963768, 3.9408, 0.184532, 0.4, -0.00149738, 0.921595, 0.882637, 0.907373, 0.892215
0.963818, 3.93945, 0.184525, 0.4, -0.00149611, 0.921593, 0.882635, 0.907371, 0.892214
0.963868, 3.93811, 0.184517, 0.4, -0.00149485, 0.92159, 0.882633, 0.907369, 0.892212
0.963918, 3.93676, 0.18451, 0.4, -0.00149359, 0.921588, 0.882631, 0.907368, 0.89221
0.963968, 3.93542, 0.184503, 0.4, -0.00149233, 0.921585, 0.882629, 0.907366, 0.892208
0.964018, 3.93408, 0.184496, 0.4, -0.00149106, 0.921583, 0.882627, 0.907364, 0.892206
0.964068, 3.93273, 0.184489, 0.4, -0.0014898, 0.92158, 0.882625, 0.907363, 0.892204
0.964118, 3.9314, 0.184482, 0.4, -0.00148854, 0.921577, 0.882623, 0.907361, 0.892202
0.964168, 3.93006, 0.184475, 0.4, -0.00148728, 0.921575, 0.882621, 0.907359, 0.8922
0.964218, 3.92872, 0.184468, 0.4, -0.00148602, 0.921572, 0.882618, 0.907358, 0.892198
0.964268, 3.92738, 0.184461, 0.4, -0.00148475, 0.92157, 0.882616, 0.907356, 0.892196
0.964318, 3.92605, 0.184454, 0.4, -0.00148349, 0.921567, 0.882614, 0.907354, 0.892194
0.964368, 3.92471, 0.184447, 0.4, -0.00148223, 0.921565, 0.882612, 0.907353, 0.892192
0.964418, 3.92338, 0.18444, 0.4, -0.00148097, 0.921562, 0.88261, 0.907351, 0.89219
0.964468, 3.92204, 0.184433, 0.4, -0.0014797, 0.921559, 0.882608, 0.907349, 0.892188
0.964518, 3.92071, 0.184426, 0.4, -0.00147844, 0.921557, 0.882606, 0.907348, 0.892186
0.964568, 3.91938, 0.184419, 0.4, -0.00147718, 0.921554, 0.882604, 0.907346, 0.892184
0.964618, 3.91805, 0.184412, 0.4, -0.00147591, 0.921552, 0.882602, 0.907344, 0.892182
0.964668, 3.91673, 0.184405, 0.4, -0.00147465, 0.921549, 0.882599, 0.907342, 0.89218
0.964718, 3.9154, 0.184398, 0.4, -0.00147339, 0.921546, 0.882597, 0.907341, 0.892178
0.964768, 3.91407, 0.184391, 0.4, -0.00147213, 0.921544, 0.882595, 0.907339, 0.892177
0.964818, 3.91275, 0.184385, 0.4, -0.00147086, 0.921541, 0.882593, 0.907337, 0.892175
0.964868, 3.91143, 0.184378, 0.4, -0.0014696, 0.921539, 0.882591, 0.907336, 0.892173
0.964918, 3.91011, 0.184371, 0.4, -0.00146834, 0.921536, 0.882589, 0.907334, 0.892171
0.964968, 3.90878, 0.184364, 0.4, -0.00146707, 0.921534, 0.882587, 0.907332, 0.892169
0.965018, 3.90746, 0.184357, 0.4, -0.00146581, 0.921531, 0.882585, 0.907331, 0.892167
0.965068, 3.90615, 0.184351, 0.4, -0.00146455, 0.921529, 0.882583, 0.907329, 0.892165
0.965118, 3.90483, 0.184344, 0.4, -0.00146329, 0.921526, 0.882581, 0.907327, 0.892163
0.965168, 3.90351, 0.184337, 0.4, -0.00146202, 0.921523, 0.882578, 0.907326, 0.892161
0.965218, 3.9022, 0.184331, 0.4, -0.00146076, 0.921521, 0.882576, 0.907324, 0.892159
0.965268, 3.90088, 0.184324, 0.4, -0.0014595, 0.921518, 0.882574, 0.907322, 0.892157
0.965318, 3.89957, 0.184317, 0.4, -0.00145823, 0.921516, 0.882572, 0.907321, 0.892155
0.965368, 3.89826, 0.184311, 0.4, -0.00145697, 0.921513, 0.88257, 0.907319, 0.892154
0.965418, 3.89695, 0.184304, 0.4, -0.00145571, 0.921511, 0.882568, 0.907317, 0.892152
0.965468, 3.89564, 0.184298, 0.4, -0.00145444, 0.921508, 0.882566, 0.907316, 0.89215
0.965518, 3.89433, 0.184291, 0.4, -0.00145318, 0.921506, 0.882564, 0.907314, 0.892148
0.965568, 3.89302, 0.184285, 0.4, -0.00145192, 0.921503, 0.882562, 0.907313, 0.892146
0.965618, 3.89172, 0.184278, 0.4, -0.00145065, 0.9215, 0.88256, 0.907311, 0.892144
0.965668, 3.89041, 0.184271, 0.4, -0.00144939, 0.921498, 0.882558, 0.907309, 0.892142
0.965718, 3.88911, 0.184265, 0.4, -0.00144813, 0.921495, 0.882556, 0.907308, 0.89214
0.965768, 3.8878, 0.184258, 0.4, -0.00144686, 0.921493, 0.882554, 0.907306, 0.892138
0.965818, 3.8865, 0.184252, 0.4, -0.0014456, 0.92149, 0.882552, 0.907304, 0.892137
0.965868, 3.8852, 0.184245, 0.4, -0.00144433, 0.921488, 0.88255, 0.907303, 0.892135
0.965918, 3.8839, 0.184239, 0.4, -0.00144307, 0.921485, 0.882548, 0.907301, 0.892133
0.965968, 3.8826, 0.184233, 0.4, -0.00144181, 0.921483, 0.882546, 0.907299, 0.892131
0.966018, 3.88131, 0.184226, 0.4, -0.00144054, 0.92148, 0.882544, 0.907298, 0.892129
0.966068, 3.88001, 0.18422, 0.4, -0.00143928, 0.921478, 0.882541, 0.907296, 0.892127
0.966118, 3.87872, 0.184214, 0.4, -0.00143802, 0.921475, 0.882539, 0.907295, 0.892125
0.966168, 3.87742, 0.184207, 0.4, -0.00143675, 0.921472, 0.882537, 0.907293, 0.892123
0.966218, 3.87613, 0.184201, 0.4, -0.00143549, 0.92147, 0.882535, 0.907291, 0.892121
0.966268, 3.87484, 0.184194, 0.4, -0.00143422, 0.921467, 0.882533, 0.90729, 0.89212
0.966318, 3.87355, 0.184188, 0.4, -0.00143296, 0.921465, 0.882531, 0.907288, 0.892118
0.966368, 3.87226, 0.184182, 0.4, -0.0014317, 0.921462, 0.882529, 0.907286, 0.892116
0.966418, 3.87097, 0.184176, 0.4, -0.00143043, 0.92146, 0.882527, 0.907285, 0.892114
0.966468, 3.86969, 0.18417, 0.4, -0.00142917, 0.921457, 0.882525, 0.907283, 0.892112
0.966518, 3.8684, 0.184163, 0.4, -0.0014279, 0.921455, 0.882523, 0.907282, 0.89211
0.966568, 3.86712, 0.184157, 0.4, -0.00142664, 0.921452, 0.882521, 0.90728, 0.892108
0.966618, 3.86583, 0.184151, 0.4, -0.00142538, 0.92145, 0.882519, 0.907278, 0.892107
0.966668, 3.86455, 0.184145, 0.4, -0.00142411, 0.921447, 0.882517, 0.907277, 0.892105
0.966718, 3.86327, 0.184139, 0.4, -0.00142285, 0.921445, 0.882515, 0.907275, 0.892103
0.966768, 3.86199, 0.184133, 0.4, -0.00142158, 0.921442, 0.882513, 0.907274, 0.892101
0.966818, 3.86071, 0.184126, 0.4, -0.00142032, 0.92144, 0.882511, 0.907272, 0.892099
0.966868, 3.85943, 0.184121, 0.4, -0.00141906, 0.921437, 0.882509, 0.90727, 0.892097
0.966918, 3.85816, 0.184114, 0.4, -0.00141779, 0.921434, 0.882507, 0.907269, 0.892095
0.966968, 3.85688, 0.184108, 0.4, -0.00141653, 0.921432, 0.882505, 0.907267, 0.892094
0.967018, 3.85561, 0.184102, 0.4, -0.00141526, 0.921429, 0.882503, 0.907266, 0.892092
0.967068, 3.85433, 0.184096, 0.4, -0.001414, 0.921427, 0.882501, 0.907264, 0.89209
0.967118, 3.85306, 0.18409, 0.4, -0.00141273, 0.921424, 0.882499, 0.907262, 0.892088
0.967168, 3.85179, 0.184084, 0.4, -0.00141147, 0.921422, 0.882497, 0.907261, 0.892086
0.967218, 3.85052, 0.184078, 0.4, -0.0014102, 0.921419, 0.882495, 0.907259, 0.892084
0.967268, 3.84925, 0.184072, 0.4, -0.00140894, 0.921417, 0.882493, 0.907258, 0.892083
0.967318, 3.84798, 0.184066, 0.4, -0.00140768, 0.921414, 0.882491, 0.907256, 0.892081
0.967368, 3.84672, 0.184061, 0.4, -0.00140641, 0.921412, 0.882489, 0.907254, 0.892079
0.967418, 3.84545, 0.184055, 0.4, -0.00140515, 0.921409, 0.882487, 0.907253, 0.892077
0.967468, 3.84419, 0.184049, 0.4, -0.00140388, 0.921407, 0.882485, 0.907251, 0.892075
0.967518, 3.84293, 0.184043, 0.4, -0.00140262, 0.921404, 0.882483, 0.90725, 0.892074
0.967568, 3.84166, 0.184037, 0.4, -0.00140135, 0.921402, 0.882481, 0.907248, 0.892072
0.967618, 3.8404, 0.184031, 0.4, -0.00140009, 0.921399, 0.882479, 0.907247, 0.89207
0.967668, 3.83914, 0.184026, 0.4, -0.00139882, 0.921397, 0.882477, 0.907245, 0.892068
0.967718, 3.83789, 0.18402, 0.4, -0.00139756, 0.921394, 0.882475, 0.907243, 0.892066
0.967768, 3.83663, 0.184014, 0.4, -0.00139629, 0.921392, 0.882473, 0.907242, 0.892064
0.967818, 3.83537, 0.184008, 0.4, -0.00139503, 0.921389, 0.882471, 0.90724, 0.892063
0.967868, 3.83412, 0.184002, 0.4, -0.00139376, 0.921387, 0.882469, 0.907239, 0.892061
0.967918, 3.83286, 0.183997, 0.4, -0.0013925, 0.921384, 0.882467, 0.907237, 0.892059
0.967968, 3.83161, 0.183991, 0.4, -0.00139123, 0.921382, 0.882465, 0.907236, 0.892057
0.968018, 3.83036, 0.183985, 0.4, -0.00138997, 0.921379, 0.882463, 0.907234, 0.892055
0.968068, 3.82911, 0.18398, 0.4, -0.0013887, 0.921377, 0.882461, 0.907233, 0.892053
0.968118, 3.82786, 0.183974, 0.4, -0.00138744, 0.921374, 0.882459, 0.907231, 0.892052
0.968168, 3.82661, 0.183969, 0.4, -0.00138617, 0.921372, 0.882457, 0.907229, 0.89205
0.968218, 3.82537, 0.183963, 0.4, -0.00138491, 0.921369, 0.882455, 0.907228, 0.892048
0.968268, 3.82412, 0.183957, 0.4, -0.00138364, 0.921367, 0.882453, 0.907226, 0.892046
0.968318, 3.82287, 0.183952, 0.4, -0.00138238, 0.921364, 0.882451, 0.907225, 0.892044
0.968368, 3.82163, 0.183946, 0.4, -0.00138111, 0.921362, 0.882449, 0.907223, 0.892043
0.968418, 3.82039, 0.183941, 0.4, -0.00137985, 0.921359, 0.882447, 0.907222, 0.892041
0.968468, 3.81915, 0.183935, 0.4, -0.00137858, 0.921357, 0.882445, 0.90722, 0.892039
0.968518, 3.81791, 0.18393, 0.4, -0.00137732, 0.921354, 0.882443, 0.907219, 0.892037
0.968569, 3.81667, 0.183924, 0.4, -0.00137605, 0.921352, 0.882441, 0.907217, 0.892036
0.968619, 3.81543, 0.183919, 0.4, -0.00137479, 0.921349, 0.882439, 0.907216, 0.892034
0.968669, 3.81419, 0.183913, 0.4, -0.00137352, 0.921347, 0.882437, 0.907214, 0.892032
0.968719, 3.81296, 0.183908, 0.4, -0.00137226, 0.921344, 0.882435, 0.907212, 0.89203
0.968769, 3.81172, 0.183902, 0.4, -0.00137099, 0.921342, 0.882433, 0.907211, 0.892028
0.968819, 3.81049, 0.183897, 0.4, -0.00136972, 0.921339, 0.882431, 0.907209, 0.892027
0.968869, 3.80926, 0.183892, 0.4, -0.00136846, 0.921337, 0.88243, 0.907208, 0.892025
0.968919, 3.80803, 0.183886, 0.4, -0.00136719, 0.921334, 0.882428, 0.907206, 0.892023
0.968969, 3.8068, 0.183881, 0.4, -0.00136593, 0.921332, 0.882426, 0.907205, 0.892021
0.969019, 3.80557, 0.183876, 0.4, -0.00136466, 0.921329, 0.882424, 0.907203, 0.89202
0.969069, 3.80434, 0.18387, 0.4, -0.0013634, 0.921327, 0.882422, 0.907202, 0.892018
0.969119, 3.80312, 0.183865, 0.4, -0.00136213, 0.921325, 0.88242, 0.9072, 0.892016
0.969169, 3.80189, 0.18386, 0.4, -0.00136087, 0.921322, 0.882418, 0.907199, 0.892014
0.969219, 3.80067, 0.183855, 0.4, -0.0013596, 0.92132, 0.882416, 0.907197, 0.892013
0.969269, 3.79944, 0.183849, 0.4, -0.00135833, 0.921317, 0.882414, 0.907196, 0.892011
0.969319, 3.79822, 0.183844, 0.4, -0.00135707, 0.921315, 0.882412, 0.907194, 0.892009
0.969369, 3.797, 0.183839, 0.4, -0.0013558, 0.921312, 0.88241, 0.907193, 0.892007
0.969419, 3.79578, 0.183834, 0.4, -0.00135454, 0.92131, 0.882408, 0.907191, 0.892006
0.969469, 3.79456, 0.183829, 0.4, -0.00135327, 0.921307, 0.882406, 0.90719, 0.892004
0.969519, 3.79334, 0.183824, 0.4, -0.001352, 0.921305, 0.882404, 0.907188, 0.892002
0.969569, 3.79213, 0.183819, 0.4, -0.00135074, 0.921302, 0.882402, 0.907187, 0.892
0.969619, 3.79091, 0.183813, 0.4, -0.00134947, 0.9213, 0.882401, 0.907185, 0.891999
0.969669, 3.7897, 0.183808, 0.4, -0.00134821, 0.921297, 0.882399, 0.907184, 0.891997
0.969719, 3.78849, 0.183803, 0.4, -0.00134694, 0.921295, 0.882397, 0.907182, 0.891995
0.969769, 3.78728, 0.183798, 0.4, -0.00134568, 0.921293, 0.882395, 0.907181, 0.891993
0.969819, 3.78606, 0.183793, 0.4, -0.00134441, 0.92129, 0.882393, 0.907179, 0.891992
0.969869, 3.78486, 0.183788, 0.4, -0.00134314, 0.921288, 0.882391, 0.907178, 0.89199
0.969919, 3.78365, 0.183783, 0.4, -0.00134188, 0.921285, 0.882389, 0.907176, 0.891988
0.969969, 3.78244, 0.183778, 0.4, -0.00134061, 0.921283, 0.882387, 0.907175, 0.891986
0.970019, 3.78123, 0.183773, 0.4, -0.00133934, 0.92128, 0.882385, 0.907173, 0.891985
0.970069, 3.78003, 0.183768, 0.4, -0.00133808, 0.921278, 0.882383, 0.907172, 0.891983
0.970119, 3.77883, 0.183763, 0.4, -0.00133681, 0.921275, 0.882382, 0.90717, 0.891981
0.970169, 3.77762, 0.183758, 0.4, -0.00133555, 0.921273, 0.88238, 0.907169, 0.89198
0.970219, 3.77642, 0.183754, 0.4, -0.00133428, 0.921271, 0.882378, 0.907168, 0.891978
0.970269, 3.77522, 0.183749, 0.4, -0.00133301, 0.921268, 0.882376, 0.907166, 0.891976
0.970319, 3.77402, 0.183744, 0.4, -0.00133175, 0.921266, 0.882374, 0.907165, 0.891974
0.970369, 3.77282, 0.183739, 0.4, -0.00133048, 0.921263, 0.882372, 0.907163, 0.891973
0.970419, 3.77163, 0.183734, 0.4, -0.00132921, 0.921261, 0.88237, 0.907162, 0.891971
0.970469, 3.77043, 0.18373, 0.4, -0.00132795, 0.921258, 0.882368, 0.90716, 0.891969
0.970519, 3.76924, 0.183725, 0.4, -0.00132668, 0.921256, 0.882366, 0.907159, 0.891968
0.970569, 3.76804, 0.18372, 0.4, -0.00132542, 0.921254, 0.882365, 0.907157, 0.891966
0.970619, 3.76685, 0.183715, 0.4, -0.00132415, 0.921251, 0.882363, 0.907156, 0.891964
0.970669, 3.76566, 0.183711, 0.4, -0.00132288, 0.921249, 0.882361, 0.907154, 0.891963
0.970719, 3.76447, 0.183706, 0.4, -0.00132162, 0.921246, 0.882359, 0.907153, 0.891961
0.970769, 3.76328, 0.183701, 0.4, -0.00132035, 0.921244, 0.882357, 0.907152, 0.891959
0.970819, 3.76209, 0.183697, 0.4, -0.00131908, 0.921241, 0.882355, 0.90715, 0.891958
0.970869, 3.76091, 0.183692, 0.4, -0.00131782, 0.921239, 0.882353, 0.907149, 0.891956
0.970919, 3.75972, 0.183687, 0.4, -0.00131655, 0.921236, 0.882351, 0.907147, 0.891954
0.970969, 3.75854, 0.183683, 0.4, -0.00131528, 0.921234, 0.88235, 0.907146, 0.891952
0.971019, 3.75735, 0.183678, 0.4, -0.00131402, 0.921232, 0.882348, 0.907144, 0.891951
0.971069, 3.75617, 0.183673, 0.4, -0.00131275, 0.921229, 0.882346, 0.907143, 0.891949
0.971119, 3.75499, 0.183669, 0.4, -0.00131148, 0.921227, 0.882344, 0.907141, 0.891947
0.971169, 3.75381, 0.183664, 0.4, -0.00131022, 0.921224, 0.882342, 0.90714, 0.891946
0.971219, 3.75263, 0.18366, 0.4, -0.00130895, 0.921222, 0.88234, 0.907139, 0.891944
0.971269, 3.75145, 0.183655, 0.4, -0.00130768, 0.921219, 0.882338, 0.907137, 0.891942
0.971319, 3.75028, 0.183651, 0.4, -0.00130642, 0.921217, 0.882337, 0.907136, 0.891941
0.971369, 3.7491, 0.183646, 0.4, -0.00130515, 0.921215, 0.882335, 0.907134, 0.891939
0.971419, 3.74793, 0.183642, 0.4, -0.00130388, 0.921212, 0.882333, 0.907133, 0.891937
0.971469, 3.74676, 0.183638, 0.4, -0.00130262, 0.92121, 0.882331, 0.907131, 0.891936
0.971519, 3.74558, 0.183633, 0.4, -0.00130135, 0.921207, 0.882329, 0.90713, 0.891934
0.971569, 3.74441, 0.183629, 0.4, -0.00130008, 0.921205, 0.882327, 0.907129, 0.891932
0.971619, 3.74324, 0.183624, 0.4, -0.00129882, 0.921202, 0.882325, 0.907127, 0.891931
0.971669, 3.74208, 0.18362, 0.4, -0.00129755, 0.9212, 0.882324, 0.907126, 0.891929
0.971719, 3.74091, 0.183616, 0.4, -0.00129628, 0.921198, 0.882322, 0.907124, 0.891927
0.971769, 3.73974, 0.183611, 0.4, -0.00129501, 0.921195, 0.88232, 0.907123, 0.891926
0.971819, 3.73858, 0.183607, 0.4, -0.00129375, 0.921193, 0.882318, 0.907121, 0.891924
0.971869, 3.73741, 0.183603, 0.4, -0.00129248, 0.92119, 0.882316, 0.90712, 0.891922
0.971919, 3.73625, 0.183598, 0.4, -0.00129121, 0.921188, 0.882314, 0.907119, 0.891921
0.971969, 3.73509, 0.183594, 0.4, -0.00128995, 0.921186, 0.882313, 0.907117, 0.891919
0.972019, 3.73393, 0.18359, 0.4, -0.00128868, 0.921183, 0.882311, 0.907116, 0.891917
0.972069, 3.73277, 0.183586, 0.4, -0.00128741, 0.921181, 0.882309, 0.907114, 0.891916
0.972119, 3.73161, 0.183582, 0.4, -0.00128615, 0.921179, 0.882307, 0.907113, 0.891914
0.972169, 3.73045, 0.183577, 0.4, -0.00128488, 0.921176, 0.882305, 0.907112, 0.891913
0.972219, 3.7293, 0.183573, 0.4, -0.00128361, 0.921174, 0.882304, 0.90711, 0.891911
0.972269, 3.72814, 0.183569, 0.4, -0.00128234, 0.921171, 0.882302, 0.907109, 0.891909
0.972319, 3.72699, 0.183565, 0.4, -0.00128108, 0.921169, 0.8823, 0.907107, 0.891908
0.972369, 3.72584, 0.183561, 0.4, -0.00127981, 0.921167, 0.882298, 0.907106, 0.891906
0.972419, 3.72469, 0.183557, 0.4, -0.00127854, 0.921164, 0.882296, 0.907105, 0.891904
0.972469, 3.72354, 0.183553, 0.4, -0.00127727, 0.921162, 0.882295, 0.907103, 0.891903
0.972519, 3.72239, 0.183549, 0.4, -0.00127601, 0.921159, 0.882293, 0.907102, 0.891901
0.972569, 3.72124, 0.183544, 0.4, -0.00127474, 0.921157, 0.882291, 0.907101, 0.891899
0.972619, 3.72009, 0.183541, 0.4, -0.00127347, 0.921154, 0.882289, 0.907099, 0.891898
0.972669, 3.71895, 0.183537, 0.4, -0.00127221, 0.921152, 0.882287, 0.907098, 0.891896
0.972719, 3.7178, 0.183533, 0.4, -0.00127094, 0.92115, 0.882285, 0.907096, 0.891895
0.972769, 3.71666, 0.183529, 0.4, -0.00126967, 0.921147, 0.882284, 0.907095, 0.891893
0.972819, 3.71552, 0.183524, 0.4, -0.0012684, 0.921145, 0.882282, 0.907094, 0.891891
0.972869, 3.71438, 0.183521, 0.4, -0.00126714, 0.921143, 0.88228, 0.907092, 0.89189
0.972919, 3.71324, 0.183517, 0.4, -0.00126587, 0.92114, 0.882278, 0.907091, 0.891888
0.972969, 3.7121, 0.183513, 0.4, -0.0012646, 0.921138, 0.882276, 0.907089, 0.891887
0.973019, 3.71096, 0.183509, 0.4, -0.00126333, 0.921135, 0.882275, 0.907088, 0.891885
0.973069, 3.70982, 0.183505, 0.4, -0.00126207, 0.921133, 0.882273, 0.907087, 0.891883
0.973119, 3.70869, 0.183501, 0.4, -0.0012608, 0.921131, 0.882271, 0.907085, 0.891882
0.973169, 3.70755, 0.183497, 0.4, -0.00125953, 0.921128, 0.882269, 0.907084, 0.89188
0.973219, 3.70642, 0.183494, 0.4, -0.00125826, 0.921126, 0.882267, 0.907083, 0.891878
0.973269, 3.70529, 0.18349, 0.4, -0.001257, 0.921123, 0.882266, 0.907081, 0.891877
0.973319, 3.70416, 0.183486, 0.4, -0.00125573, 0.921121, 0.882264, 0.90708, 0.891875
0.973369, 3.70303, 0.183482, 0.4, -0.00125446, 0.921119, 0.882262, 0.907079, 0.891874
0.973419, 3.7019, 0.183479, 0.4, -0.00125319, 0.921116, 0.88226, 0.907077, 0.891872
0.973469, 3.70077, 0.183475, 0.4, -0.00125193, 0.921114, 0.882259, 0.907076, 0.89187
0.973519, 3.69965, 0.183471, 0.4, -0.00125066, 0.921112, 0.882257, 0.907075, 0.891869
0.973569, 3.69852, 0.183468, 0.4, -0.00124939, 0.921109, 0.882255, 0.907073, 0.891867
0.973619, 3.6974, 0.183464, 0.4, -0.00124812, 0.921107, 0.882253, 0.907072, 0.891866
0.973669, 3.69628, 0.18346, 0.4, -0.00124685, 0.921104, 0.882252, 0.90707, 0.891864
0.973719, 3.69515, 0.183457, 0.4, -0.00124559, 0.921102, 0.88225, 0.907069, 0.891863
0.973769, 3.69403, 0.183453, 0.4, -0.00124432, 0.9211, 0.882248, 0.907068, 0.891861
0.973819, 3.69292, 0.18345, 0.4, -0.00124305, 0.921097, 0.882246, 0.907067, 0.891859
0.973869, 3.6918, 0.183446, 0.4, -0.00124178, 0.921095, 0.882244, 0.907065, 0.891858
0.973919, 3.69068, 0.183442, 0.4, -0.00124052, 0.921093, 0.882243, 0.907064, 0.891856
0.973969, 3.68956, 0.183439, 0.4, -0.00123925, 0.92109, 0.882241, 0.907063, 0.891855
0.974019, 3.68845, 0.183435, 0.4, -0.00123798, 0.921088, 0.882239, 0.907061, 0.891853
0.974069, 3.68734, 0.183432, 0.4, -0.00123671, 0.921086, 0.882237, 0.90706, 0.891852
0.974119, 3.68622, 0.183428, 0.4, -0.00123544, 0.921083, 0.882236, 0.907059, 0.89185
0.974169, 3.68511, 0.183425, 0.4, -0.00123418, 0.921081, 0.882234, 0.907057, 0.891848
0.974219, 3.684, 0.183421, 0.4, -0.00123291, 0.921079, 0.882232, 0.907056, 0.891847
0.974269, 3.68289, 0.183418, 0.4, -0.00123164, 0.921076, 0.88223, 0.907055, 0.891845
0.974319, 3.68178, 0.183414, 0.4, -0.00123037, 0.921074, 0.882229, 0.907053, 0.891844
0.974369, 3.68068, 0.183411, 0.4, -0.0012291, 0.921071, 0.882227, 0.907052, 0.891842
0.974419, 3.67957, 0.183408, 0.4, -0.00122784, 0.921069, 0.882225, 0.907051, 0.891841
0.974469, 3.67847, 0.183404, 0.4, -0.00122657, 0.921067, 0.882223, 0.907049, 0.891839
0.974519, 3.67736, 0.183401, 0.4, -0.0012253, 0.921064, 0.882222, 0.907048, 0.891837
0.974569, 3.67626, 0.183398, 0.4, -0.00122403, 0.921062, 0.88222, 0.907047, 0.891836
0.97462, 3.67516, 0.183394, 0.4, -0.00122276, 0.92106, 0.882218, 0.907045, 0.891834
0.97467, 3.67406, 0.183391, 0.4, -0.0012215, 0.921057, 0.882216, 0.907044, 0.891833
0.97472, 3.67296, 0.183388, 0.4, -0.00122023, 0.921055, 0.882215, 0.907043, 0.891831
0.97477, 3.67186, 0.183384, 0.4, -0.00121896, 0.921053, 0.882213, 0.907041, 0.89183
0.97482, 3.67077, 0.183381, 0.4, -0.00121769, 0.92105, 0.882211, 0.90704, 0.891828
0.97487, 3.66967, 0.183378, 0.4, -0.00121642, 0.921048, 0.88221, 0.907039, 0.891827
0.97492, 3.66858, 0.183375, 0.4, -0.00121516, 0.921046, 0.882208, 0.907038, 0.891825
0.97497, 3.66749, 0.183372, 0.4, -0.00121389, 0.921043, 0.882206, 0.907036, 0.891824
0.97502, 3.66639, 0.183368, 0.4, -0.00121262, 0.921041, 0.882204, 0.907035, 0.891822
0.97507, 3.6653, 0.183365, 0.4, -0.00121135, 0.921039, 0.882203, 0.907034, 0.891821
0.97512, 3.66421, 0.183362, 0.4, -0.00121008, 0.921036, 0.882201, 0.907032, 0.891819
0.97517, 3.66312, 0.183359, 0.4, -0.00120881, 0.921034, 0.882199, 0.907031, 0.891818
0.97522, 3.66204, 0.183356, 0.4, -0.00120755, 0.921032, 0.882197, 0.90703, 0.891816
0.97527, 3.66095, 0.183353, 0.4, -0.00120628, 0.921029, 0.882196, 0.907028, 0.891814
0.97532, 3.65987, 0.18335, 0.4, -0.00120501, 0.921027, 0.882194, 0.907027, 0.891813
0.97537, 3.65878, 0.183347, 0.4, -0.00120374, 0.921025, 0.882192, 0.907026, 0.891811
0.97542, 3.6577, 0.183344, 0.4, -0.00120247, 0.921022, 0.882191, 0.907025, 0.89181
0.97547, 3.65662, 0.183341, 0.4, -0.0012012, 0.92102, 0.882189, 0.907023, 0.891809
0.97552, 3.65554, 0.183338, 0.4, -0.00119994, 0.921018, 0.882187, 0.907022, 0.891807
0.97557, 3.65446, 0.183335, 0.4, -0.00119867, 0.921015, 0.882186, 0.907021, 0.891805
0.97562, 3.65338, 0.183332, 0.4, -0.0011974, 0.921013, 0.882184, 0.90702, 0.891804
0.97567, 3.6523, 0.183329, 0.4, -0.00119613, 0.921011, 0.882182, 0.907018, 0.891802
0.97572, 3.65123, 0.183326, 0.4, -0.00119486, 0.921008, 0.882181, 0.907017, 0.891801
0.97577, 3.65015, 0.183323, 0.4, -0.00119359, 0.921006, 0.882179, 0.907016, 0.891799
0.97582, 3.64908, 0.18332, 0.4, -0.00119233, 0.921004, 0.882177, 0.907014, 0.891798
0.97587, 3.64801, 0.183317, 0.4, -0.00119106, 0.921001, 0.882175, 0.907013, 0.891796
0.97592, 3.64693, 0.183314, 0.4, -0.00118979, 0.920999, 0.882174, 0.907012, 0.891795
0.97597, 3.64586, 0.183311, 0.4, -0.00118852, 0.920997, 0.882172, 0.907011, 0.891793
0.97602, 3.64479, 0.183309, 0.4, -0.00118725, 0.920994, 0.88217, 0.907009, 0.891792
0.97607, 3.64373, 0.183306, 0.4, -0.00118598, 0.920992, 0.882169, 0.907008, 0.89179
0.97612, 3.64266, 0.183303, 0.4, -0.00118471, 0.92099, 0.882167, 0.907007, 0.891789
0.97617, 3.64159, 0.1833, 0.4, -0.00118345, 0.920987, 0.882165, 0.907006, 0.891787
0.97622, 3.64053, 0.183298, 0.4, -0.00118218, 0.920985, 0.882164, 0.907004, 0.891786
0.97627, 3.63947, 0.183295, 0.4, -0.00118091, 0.920983, 0.882162, 0.907003, 0.891784
0.97632, 3.6384, 0.183292, 0.4, -0.00117964, 0.92098, 0.88216, 0.907002, 0.891783
0.97637, 3.63734, 0.18329, 0.4, -0.00117837, 0.920978, 0.882159, 0.907001, 0.891781
0.97642, 3.63628, 0.183287, 0.4, -0.0011771, 0.920976, 0.882157, 0.906999, 0.89178
0.97647, 3.63522, 0.183284, 0.4, -0.00117583, 0.920974, 0.882155, 0.906998, 0.891778
0.97652, 3.63417, 0.183282, 0.4, -0.00117457, 0.920971, 0.882154, 0.906997, 0.891777
0.97657, 3.63311, 0.183279, 0.4, -0.0011733, 0.920969, 0.882152, 0.906996, 0.891776
0.97662, 3.63205, 0.183277, 0.4, -0.00117203, 0.920967, 0.88215, 0.906994, 0.891774
0.97667, 3.631, 0.183274, 0.4, -0.00117076, 0.920964, 0.882149, 0.906993, 0.891773
0.97672, 3.62995, 0.183271, 0.4, -0.00116949, 0.920962, 0.882147, 0.906992, 0.891771
0.97677, 3.6289, 0.183269, 0.4, -0.00116822, 0.92096, 0.882145, 0.906991, 0.89177
0.97682, 3.62784, 0.183266, 0.4, -0.00116695, 0.920957, 0.882144, 0.90699, 0.891768
0.97687, 3.6268, 0.183264, 0.4, -0.00116569, 0.920955, 0.882142, 0.906988, 0.891767
0.97692, 3.62575, 0.183261, 0.4, -0.00116442, 0.920953, 0.88214, 0.906987, 0.891765
0.97697, 3.6247, 0.183259, 0.4, -0.00116315, 0.920951, 0.882139, 0.906986, 0.891764
0.97702, 3.62365, 0.183256, 0.4, -0.00116188, 0.920948, 0.882137, 0.906985, 0.891762
0.97707, 3.62261, 0.183254, 0.4, -0.00116061, 0.920946, 0.882135, 0.906983, 0.891761
0.97712, 3.62156, 0.183252, 0.4, -0.00115934, 0.920944, 0.882134, 0.906982, 0.89176
0.97717, 3.62052, 0.183249, 0.4, -0.00115807, 0.920941, 0.882132, 0.906981, 0.891758
0.97722, 3.61948, 0.183247, 0.4, -0.0011568, 0.920939, 0.882131, 0.90698, 0.891757
0.97727, 3.61844, 0.183244, 0.4, -0.00115554, 0.920937, 0.882129, 0.906979, 0.891755
0.97732, 3.6174, 0.183242, 0.4, -0.00115427, 0.920934, 0.882127, 0.906977, 0.891754
0.97737, 3.61636, 0.18324, 0.4, -0.001153, 0.920932, 0.882126, 0.906976, 0.891752
0.97742, 3.61532, 0.183237, 0.4, -0.00115173, 0.92093, 0.882124, 0.906975, 0.891751
0.97747, 3.61429, 0.183235, 0.4, -0.00115046, 0.920928, 0.882122, 0.906974, 0.891749
0.97752, 3.61325, 0.183233, 0.4, -0.00114919, 0.920925, 0.882121, 0.906973, 0.891748
0.97757, 3.61222, 0.18323, 0.4, -0.00114792, 0.920923, 0.882119, 0.906971, 0.891747
0.97762, 3.61119, 0.183228, 0.4, -0.00114665, 0.920921, 0.882117, 0.90697, 0.891745
0.97767, 3.61015, 0.183226, 0.4, -0.00114538, 0.920918, 0.882116, 0.906969, 0.891744
0.97772, 3.60912, 0.183224, 0.4, -0.00114412, 0.920916, 0.882114, 0.906968, 0.891742
0.97777, 3.6081, 0.183222, 0.4, -0.00114285, 0.920914, 0.882113, 0.906967, 0.891741
0.97782, 3.60707, 0.183219, 0.4, -0.00114158, 0.920912, 0.882111, 0.906965, 0.891739
0.97787, 3.60604, 0.183217, 0.4, -0.00114031, 0.920909, 0.882109, 0.906964, 0.891738
0.97792, 3.60502, 0.183215, 0.4, -0.00113904, 0.920907, 0.882108, 0.906963, 0.891737
0.97797, 3.60399, 0.183213, 0.4, -0.00113777, 0.920905, 0.882106, 0.906962, 0.891735
0.97802, 3.60297, 0.183211, 0.4, -0.0011365, 0.920902, 0.882104, 0.906961, 0.891734
0.97807, 3.60194, 0.183209, 0.4, -0.00113523, 0.9209, 0.882103, 0.906959, 0.891732
0.97812, 3.60092, 0.183207, 0.4, -0.00113396, 0.920898, 0.882101, 0.906958, 0.891731
0.97817, 3.5999, 0.183205, 0.4, -0.0011327, 0.920896, 0.8821, 0.906957, 0.891729
0.97822, 3.59889, 0.183203, 0.4, -0.00113143, 0.920893, 0.882098, 0.906956, 0.891728
0.97827, 3.59787, 0.183201, 0.4, -0.00113016, 0.920891, 0.882096, 0.906955, 0.891727
0.97832, 3.59685, 0.183199, 0.4, -0.00112889, 0.920889, 0.882095, 0.906954, 0.891725
0.97837, 3.59584, 0.183197, 0.4, -0.00112762, 0.920887, 0.882093, 0.906952, 0.891724
0.97842, 3.59482, 0.183195, 0.4, -0.00112635, 0.920884, 0.882092, 0.906951, 0.891722
0.97847, 3.59381, 0.183193, 0.4, -0.00112508, 0.920882, 0.88209, 0.90695, 0.891721
0.97852, 3.5928, 0.183191, 0.4, -0.00112381, 0.92088, 0.882088, 0.906949, 0.89172
0.97857, 3.59179, 0.183189, 0.4, -0.00112254, 0.920878, 0.882087, 0.906948, 0.891718
0.97862, 3.59078, 0.183187, 0.4, -0.00112127, 0.920875, 0.882085, 0.906947, 0.891717
0.97867, 3.58977, 0.183185, 0.4, -0.00112, 0.920873, 0.882084, 0.906945, 0.891715
0.97872, 3.58876, 0.183183, 0.4, -0.00111874, 0.920871, 0.882082, 0.906944, 0.891714
0.97877, 3.58775, 0.183182, 0.4, -0.00111747, 0.920869, 0.88208, 0.906943, 0.891713
0.97882, 3.58675, 0.18318, 0.4, -0.0011162, 0.920866, 0.882079, 0.906942, 0.891711
0.97887, 3.58574, 0.183178, 0.4, -0.00111493, 0.920864, 0.882077, 0.906941, 0.89171
0.97892, 3.58474, 0.183176, 0.4, -0.00111366, 0.920862, 0.882076, 0.90694, 0.891708
0.97897, 3.58374, 0.183174, 0.4, -0.00111239, 0.92086, 0.882074, 0.906938, 0.891707
0.97902, 3.58274, 0.183173, 0.4, -0.00111112, 0.920857, 0.882073, 0.906937, 0.891706
0.97907, 3.58174, 0.183171, 0.4, -0.00110985, 0.920855, 0.882071, 0.906936, 0.891704
0.97912, 3.58074, 0.183169, 0.4, -0.00110858, 0.920853, 0.882069, 0.906935, 0.891703
0.97917, 3.57974, 0.183167, 0.4, -0.00110731, 0.92085, 0.882068, 0.906934, 0.891702
0.97922, 3.57875, 0.183166, 0.4, -0.00110604, 0.920848, 0.882066, 0.906933, 0.8917
0.97927, 3.57775, 0.183164, 0.4, -0.00110478, 0.920846, 0.882065, 0.906932, 0.891699
0.97932, 3.57676, 0.183163, 0.4, -0.00110351, 0.920844, 0.882063, 0.906931, 0.891698
0.97937, 3.57577, 0.183161, 0.4, -0.00110224, 0.920841, 0.882062, 0.906929, 0.891696
0.97942, 3.57477, 0.183159, 0.4, -0.00110097, 0.920839, 0.88206, 0.906928, 0.891695
0.97947, 3.57378, 0.183158, 0.4, -0.0010997, 0.920837, 0.882058, 0.906927, 0.891693
0.97952, 3.5728, 0.183156, 0.4, -0.00109843, 0.920835, 0.882057, 0.906926, 0.891692
0.97957, 3.57181, 0.183155, 0.4, -0.00109716, 0.920832, 0.882055, 0.906925, 0.891691
0.97962, 3.57082, 0.183153, 0.4, -0.00109589, 0.92083, 0.882054, 0.906924, 0.891689
0.97967, 3.56983, 0.183151, 0.4, -0.00109462, 0.920828, 0.882052, 0.906923, 0.891688
0.97972, 3.56885, 0.18315, 0.4, -0.00109335, 0.920826, 0.882051, 0.906921, 0.891687
0.97977, 3.56787, 0.183148, 0.4, -0.00109208, 0.920824, 0.882049, 0.90692, 0.891685
0.97982, 3.56688, 0.183147, 0.4, -0.00109081, 0.920821, 0.882048, 0.906919, 0.891684
0.97987, 3.5659, 0.183146, 0.4, -0.00108955, 0.920819, 0.882046, 0.906918, 0.891683
0.97992, 3.56492, 0.183144, 0.4, -0.00108828, 0.920817, 0.882044, 0.906917, 0.891681
0.97997, 3.56394, 0.183143, 0.4, -0.00108701, 0.920815, 0.882043, 0.906916, 0.89168
0.98002, 3.56297, 0.183141, 0.4, -0.00108574, 0.920812, 0.882041, 0.906915, 0.891679
0.98007, 3.56199, 0.18314, 0.4, -0.00108447, 0.92081, 0.88204, 0.906914, 0.891677
0.98012, 3.56101, 0.183139, 0.4, -0.0010832, 0.920808, 0.882038, 0.906913, 0.891676
0.98017, 3.56004, 0.183137, 0.4, -0.00108193, 0.920806, 0.882037, 0.906911, 0.891675
0.98022, 3.55907, 0.183136, 0.4, -0.00108066, 0.920804, 0.882035, 0.90691, 0.891673
0.98027, 3.5581, 0.183135, 0.4, -0.00107939, 0.920801, 0.882034, 0.906909, 0.891672
0.98032, 3.55712, 0.183133, 0.4, -0.00107812, 0.920799, 0.882032, 0.906908, 0.891671
0.98037, 3.55615, 0.183132, 0.4, -0.00107685, 0.920797, 0.882031, 0.906907, 0.891669
0.98042, 3.55519, 0.183131, 0.4, -0.00107558, 0.920795, 0.882029, 0.906906, 0.891668
0.98047, 3.55422, 0.18313, 0.4, -0.00107431, 0.920792, 0.882028, 0.906905, 0.891667
0.98052, 3.55325, 0.183128, 0.4, -0.00107304, 0.92079, 0.882026, 0.906904, 0.891665
0.98057, 3.55229, 0.183127, 0.4, -0.00107178, 0.920788, 0.882025, 0.906903, 0.891664
0.980621, 3.55132, 0.183126, 0.4, -0.00107051, 0.920786, 0.882023, 0.906902, 0.891663
0.980671, 3.55036, 0.183125, 0.4, -0.00106924, 0.920783, 0.882022, 0.906901, 0.891661
0.980721, 3.5494, 0.183124, 0.4, -0.00106797, 0.920781, 0.88202, 0.906899, 0.89166
0.980771, 3.54844, 0.183123, 0.4, -0.0010667, 0.920779, 0.882018, 0.906898, 0.891659
0.980821, 3.54748, 0.183121, 0.4, -0.00106543, 0.920777, 0.882017, 0.906897, 0.891657
0.980871, 3.54652, 0.18312, 0.4, -0.00106416, 0.920775, 0.882015, 0.906896, 0.891656
0.980921, 3.54556, 0.183119, 0.4, -0.00106289, 0.920772, 0.882014, 0.906895, 0.891655
0.980971, 3.54461, 0.183118, 0.4, -0.00106162, 0.92077, 0.882012, 0.906894, 0.891653
0.981021, 3.54365, 0.183117, 0.4, -0.00106035, 0.920768, 0.882011, 0.906893, 0.891652
0.981071, 3.5427, 0.183116, 0.4, -0.00105908, 0.920766, 0.882009, 0.906892, 0.891651
0.981121, 3.54175, 0.183115, 0.4, -0.00105781, 0.920763, 0.882008, 0.906891, 0.891649
0.981171, 3.54079, 0.183114, 0.4, -0.00105654, 0.920761, 0.882006, 0.90689, 0.891648
0.981221, 3.53984, 0.183113, 0.4, -0.00105527, 0.920759, 0.882005, 0.906889, 0.891647
0.981271, 3.53889, 0.183112, 0.4, -0.00105401, 0.920757, 0.882003, 0.906888, 0.891646
0.981321, 3.53795, 0.183111, 0.4, -0.00105274, 0.920755, 0.882002, 0.906887, 0.891644
0.981371, 3.537, 0.18311, 0.4, -0.00105147, 0.920752, 0.882, 0.906885, 0.891643
0.981421, 3.53605, 0.183109, 0.4, -0.0010502, 0.92075, 0.881999, 0.906884, 0.891642
0.981471, 3.53511, 0.183109, 0.4, -0.00104893, 0.920748, 0.881997, 0.906883, 0.891641
0.981521, 3.53417, 0.183107, 0.4, -0.00104766, 0.920746, 0.881996, 0.906882, 0.891639
0.981571, 3.53322, 0.183107, 0.4, -0.00104639, 0.920744, 0.881995, 0.906881, 0.891638
0.981621, 3.53228, 0.183106, 0.4, -0.00104512, 0.920742, 0.881993, 0.90688, 0.891637
0.981671, 3.53134, 0.183105, 0.4, -0.00104385, 0.920739, 0.881992, 0.906879, 0.891635
0.981721, 3.5304, 0.183104, 0.4, -0.00104258, 0.920737, 0.88199, 0.906878, 0.891634
0.981771, 3.52947, 0.183103, 0.4, -0.00104131, 0.920735, 0.881989, 0.906877, 0.891633
0.981821, 3.52853, 0.183103, 0.4, -0.00104004, 0.920733, 0.881987, 0.906876, 0.891632
0.981871, 3.52759, 0.183102, 0.4, -0.00103877, 0.920731, 0.881986, 0.906875, 0.89163
0.981921, 3.52666, 0.183101, 0.4, -0.0010375, 0.920729, 0.881984, 0.906874, 0.891629
0.981971, 3.52573, 0.183101, 0.4, -0.00103623, 0.920726, 0.881983, 0.906873, 0.891628
0.982021, 3.52479, 0.1831, 0.4, -0.00103496, 0.920724, 0.881981, 0.906872, 0.891626
0.982071, 3.52386, 0.183099, 0.4, -0.0010337, 0.920722, 0.88198, 0.906871, 0.891625
0.982121, 3.52293, 0.183098, 0.4, -0.00103243, 0.92072, 0.881978, 0.90687, 0.891624
0.982171, 3.522, 0.183098, 0.4, -0.00103116, 0.920717, 0.881977, 0.906869, 0.891623
0.982221, 3.52108, 0.183097, 0.4, -0.00102989, 0.920715, 0.881975, 0.906868, 0.891621
0.982271, 3.52015, 0.183097, 0.4, -0.00102862, 0.920713, 0.881974, 0.906867, 0.89162
0.982321, 3.51923, 0.183096, 0.4, -0.00102735, 0.920711, 0.881972, 0.906866, 0.891619
0.982371, 3.5183, 0.183095, 0.4, -0.00102608, 0.920709, 0.881971, 0.906865, 0.891618
0.982421, 3.51738, 0.183095, 0.4, -0.00102481, 0.920707, 0.88197, 0.906864, 0.891616
0.982471, 3.51646, 0.183094, 0.4, -0.00102354, 0.920704, 0.881968, 0.906863, 0.891615
0.982521, 3.51554, 0.183094, 0.4, -0.00102227, 0.920702, 0.881967, 0.906862, 0.891614
0.982571, 3.51462, 0.183093, 0.4, -0.001021, 0.9207, 0.881965, 0.906861, 0.891613
0.982621, 3.5137, 0.183093, 0.4, -0.00101973, 0.920698, 0.881964, 0.90686, 0.891611
0.982671, 3.51278, 0.183092, 0.4, -0.00101846, 0.920696, 0.881962, 0.906859, 0.89161
0.982721, 3.51187, 0.183092, 0.4, -0.00101719, 0.920693, 0.881961, 0.906858, 0.891609
0.982771, 3.51095, 0.183091, 0.4, -0.00101592, 0.920691, 0.881959, 0.906857, 0.891608
0.982821, 3.51004, 0.183091, 0.4, -0.00101465, 0.920689, 0.881958, 0.906855, 0.891606
0.982871, 3.50912, 0.183091, 0.4, -0.00101339, 0.920687, 0.881957, 0.906855, 0.891605
0.982921, 3.50821, 0.18309, 0.4, -0.00101212, 0.920685, 0.881955, 0.906853, 0.891604
0.982971, 3.5073, 0.18309, 0.4, -0.00101085, 0.920683, 0.881954, 0.906853, 0.891603
0.983021, 3.50639, 0.18309, 0.4, -0.00100958, 0.92068, 0.881952, 0.906852, 0.891602
0.983071, 3.50549, 0.183089, 0.4, -0.00100831, 0.920678, 0.881951, 0.906851, 0.8916
0.983121, 3.50458, 0.183089, 0.4, -0.00100704, 0.920676, 0.881949, 0.90685, 0.891599
0.983171, 3.50367, 0.183089, 0.4, -0.00100577, 0.920674, 0.881948, 0.906849, 0.891598
0.983221, 3.50277, 0.183088, 0.4, -0.0010045, 0.920672, 0.881947, 0.906848, 0.891597
0.983271, 3.50186, 0.183088, 0.4, -0.00100323, 0.92067, 0.881945, 0.906847, 0.891595
0.983321, 3.50096, 0.183088, 0.4, -0.00100196, 0.920668, 0.881944, 0.906846, 0.891594
0.983371, 3.50006, 0.183088, 0.4, -0.00100069, 0.920665, 0.881942, 0.906845, 0.891593
0.983421, 3.49916, 0.183088, 0.4, -0.000999422, 0.920663, 0.881941, 0.906844, 0.891592
0.983471, 3.49826, 0.183087, 0.4, -0.000998153, 0.920661, 0.881939, 0.906843, 0.891591
0.983521, 3.49736, 0.183087, 0.4, -0.000996883, 0.920659, 0.881938, 0.906842, 0.891589
0.983571, 3.49647, 0.183087, 0.4, -0.000995614, 0.920657, 0.881937, 0.906841, 0.891588
0.983621, 3.49557, 0.183087, 0.4, -0.000994344, 0.920655, 0.881935, 0.90684, 0.891587
0.983671, 3.49468, 0.183087, 0.4, -0.000993075, 0.920652, 0.881934, 0.906839, 0.891586
0.983721, 3.49378, 0.183087, 0.4, -0.000991806, 0.92065, 0.881932, 0.906838, 0.891585
0.983771, 3.49289, 0.183087, 0.4, -0.000990536, 0.920648, 0.881931, 0.906837, 0.891583
0.983821, 3.492, 0.183087, 0.4, -0.000989267, 0.920646, 0.88193, 0.906836, 0.891582
0.983871, 3.49111, 0.183086, 0.4, -0.000987998, 0.920644, 0.881928, 0.906835, 0.891581
0.983921, 3.49022, 0.183086, 0.4, -0.000986728, 0.920642, 0.881927, 0.906834, 0.89158
0.983971, 3.48934, 0.183086, 0.4, -0.000985459, 0.920639, 0.881925, 0.906833, 0.891579
0.984021, 3.48845, 0.183086, 0.4, -0.00098419, 0.920637, 0.881924, 0.906832, 0.891577
0.984071, 3.48756, 0.183086, 0.4, -0.000982921, 0.920635, 0.881922, 0.906831, 0.891576
0.984121, 3.48668, 0.183086, 0.4, -0.000981651, 0.920633, 0.881921, 0.90683, 0.891575
0.984171, 3.4858, 0.183086, 0.4, -0.000980382, 0.920631, 0.88192, 0.906829, 0.891574
0.984221, 3.48492, 0.183087, 0.4, -0.000979113, 0.920629, 0.881918, 0.906828, 0.891573
0.984271, 3.48403, 0.183087, 0.4, -0.000977843, 0.920627, 0.881917, 0.906827, 0.891572
0.984321, 3.48316, 0.183087, 0.4, -0.000976574, 0.920625, 0.881916, 0.906826, 0.89157
0.984371, 3.48228, 0.183087, 0.4, -0.000975305, 0.920622, 0.881914, 0.906825, 0.891569
0.984421, 3.4814, 0.183087, 0.4, -0.000974036, 0.92062, 0.881913, 0.906824, 0.891568
0.984471, 3.48052, 0.183087, 0.4, -0.000972766, 0.920618, 0.881911, 0.906823, 0.891567
0.984521, 3.47965, 0.183088, 0.4, -0.000971497, 0.920616, 0.88191, 0.906822, 0.891566
0.984571, 3.47878, 0.183088, 0.4, -0.000970228, 0.920614, 0.881909, 0.906821, 0.891564
0.984621, 3.4779, 0.183088, 0.4, -0.000968959, 0.920612, 0.881907, 0.90682, 0.891563
0.984671, 3.47703, 0.183088, 0.4, -0.000967689, 0.92061, 0.881906, 0.90682, 0.891562
0.984721, 3.47616, 0.183089, 0.4, -0.00096642, 0.920608, 0.881905, 0.906819, 0.891561
0.984771, 3.47529, 0.183089, 0.4, -0.000965151, 0.920605, 0.881903, 0.906818, 0.89156
0.984821, 3.47442, 0.183089, 0.4, -0.000963881, 0.920603, 0.881902, 0.906817, 0.891559
0.984871, 3.47356, 0.183089, 0.4, -0.000962612, 0.920601, 0.8819, 0.906816, 0.891558
0.984921, 3.47269, 0.183089, 0.4, -0.000961343, 0.920599, 0.881899, 0.906815, 0.891556
0.984971, 3.47183, 0.18309, 0.4, -0.000960074, 0.920597, 0.881898, 0.906814, 0.891555
0.985021, 3.47096, 0.18309, 0.4, -0.000958804, 0.920595, 0.881896, 0.906813, 0.891554
0.985071, 3.4701, 0.183091, 0.4, -0.000957535, 0.920593, 0.881895, 0.906812, 0.891553
0.985121, 3.46924, 0.183091, 0.4, -0.000956266, 0.920591, 0.881894, 0.906811, 0.891552
0.985171, 3.46838, 0.183091, 0.4, -0.000954997, 0.920588, 0.881892, 0.90681, 0.891551
0.985221, 3.46752, 0.183092, 0.4, -0.000953728, 0.920586, 0.881891, 0.906809, 0.89155
0.985271, 3.46666, 0.183092, 0.4, -0.000952458, 0.920584, 0.88189, 0.906808, 0.891548
0.985321, 3.46581, 0.183093, 0.4, -0.000951189, 0.920582, 0.881888, 0.906807, 0.891547
0.985371, 3.46495, 0.183093, 0.4, -0.00094992, 0.92058, 0.881887, 0.906807, 0.891546
0.985421, 3.4641, 0.183094, 0.4, -0.000948651, 0.920578, 0.881886, 0.906806, 0.891545
0.985471, 3.46324, 0.183094, 0.4, -0.000947381, 0.920576, 0.881884, 0.906805, 0.891544
0.985521, 3.46239, 0.183095, 0.4, -0.000946112, 0.920574, 0.881883, 0.906804, 0.891543
0.985571, 3.46154, 0.183095, 0.4, -0.000944843, 0.920571, 0.881881, 0.906803, 0.891542
0.985621, 3.46069, 0.183096, 0.4, -0.000943574, 0.920569, 0.88188, 0.906802, 0.89154
0.985671, 3.45984, 0.183097, 0.4, -0.000942305, 0.920567, 0.881879, 0.906801, 0.891539
0.985721, 3.45899, 0.183097, 0.4, -0.000941036, 0.920565, 0.881878, 0.9068, 0.891538
0.985771, 3.45815, 0.183098, 0.4, -0.000939767, 0.920563, 0.881876, 0.906799, 0.891537
0.985821, 3.4573, 0.183098, 0.4, -0.000938497, 0.920561, 0.881875, 0.906798, 0.891536
0.985871, 3.45646, 0.183099, 0.4, -0.000937228, 0.920559, 0.881874, 0.906798, 0.891535
0.985921, 3.45561, 0.1831, 0.4, -0.000935959, 0.920557, 0.881872, 0.906797, 0.891534
0.985971, 3.45477, 0.183101, 0.4, -0.00093469, 0.920555, 0.881871, 0.906796, 0.891533
0.986021, 3.45393, 0.183101, 0.4, -0.000933421, 0.920553, 0.881869, 0.906795, 0.891532
0.986071, 3.45309, 0.183102, 0.4, -0.000932152, 0.920551, 0.881868, 0.906794, 0.89153
0.986121, 3.45225, 0.183103, 0.4, -0.000930883, 0.920549, 0.881867, 0.906793, 0.891529
0.986171, 3.45142, 0.183103, 0.4, -0.000929614, 0.920546, 0.881866, 0.906792, 0.891528
0.986221, 3.45058, 0.183104, 0.4, -0.000928344, 0.920544, 0.881864, 0.906791, 0.891527
0.986271, 3.44975, 0.183105, 0.4, -0.000927075, 0.920542, 0.881863, 0.906791, 0.891526
0.986321, 3.44891, 0.183106, 0.4, -0.000925806, 0.92054, 0.881862, 0.90679, 0.891525
0.986371, 3.44808, 0.183107, 0.4, -0.000924537, 0.920538, 0.88186, 0.906789, 0.891524
0.986421, 3.44725, 0.183108, 0.4, -0.000923268, 0.920536, 0.881859, 0.906788, 0.891523
0.986471, 3.44642, 0.183108, 0.4, -0.000921999, 0.920534, 0.881858, 0.906787, 0.891522
0.986521, 3.44559, 0.183109, 0.4, -0.00092073, 0.920532, 0.881857, 0.906786, 0.891521
0.986571, 3.44476, 0.18311, 0.4, -0.000919461, 0.92053, 0.881855, 0.906785, 0.89152
0.986621, 3.44393, 0.183111, 0.4, -0.000918192, 0.920528, 0.881854, 0.906784, 0.891518
0.986672, 3.44311, 0.183112, 0.4, -0.000916923, 0.920526, 0.881853, 0.906784, 0.891517
0.986722, 3.44228, 0.183113, 0.4, -0.000915654, 0.920524, 0.881851, 0.906783, 0.891516
0.986772, 3.44146, 0.183114, 0.4, -0.000914385, 0.920522, 0.88185, 0.906782, 0.891515
0.986822, 3.44064, 0.183115, 0.4, -0.000913116, 0.92052, 0.881849, 0.906781, 0.891514
0.986872, 3.43982, 0.183116, 0.4, -0.000911847, 0.920517, 0.881848, 0.90678, 0.891513
0.986922, 3.439, 0.183117, 0.4, -0.000910578, 0.920515, 0.881846, 0.906779, 0.891512
0.986972, 3.43818, 0.183118, 0.4, -0.000909309, 0.920513, 0.881845, 0.906778, 0.891511
0.987022, 3.43736, 0.183119, 0.4, -0.00090804, 0.920511, 0.881844, 0.906778, 0.89151
0.987072, 3.43654, 0.183121, 0.4, -0.000906771, 0.920509, 0.881842, 0.906777, 0.891509
0.987122, 3.43573, 0.183121, 0.4, -0.000905502, 0.920507, 0.881841, 0.906776, 0.891508
0.987172, 3.43491, 0.183123, 0.4, -0.000904233, 0.920505, 0.88184, 0.906775, 0.891507
0.987222, 3.4341, 0.183124, 0.4, -0.000902964, 0.920503, 0.881839, 0.906774, 0.891506
0.987272, 3.43329, 0.183125, 0.4, -0.000901696, 0.920501, 0.881837, 0.906773, 0.891505
0.987322, 3.43248, 0.183126, 0.4, -0.000900427, 0.920499, 0.881836, 0.906773, 0.891503
0.987372, 3.43167, 0.183127, 0.4, -0.000899158, 0.920497, 0.881835, 0.906772, 0.891502
0.987422, 3.43086, 0.183128, 0.4, -0.000897889, 0.920495, 0.881833, 0.906771, 0.891501
0.987472, 3.43005, 0.18313, 0.4, -0.00089662, 0.920493, 0.881832, 0.90677, 0.8915
0.987522, 3.42924, 0.183131, 0.4, -0.000895351, 0.92049, 0.881831, 0.906769, 0.891499
0.987572, 3.42844, 0.183132, 0.4, -0.000894082, 0.920489, 0.88183, 0.906768, 0.891498
0.987622, 3.42763, 0.183133, 0.4, -0.000892813, 0.920486, 0.881828, 0.906768, 0.891497
0.987672, 3.42683, 0.183135, 0.4, -0.000891545, 0.920484, 0.881827, 0.906767, 0.891496
0.987722, 3.42603, 0.183136, 0.4, -0.000890276, 0.920482, 0.881826, 0.906766, 0.891495
0.987772, 3.42523, 0.183137, 0.4, -0.000889007, 0.92048, 0.881825, 0.906765, 0.891494
0.987822, 3.42443, 0.183139, 0.4, -0.000887738, 0.920478, 0.881823, 0.906764, 0.891493
0.987872, 3.42363, 0.18314, 0.4, -0.000886469, 0.920476, 0.881822, 0.906763, 0.891492
0.987922, 3.42283, 0.183142, 0.4, -0.000885201, 0.920474, 0.881821, 0.906763, 0.891491
0.987972, 3.42204, 0.183143, 0.4, -0.000883932, 0.920472, 0.88182, 0.906762, 0.89149
0.988022, 3.42124, 0.183144, 0.4, -0.000882663, 0.92047, 0.881818, 0.906761, 0.891489
0.988072, 3.42045, 0.183146, 0.4, -0.000881394, 0.920468, 0.881817, 0.90676, 0.891488
0.988122, 3.41966, 0.183147, 0.4, -0.000880126, 0.920466, 0.881816, 0.90676, 0.891487
0.988172, 3.41886, 0.183149, 0.4, -0.000878857, 0.920464, 0.881815, 0.906759, 0.891486
0.988222, 3.41807, 0.18315, 0.4, -0.000877588, 0.920462, 0.881813, 0.906758, 0.891485
0.988272, 3.41728, 0.183152, 0.4, -0.00087632, 0.92046, 0.881812, 0.906757, 0.891484
0.988322, 3.4165, 0.183153, 0.4, -0.000875051, 0.920458, 0.881811, 0.906756, 0.891483
0.988372, 3.41571, 0.183155, 0.4, -0.000873782, 0.920456, 0.88181, 0.906756, 0.891482
0.988422, 3.41492, 0.183156, 0.4, -0.000872514, 0.920454, 0.881809, 0.906755, 0.891481
0.988472, 3.41414, 0.183158, 0.4, -0.000871245, 0.920452, 0.881807, 0.906754, 0.89148
0.988522, 3.41336, 0.183159, 0.4, -0.000869976, 0.92045, 0.881806, 0.906753, 0.891479
0.988572, 3.41257, 0.183161, 0.4, -0.000868708, 0.920448, 0.881805, 0.906752, 0.891478
0.988622, 3.41179, 0.183163, 0.4, -0.000867439, 0.920446, 0.881804, 0.906752, 0.891477
0.988672, 3.41101, 0.183164, 0.4, -0.000866171, 0.920444, 0.881802, 0.906751, 0.891476
0.988722, 3.41023, 0.183166, 0.4, -0.000864902, 0.920442, 0.881801, 0.90675, 0.891475
0.988772, 3.40946, 0.183168, 0.4, -0.000863633, 0.92044, 0.8818, 0.906749, 0.891474
0.988822, 3.40868, 0.183169, 0.4, -0.000862365, 0.920438, 0.881799, 0.906748, 0.891473
0.988872, 3.4079, 0.183171, 0.4, -0.000861096, 0.920436, 0.881797, 0.906748, 0.891472
0.988922, 3.40713, 0.183173, 0.4, -0.000859828, 0.920433, 0.881796, 0.906747, 0.891471
0.988972, 3.40636, 0.183174, 0.4, -0.000858559, 0.920431, 0.881795, 0.906746, 0.89147
0.989022, 3.40558, 0.183176, 0.4, -0.000857291, 0.920429, 0.881794, 0.906745, 0.891469
0.989072, 3.40481, 0.183178, 0.4, -0.000856022, 0.920427, 0.881793, 0.906744, 0.891468
0.989122, 3.40404, 0.18318, 0.4, -0.000854754, 0.920425, 0.881791, 0.906744, 0.891467
0.989172, 3.40327, 0.183181, 0.4, -0.000853485, 0.920423, 0.88179, 0.906743, 0.891466
0.989222, 3.40251, 0.183184, 0.4, -0.000852217, 0.920421, 0.881789, 0.906742, 0.891465
0.989272, 3.40174, 0.183185, 0.4, -0.000850948, 0.920419, 0.881788, 0.906741, 0.891464
0.989322, 3.40097, 0.183187, 0.4, -0.00084968, 0.920417, 0.881787, 0.906741, 0.891463
0.989372, 3.40021, 0.183189, 0.4, -0.000848412, 0.920415, 0.881785, 0.90674, 0.891462
0.989422, 3.39945, 0.183191, 0.4, -0.000847143, 0.920413, 0.881784, 0.906739, 0.891461
0.989472, 3.39869, 0.183193, 0.4, -0.000845875, 0.920411, 0.881783, 0.906738, 0.89146
0.989522, 3.39792, 0.183195, 0.4, -0.000844606, 0.920409, 0.881782, 0.906738, 0.891459
0.989572, 3.39717, 0.183197, 0.4, -0.000843338, 0.920407, 0.881781, 0.906737, 0.891458
0.989622, 3.39641, 0.183199, 0.4, -0.00084207, 0.920405, 0.881779, 0.906736, 0.891457
0.989672, 3.39565, 0.183201, 0.4, -0.000840801, 0.920403, 0.881778, 0.906735, 0.891456
0.989722, 3.39489, 0.183203, 0.4, -0.000839533, 0.920401, 0.881777, 0.906735, 0.891455
0.989772, 3.39414, 0.183205, 0.4, -0.000838265, 0.920399, 0.881776, 0.906734, 0.891454
0.989822, 3.39338, 0.183207, 0.4, -0.000836996, 0.920397, 0.881775, 0.906733, 0.891453
0.989872, 3.39263, 0.183209, 0.4, -0.000835728, 0.920395, 0.881774, 0.906732, 0.891452
0.989922, 3.39188, 0.183211, 0.4, -0.00083446, 0.920393, 0.881772, 0.906732, 0.891451
0.989972, 3.39113, 0.183213, 0.4, -0.000833192, 0.920391, 0.881771, 0.906731, 0.89145
0.990022, 3.39038, 0.183215, 0.4, -0.000831924, 0.920389, 0.88177, 0.90673, 0.891449
0.990072, 3.38963, 0.183217, 0.4, -0.000830655, 0.920387, 0.881769, 0.90673, 0.891448
0.990122, 3.38888, 0.183219, 0.4, -0.000829387, 0.920385, 0.881768, 0.906729, 0.891447
0.990172, 3.38814, 0.183221, 0.4, -0.000828119, 0.920383, 0.881767, 0.906728, 0.891447
0.990222, 3.38739, 0.183224, 0.4, -0.000826851, 0.920381, 0.881765, 0.906727, 0.891446
0.990272, 3.38665, 0.183226, 0.4, -0.000825583, 0.920379, 0.881764, 0.906727, 0.891445
0.990322, 3.38591, 0.183228, 0.4, -0.000824315, 0.920377, 0.881763, 0.906726, 0.891444
0.990372, 3.38517, 0.18323, 0.4, -0.000823046, 0.920375, 0.881762, 0.906725, 0.891443
0.990422, 3.38443, 0.183233, 0.4, -0.000821778, 0.920373, 0.881761, 0.906724, 0.891442
0.990472, 3.38369, 0.183235, 0.4, -0.00082051, 0.920371, 0.88176, 0.906724, 0.891441
0.990522, 3.38295, 0.183237, 0.4, -0.000819242, 0.920369, 0.881759, 0.906723, 0.89144
0.990572, 3.38221, 0.183239, 0.4, -0.000817974, 0.920367, 0.881757, 0.906722, 0.891439
0.990622, 3.38148, 0.183242, 0.4, -0.000816706, 0.920365, 0.881756, 0.906721, 0.891438
0.990672, 3.38074, 0.183244, 0.4, -0.000815438, 0.920363, 0.881755, 0.906721, 0.891437
0.990722, 3.38001, 0.183246, 0.4, -0.00081417, 0.920361, 0.881754, 0.90672, 0.891436
0.990772, 3.37928, 0.183249, 0.4, -0.000812902, 0.920359, 0.881753, 0.906719, 0.891435
0.990822, 3.37855, 0.183251, 0.4, -0.000811634, 0.920357, 0.881751, 0.906719, 0.891434
0.990872, 3.37782, 0.183254, 0.4, -0.000810366, 0.920355, 0.88175, 0.906718, 0.891433
0.990922, 3.37709, 0.183256, 0.4, -0.000809098, 0.920353, 0.881749, 0.906717, 0.891433
0.990972, 3.37636, 0.183258, 0.4, -0.00080783, 0.920351, 0.881748, 0.906716, 0.891432
0.991022, 3.37563, 0.183261, 0.4, -0.000806562, 0.92035, 0.881747, 0.906716, 0.891431
0.991072, 3.37491, 0.183263, 0.4, -0.000805295, 0.920348, 0.881746, 0.906715, 0.89143
0.991122, 3.37418, 0.183266, 0.4, -0.000804027, 0.920346, 0.881745, 0.906714, 0.891429
0.991172, 3.37346, 0.183268, 0.4, -0.000802759, 0.920344, 0.881744, 0.906714, 0.891428
0.991222, 3.37274, 0.183271, 0.4, -0.000801491, 0.920342, 0.881742, 0.906713, 0.891427
0.991272, 3.37202, 0.183273, 0.4, -0.000800223, 0.92034, 0.881741, 0.906712, 0.891426
0.991322, 3.3713, 0.183276, 0.4, -0.000798955, 0.920338, 0.88174, 0.906712, 0.891425
0.991372, 3.37058, 0.183279, 0.4, -0.000797688, 0.920336, 0.881739, 0.906711, 0.891424
0.991422, 3.36986, 0.183281, 0.4, -0.00079642, 0.920334, 0.881738, 0.90671, 0.891423
0.991472, 3.36915, 0.183284, 0.4, -0.000795152, 0.920332, 0.881737, 0.90671, 0.891423
0.991522, 3.36843, 0.183287, 0.4, -0.000793884, 0.92033, 0.881736, 0.906709, 0.891422
0.991572, 3.36772, 0.183289, 0.4, -0.000792617, 0.920328, 0.881735, 0.906708, 0.891421
0.991622, 3.36701, 0.183292, 0.4, -0.000791349, 0.920326, 0.881734, 0.906708, 0.89142
0.991672, 3.36629, 0.183294, 0.4, -0.000790081, 0.920324, 0.881732, 0.906707, 0.891419
0.991722, 3.36558, 0.183297, 0.4, -0.000788814, 0.920322, 0.881731, 0.906706, 0.891418
0.991772, 3.36487, 0.1833, 0.4, -0.000787546, 0.92032, 0.88173, 0.906706, 0.891417
0.991822, 3.36417, 0.183303, 0.4, -0.000786279, 0.920318, 0.881729, 0.906705, 0.891416
0.991872, 3.36346, 0.183305, 0.4, -0.000785011, 0.920316, 0.881728, 0.906704, 0.891416
0.991922, 3.36275, 0.183308, 0.4, -0.000783743, 0.920314, 0.881727, 0.906704, 0.891415
0.991972, 3.36205, 0.183311, 0.4, -0.000782476, 0.920312, 0.881726, 0.906703, 0.891414
0.992022, 3.36134, 0.183314, 0.4, -0.000781208, 0.92031, 0.881725, 0.906702, 0.891413
0.992072, 3.36064, 0.183317, 0.4, -0.000779941, 0.920308, 0.881724, 0.906702, 0.891412
0.992122, 3.35994, 0.18332, 0.4, -0.000778673, 0.920306, 0.881722, 0.906701, 0.891411
0.992172, 3.35924, 0.183322, 0.4, -0.000777406, 0.920304, 0.881721, 0.9067, 0.89141
0.992222, 3.35854, 0.183325, 0.4, -0.000776139, 0.920303, 0.88172, 0.9067, 0.891409
0.992272, 3.35784, 0.183328, 0.4, -0.000774871, 0.920301, 0.881719, 0.906699, 0.891409
0.992322, 3.35715, 0.183331, 0.4, -0.000773604, 0.920299, 0.881718, 0.906698, 0.891408
0.992372, 3.35645, 0.183334, 0.4, -0.000772336, 0.920297, 0.881717, 0.906698, 0.891407
0.992422, 3.35576, 0.183337, 0.4, -0.000771069, 0.920295, 0.881716, 0.906697, 0.891406
0.992472, 3.35506, 0.18334, 0.4, -0.000769802, 0.920293, 0.881715, 0.906696, 0.891405
0.992522, 3.35437, 0.183343, 0.4, -0.000768534, 0.920291, 0.881714, 0.906696, 0.891404
0.992572, 3.35368, 0.183346, 0.4, -0.000767267, 0.920289, 0.881713, 0.906695, 0.891403
0.992622, 3.35299, 0.183349, 0.4, -0.000766, 0.920287, 0.881712, 0.906694, 0.891403
0.992673, 3.3523, 0.183352, 0.4, -0.000764732, 0.920285, 0.88171, 0.906694, 0.891402
0.992723, 3.35161, 0.183355, 0.4, -0.000763465, 0.920283, 0.881709, 0.906693, 0.891401
0.992773, 3.35093, 0.183358, 0.4, -0.000762198, 0.920281, 0.881708, 0.906692, 0.8914
0.992823, 3.35024, 0.183361, 0.4, -0.000760931, 0.920279, 0.881707, 0.906692, 0.891399
0.992873, 3.34956, 0.183364, 0.4, -0.000759664, 0.920277, 0.881706, 0.906691, 0.891398
0.992923, 3.34887, 0.183367, 0.4, -0.000758396, 0.920275, 0.881705, 0.90669, 0.891397
0.992973, 3.34819, 0.18337, 0.4, -0.000757129, 0.920273, 0.881704, 0.90669, 0.891397
0.993023, 3.34751, 0.183373, 0.4, -0.000755862, 0.920272, 0.881703, 0.906689, 0.891396
0.993073, 3.34683, 0.183377, 0.4, -0.000754595, 0.92027, 0.881702, 0.906689, 0.891395
0.993123, 3.34615, 0.18338, 0.4, -0.000753328, 0.920268, 0.881701, 0.906688, 0.891394
0.993173, 3.34547, 0.183383, 0.4, -0.000752061, 0.920266, 0.8817, 0.906687, 0.891393
0.993223, 3.3448, 0.183386, 0.4, -0.000750794, 0.920264, 0.881699, 0.906687, 0.891392
0.993273, 3.34412, 0.183389, 0.4, -0.000749527, 0.920262, 0.881698, 0.906686, 0.891392
0.993323, 3.34345, 0.183393, 0.4, -0.00074826, 0.92026, 0.881697, 0.906686, 0.891391
0.993373, 3.34278, 0.183396, 0.4, -0.000746993, 0.920258, 0.881696, 0.906685, 0.89139
0.993423, 3.3421, 0.183399, 0.4, -0.000745726, 0.920256, 0.881695, 0.906684, 0.891389
0.993473, 3.34143, 0.183403, 0.4, -0.000744459, 0.920254, 0.881694, 0.906684, 0.891388
0.993523, 3.34076, 0.183406, 0.4, -0.000743192, 0.920252, 0.881692, 0.906683, 0.891387
0.993573, 3.3401, 0.183409, 0.4, -0.000741925, 0.92025, 0.881691, 0.906682, 0.891387
0.993623, 3.33943, 0.183413, 0.4, -0.000740658, 0.920248, 0.88169, 0.906682, 0.891386
0.993673, 3.33876, 0.183416, 0.4, -0.000739391, 0.920246, 0.881689, 0.906681, 0.891385
0.993723, 3.3381, 0.183419, 0.4, -0.000738125, 0.920245, 0.881688, 0.906681, 0.891384
0.993773, 3.33743, 0.183423, 0.4, -0.000736858, 0.920243, 0.881687, 0.90668, 0.891383
0.993823, 3.33677, 0.183426, 0.4, -0.000735591, 0.920241, 0.881686, 0.90668, 0.891383
0.993873, 3.33611, 0.183429, 0.4, -0.000734324, 0.920239, 0.881685, 0.906679, 0.891382
0.993923, 3.33545, 0.183433, 0.4, -0.000733058, 0.920237, 0.881684, 0.906678, 0.891381
0.993973, 3.33479, 0.183436, 0.4, -0.000731791, 0.920235, 0.881683, 0.906678, 0.89138
0.994023, 3.33413, 0.18344, 0.4, -0.000730524, 0.920233, 0.881682, 0.906677, 0.891379
0.994073, 3.33348, 0.183443, 0.4, -0.000729258, 0.920231, 0.881681, 0.906676, 0.891379
0.994123, 3.33282, 0.183447, 0.4, -0.000727991, 0.920229, 0.88168, 0.906676, 0.891378
0.994173, 3.33217, 0.18345, 0.4, -0.000726724, 0.920227, 0.881679, 0.906675, 0.891377
0.994223, 3.33151, 0.183454, 0.4, -0.000725458, 0.920226, 0.881678, 0.906675, 0.891376
0.994273, 3.33086, 0.183458, 0.4, -0.000724191, 0.920224, 0.881677, 0.906674, 0.891375
0.994323, 3.33021, 0.183461, 0.4, -0.000722925, 0.920222, 0.881676, 0.906674, 0.891375
0.994373, 3.32956, 0.183465, 0.4, -0.000721658, 0.92022, 0.881675, 0.906673, 0.891374
0.994423, 3.32891, 0.183468, 0.4, -0.000720392, 0.920218, 0.881674, 0.906672, 0.891373
0.994473, 3.32826, 0.183472, 0.4, -0.000719125, 0.920216, 0.881673, 0.906672, 0.891372
0.994523, 3.32762, 0.183476, 0.4, -0.000717859, 0.920214, 0.881672, 0.906671, 0.891371
0.994573, 3.32697, 0.18348, 0.4, -0.000716593, 0.920212, 0.881671, 0.906671, 0.891371
0.994623, 3.32632, 0.183483, 0.4, -0.000715326, 0.92021, 0.88167, 0.90667, 0.89137
0.994673, 3.32568, 0.183487, 0.4, -0.00071406, 0.920209, 0.881669, 0.90667, 0.891369
0.994723, 3.32504, 0.183491, 0.4, -0.000712793, 0.920207, 0.881668, 0.906669, 0.891368
0.994773, 3.3244, 0.183494, 0.4, -0.000711527, 0.920205, 0.881667, 0.906668, 0.891368
0.994823, 3.32376, 0.183498, 0.4, -0.000710261, 0.920203, 0.881666, 0.906668, 0.891367
0.994873, 3.32312, 0.183502, 0.4, -0.000708995, 0.920201, 0.881665, 0.906667, 0.891366
0.994923, 3.32248, 0.183506, 0.4, -0.000707728, 0.920199, 0.881664, 0.906667, 0.891365
0.994973, 3.32185, 0.18351, 0.4, -0.000706462, 0.920197, 0.881663, 0.906666, 0.891365
0.995023, 3.32121, 0.183514, 0.4, -0.000705196, 0.920195, 0.881662, 0.906666, 0.891364
0.995073, 3.32058, 0.183517, 0.4, -0.00070393, 0.920193, 0.881661, 0.906665, 0.891363
0.995123, 3.31994, 0.183521, 0.4, -0.000702664, 0.920192, 0.88166, 0.906665, 0.891362
0.995173, 3.31931, 0.183525, 0.4, -0.000701397, 0.92019, 0.881659, 0.906664, 0.891362
0.995223, 3.31868, 0.183529, 0.4, -0.000700131, 0.920188, 0.881658, 0.906664, 0.891361
0.995273, 3.31805, 0.183533, 0.4, -0.000698865, 0.920186, 0.881657, 0.906663, 0.89136
0.995323, 3.31742, 0.183537, 0.4, -0.000697599, 0.920184, 0.881656, 0.906662, 0.891359
0.995373, 3.3168, 0.183541, 0.4, -0.000696333, 0.920182, 0.881655, 0.906662, 0.891358
0.995423, 3.31617, 0.183545, 0.4, -0.000695067, 0.92018, 0.881654, 0.906661, 0.891358
0.995473, 3.31555, 0.183549, 0.4, -0.000693801, 0.920178, 0.881653, 0.906661, 0.891357
0.995523, 3.31492, 0.183553, 0.4, -0.000692535, 0.920176, 0.881652, 0.90666, 0.891356
0.995573, 3.3143, 0.183557, 0.4, -0.00069127, 0.920175, 0.881651, 0.90666, 0.891356
0.995623, 3.31368, 0.183561, 0.4, -0.000690004, 0.920173, 0.88165, 0.906659, 0.891355
0.995673, 3.31306, 0.183565, 0.4, -0.000688738, 0.920171, 0.881649, 0.906659, 0.891354
0.995723, 3.31244, 0.183569, 0.4, -0.000687472, 0.920169, 0.881648, 0.906658, 0.891353
0.995773, 3.31182, 0.183573, 0.4, -0.000686206, 0.920167, 0.881647, 0.906658, 0.891353
0.995823, 3.3112, 0.183577, 0.4, -0.00068494, 0.920165, 0.881646, 0.906657, 0.891352
0.995873, 3.31059, 0.183581, 0.4, -0.000683675, 0.920163, 0.881645, 0.906657, 0.891351
0.995923, 3.30997, 0.183585, 0.4, -0.000682409, 0.920161, 0.881644, 0.906656, 0.89135
0.995973, 3.30936, 0.18359, 0.4, -0.000681143, 0.92016, 0.881643, 0.906655, 0.89135
0.996023, 3.30875, 0.183594, 0.4, -0.000679878, 0.920158, 0.881642, 0.906655, 0.891349
0.996073, 3.30813, 0.183598, 0.4, -0.000678612, 0.920156, 0.881642, 0.906654, 0.891348
0.996123, 3.30752, 0.183602, 0.4, -0.000677346, 0.920154, 0.881641, 0.906654, 0.891348
0.996173, 3.30692, 0.183606, 0.4, -0.000676081, 0.920152, 0.88164, 0.906653, 0.891347
0.996223, 3.30631, 0.18361, 0.4, -0.000674815, 0.92015, 0.881639, 0.906653, 0.891346
0.996273, 3.3057, 0.183615, 0.4, -0.00067355, 0.920148, 0.881638, 0.906652, 0.891345
0.996323, 3.3051, 0.183619, 0.4, -0.000672284, 0.920147, 0.881637, 0.906652, 0.891345
0.996373, 3.30449, 0.183623, 0.4, -0.000671019, 0.920145, 0.881636, 0.906651, 0.891344
0.996423, 3.30389, 0.183628, 0.4, -0.000669753, 0.920143, 0.881635, 0.906651, 0.891343
0.996473, 3.30329, 0.183632, 0.4, -0.000668488, 0.920141, 0.881634, 0.90665, 0.891343
0.996523, 3.30268, 0.183637, 0.4, -0.000667223, 0.920139, 0.881633, 0.90665, 0.891342
0.996573, 3.30208, 0.183641, 0.4, -0.000665957, 0.920138, 0.881632, 0.906649, 0.891341
0.996623, 3.30149, 0.183645, 0.4, -0.000664692, 0.920136, 0.881631, 0.906649, 0.891341
0.996673, 3.30089, 0.18365, 0.4, -0.000663427, 0.920134, 0.88163, 0.906648, 0.89134
0.996723, 3.30029, 0.183654, 0.4, -0.000662161, 0.920132, 0.881629, 0.906648, 0.891339
0.996773, 3.2997, 0.183659, 0.4, -0.000660896, 0.92013, 0.881628, 0.906647, 0.891338
0.996823, 3.2991, 0.183663, 0.4, -0.000659631, 0.920128, 0.881627, 0.906647, 0.891338
0.996873, 3.29851, 0.183667, 0.4, -0.000658366, 0.920126, 0.881627, 0.906646, 0.891337
0.996923, 3.29792, 0.183672, 0.4, -0.000657101, 0.920124, 0.881626, 0.906646, 0.891336
0.996973, 3.29733, 0.183676, 0.4, -0.000655836, 0.920123, 0.881625, 0.906646, 0.891336
0.997023, 3.29674, 0.183681, 0.4, -0.00065457, 0.920121, 0.881624, 0.906645, 0.891335
0.997073, 3.29615, 0.183685, 0.4, -0.000653305, 0.920119, 0.881623, 0.906645, 0.891334
0.997123, 3.29556, 0.18369, 0.4, -0.00065204, 0.920117, 0.881622, 0.906644, 0.891334
0.997173, 3.29497, 0.183695, 0.4, -0.000650775, 0.920115, 0.881621, 0.906644, 0.891333
0.997223, 3.29439, 0.183699, 0.4, -0.00064951, 0.920113, 0.88162, 0.906643, 0.891332
0.997273, 3.2938, 0.183704, 0.4, -0.000648245, 0.920112, 0.881619, 0.906643, 0.891332
0.997323, 3.29322, 0.183708, 0.4, -0.000646981, 0.92011, 0.881618, 0.906642, 0.891331
0.997373, 3.29264, 0.183713, 0.4, -0.000645716, 0.920108, 0.881617, 0.906642, 0.89133
0.997423, 3.29206, 0.183718, 0.4, -0.000644451, 0.920106, 0.881616, 0.906641, 0.891329
0.997473, 3.29148, 0.183722, 0.4, -0.000643186, 0.920104, 0.881616, 0.906641, 0.891329
0.997523, 3.2909, 0.183727, 0.4, -0.000641921, 0.920102, 0.881615, 0.90664, 0.891328
0.997573, 3.29032, 0.183732, 0.4, -0.000640656, 0.920101, 0.881614, 0.90664, 0.891328
0.997623, 3.28975, 0.183737, 0.4, -0.000639392, 0.920099, 0.881613, 0.906639, 0.891327
0.997673, 3.28917, 0.183741, 0.4, -0.000638127, 0.920097, 0.881612, 0.906639, 0.891326
0.997723, 3.2886, 0.183746, 0.4, -0.000636862, 0.920095, 0.881611, 0.906638, 0.891326
0.997773, 3.28803, 0.183751, 0.4, -0.000635598, 0.920093, 0.88161, 0.906638, 0.891325
0.997823, 3.28746, 0.183756, 0.4, -0.000634333, 0.920092, 0.881609, 0.906638, 0.891324
0.997873, 3.28689, 0.18376, 0.4, -0.000633068, 0.92009, 0.881608, 0.906637, 0.891324
0.997923, 3.28632, 0.183765, 0.4, -0.000631804, 0.920088, 0.881607, 0.906637, 0.891323
0.997973, 3.28575, 0.18377, 0.4, -0.000630539, 0.920086, 0.881607, 0.906636, 0.891322
0.998023, 3.28518, 0.183775, 0.4, -0.000629275, 0.920084, 0.881606, 0.906636, 0.891322
0.998073, 3.28462, 0.18378, 0.4, -0.00062801, 0.920083, 0.881605, 0.906635, 0.891321
0.998123, 3.28405, 0.183785, 0.4, -0.000626746, 0.920081, 0.881604, 0.906635, 0.89132
0.998173, 3.28349, 0.18379, 0.4, -0.000625482, 0.920079, 0.881603, 0.906634, 0.89132
0.998223, 3.28293, 0.183795, 0.4, -0.000624217, 0.920077, 0.881602, 0.906634, 0.891319
0.998273, 3.28236, 0.1838, 0.4, -0.000622953, 0.920075, 0.881601, 0.906634, 0.891319
0.998323, 3.2818, 0.183805, 0.4, -0.000621689, 0.920073, 0.8816, 0.906633, 0.891318
0.998373, 3.28125, 0.183809, 0.4, -0.000620424, 0.920072, 0.8816, 0.906633, 0.891317
0.998423, 3.28069, 0.183814, 0.4, -0.00061916, 0.92007, 0.881599, 0.906632, 0.891317
0.998473, 3.28013, 0.18382, 0.4, -0.000617896, 0.920068, 0.881598, 0.906632, 0.891316
0.998523, 3.27958, 0.183824, 0.4, -0.000616632, 0.920066, 0.881597, 0.906631, 0.891315
0.998573, 3.27902, 0.183829, 0.4, -0.000615368, 0.920064, 0.881596, 0.906631, 0.891315
0.998623, 3.27847, 0.183835, 0.4, -0.000614104, 0.920063, 0.881595, 0.906631, 0.891314
0.998673, 3.27792, 0.18384, 0.4, -0.00061284, 0.920061, 0.881594, 0.90663, 0.891313
0.998724, 3.27736, 0.183845, 0.4, -0.000611576, 0.920059, 0.881594, 0.90663, 0.891313
0.998774, 3.27681, 0.18385, 0.4, -0.000610312, 0.920057, 0.881593, 0.906629, 0.891312
0.998824, 3.27627, 0.183855, 0.4, -0.000609048, 0.920055, 0.881592, 0.906629, 0.891312
0.998874, 3.27572, 0.18386, 0.4, -0.000607784, 0.920054, 0.881591, 0.906628, 0.891311
0.998924, 3.27517, 0.183865, 0.4, -0.00060652, 0.920052, 0.88159, 0.906628, 0.89131
0.998974, 3.27463, 0.183871, 0.4, -0.000605256, 0.92005, 0.881589, 0.906628, 0.89131
0.999024, 3.27408, 0.183876, 0.4, -0.000603992, 0.920048, 0.881588, 0.906627, 0.891309
0.999074, 3.27354, 0.183881, 0.4, -0.000602728, 0.920046, 0.881588, 0.906627, 0.891308
0.999124, 3.273, 0.183886, 0.4, -0.000601464, 0.920045, 0.881587, 0.906626, 0.891308
0.999174, 3.27246, 0.183891, 0.4, -0.000600201, 0.920043, 0.881586, 0.906626, 0.891307
0.999224, 3.27192, 0.183897, 0.4, -0.000598937, 0.920041, 0.881585, 0.906626, 0.891307
0.999274, 3.27138, 0.183902, 0.4, -0.000597673, 0.920039, 0.881584, 0.906625, 0.891306
0.999324, 3.27084, 0.183907, 0.4, -0.00059641, 0.920037, 0.881583, 0.906625, 0.891306
0.999374, 3.27031, 0.183913, 0.4, -0.000595146, 0.920036, 0.881583, 0.906624, 0.891305
0.999424, 3.26977, 0.183918, 0.4, -0.000593883, 0.920034, 0.881582, 0.906624, 0.891304
0.999474, 3.26924, 0.183923, 0.4, -0.000592619, 0.920032, 0.881581, 0.906624, 0.891304
0.999524, 3.2687, 0.183929, 0.4, -0.000591355, 0.92003, 0.88158, 0.906623, 0.891303
0.999574, 3.26817, 0.183934, 0.4, -0.000590092, 0.920029, 0.881579, 0.906623, 0.891303
0.999624, 3.26764, 0.183939, 0.4, -0.000588829, 0.920027, 0.881578, 0.906622, 0.891302
0.999674, 3.26711, 0.183945, 0.4, -0.000587565, 0.920025, 0.881578, 0.906622, 0.891301
0.999724, 3.26658, 0.18395, 0.4, -0.000586302, 0.920023, 0.881577, 0.906622, 0.891301
0.999774, 3.26606, 0.183956, 0.4, -0.000585039, 0.920022, 0.881576, 0.906621, 0.8913
0.999824, 3.26553, 0.183961, 0.4, -0.000583775, 0.92002, 0.881575, 0.906621, 0.8913
0.999874, 3.26501, 0.183967, 0.4, -0.000582512, 0.920018, 0.881574, 0.906621, 0.891299
0.999924, 3.26448, 0.183972, 0.4, -0.000581249, 0.920016, 0.881573, 0.90662, 0.891299
0.999974, 3.26396, 0.183978, 0.4, -0.000579986, 0.920014, 0.881573, 0.90662, 0.891298
1.00002, 3.26344, 0.183983, 0.4, -0.000578722, 0.920013, 0.881572, 0.906619, 0.891297
1.00002, 3.26344, 0.183983, 0.4, -0.000578722, 0.920013, 0.881572, 0.906619, 0.891297
1.00102, 3.24807, 0.184147, 0.4, -0.00054146, 0.919961, 0.881548, 0.906609, 0.891281
1.00202, 3.23866, 0.184273, 0.4, -0.000516229, 0.919926, 0.881533, 0.906603, 0.891271
1.00302, 3.2296, 0.184404, 0.4, -0.000491011, 0.919892, 0.881519, 0.906597, 0.891262
1.00402, 3.22099, 0.184542, 0.4, -0.00046581, 0.919859, 0.881506, 0.906593, 0.891253
1.00502, 3.21283, 0.184687, 0.4, -0.000440626, 0.919826, 0.881493, 0.906589, 0.891246
1.00602, 3.20512, 0.184839, 0.4, -0.000415461, 0.919793, 0.881482, 0.906586, 0.891239
1.00702, 3.19787, 0.184997, 0.4, -0.000390316, 0.919761, 0.88147, 0.906584, 0.891233
1.00802, 3.19107, 0.185162, 0.4, -0.00036519, 0.91973, 0.88146, 0.906582, 0.891228
1.00902, 3.18473, 0.185333, 0.4, -0.000340085, 0.919699, 0.88145, 0.906581, 0.891223
1.01002, 3.17883, 0.185511, 0.4, -0.000315002, 0.919668, 0.881441, 0.906581, 0.891219
1.01102, 3.17339, 0.185696, 0.4, -0.000289941, 0.919638, 0.881433, 0.906582, 0.891216
1.01202, 3.16839, 0.185888, 0.4, -0.000264904, 0.919608, 0.881425, 0.906583, 0.891214
1.01302, 3.16385, 0.186086, 0.4, -0.00023989, 0.919579, 0.881419, 0.906585, 0.891212
1.01402, 3.15976, 0.186291, 0.4, -0.000214901, 0.91955, 0.881412, 0.906588, 0.891212
1.01502, 3.15611, 0.186502, 0.4, -0.000189937, 0.919522, 0.881407, 0.906591, 0.891211
1.01602, 3.15292, 0.18672, 0.4, -0.000165, 0.919494, 0.881402, 0.906595, 0.891212
1.01702, 3.15017, 0.186945, 0.4, -0.00014009, 0.919467, 0.881398, 0.9066, 0.891213
1.01802, 3.14788, 0.187176, 0.4, -0.000115207, 0.91944, 0.881395, 0.906605, 0.891216
1.01902, 3.14603, 0.187413, 0.4, -9.03534e-05, 0.919414, 0.881392, 0.906612, 0.891218
1.02002, 3.14462, 0.187657, 0.4, -6.55287e-05, 0.919388, 0.88139, 0.906619, 0.891222
1.02102, 3.14367, 0.187908, 0.4, -4.0734e-05, 0.919362, 0.881389, 0.906626, 0.891226
1.02202, 3.14316, 0.188165, 0.4, -1.59702e-05, 0.919337, 0.881388, 0.906634, 0.891231
1.02302, 3.14309, 0.188428, 0.4, 8.76203e-06, 0.919313, 0.881389, 0.906643, 0.891237
1.02402, 3.14347, 0.188698, 0.4, 3.3462e-05, 0.919289, 0.881389, 0.906653, 0.891244
1.02502, 3.1443, 0.188975, 0.4, 5.81288e-05, 0.919265, 0.881391, 0.906663, 0.891251
1.02602, 3.14557, 0.189257, 0.4, 8.27619e-05, 0.919242, 0.881393, 0.906675, 0.891259
1.02702, 3.14728, 0.189547, 0.4, 0.00010736, 0.919219, 0.881396, 0.906686, 0.891268
1.02803, 3.14943, 0.189842, 0.4, 0.000131924, 0.919197, 0.8814, 0.906699, 0.891277
1.02903, 3.15203, 0.190144, 0.4, 0.000156451, 0.919176, 0.881404, 0.906712, 0.891287
1.03003, 3.15506, 0.190452, 0.4, 0.000180941, 0.919154, 0.881409, 0.906726, 0.891298
1.03103, 3.15854, 0.190767, 0.4, 0.000205394, 0.919134, 0.881414, 0.90674, 0.891309
1.03203, 3.16246, 0.191088, 0.4, 0.000229809, 0.919113, 0.881421, 0.906755, 0.891322
1.03303, 3.16681, 0.191415, 0.4, 0.000254184, 0.919093, 0.881428, 0.906771, 0.891334
1.03403, 3.17161, 0.191748, 0.4, 0.00027852, 0.919074, 0.881435, 0.906787, 0.891348
1.03503, 3.17684, 0.192088, 0.4, 0.000302816, 0.919055, 0.881443, 0.906804, 0.891362
1.03603, 3.18251, 0.192433, 0.4, 0.00032707, 0.919036, 0.881452, 0.906822, 0.891377
1.03703, 3.18862, 0.192785, 0.4, 0.000351282, 0.919018, 0.881462, 0.906841, 0.891393
1.03803, 3.19516, 0.193144, 0.4, 0.000375452, 0.919001, 0.881472, 0.90686, 0.891409
1.03903, 3.20213, 0.193508, 0.4, 0.000399579, 0.918983, 0.881483, 0.906879, 0.891426
1.04003, 3.20954, 0.193878, 0.4, 0.000423661, 0.918967, 0.881495, 0.9069, 0.891444
1.04103, 3.21739, 0.194255, 0.4, 0.000447699, 0.91895, 0.881507, 0.906921, 0.891463
1.04203, 3.22566, 0.194638, 0.4, 0.000471691, 0.918934, 0.88152, 0.906942, 0.891482
1.04303, 3.23437, 0.195027, 0.4, 0.000495637, 0.918919, 0.881533, 0.906965, 0.891501
1.04403, 3.2435, 0.195422, 0.4, 0.000519536, 0.918904, 0.881547, 0.906988, 0.891522
1.04503, 3.25307, 0.195823, 0.4, 0.000543387, 0.918889, 0.881562, 0.907011, 0.891543
1.04603, 3.26307, 0.196229, 0.4, 0.00056719, 0.918875, 0.881577, 0.907035, 0.891564
1.04703, 3.27349, 0.196642, 0.4, 0.000590945, 0.918862, 0.881593, 0.90706, 0.891587
1.04803, 3.28434, 0.197062, 0.4, 0.000614649, 0.918848, 0.88161, 0.907086, 0.89161
1.04903, 3.29562, 0.197486, 0.4, 0.000638303, 0.918836, 0.881627, 0.907112, 0.891634
1.05003, 3.30732, 0.197917, 0.4, 0.000661906, 0.918823, 0.881645, 0.907138, 0.891658
1.05103, 3.31945, 0.198354, 0.4, 0.000685457, 0.918811, 0.881663, 0.907166, 0.891683
1.05203, 3.332, 0.198797, 0.4, 0.000708956, 0.9188, 0.881682, 0.907194, 0.891709
1.05303, 3.34497, 0.199246, 0.4, 0.000732401, 0.918789, 0.881702, 0.907222, 0.891735
1.05403, 3.35836, 0.1997, 0.4, 0.000755793, 0.918778, 0.881722, 0.907251, 0.891762
1.05503, 3.37218, 0.20016, 0.4, 0.00077913, 0.918768, 0.881743, 0.907281, 0.891789
1.05603, 3.38641, 0.200627, 0.4, 0.000802412, 0.918758, 0.881764, 0.907311, 0.891817
1.05703, 3.40107, 0.201098, 0.4, 0.000825638, 0.918748, 0.881787, 0.907342, 0.891846
1.05803, 3.41614, 0.201576, 0.4, 0.000848808, 0.918739, 0.881809, 0.907374, 0.891875
1.05903, 3.43162, 0.20206, 0.4, 0.00087192, 0.918731, 0.881832, 0.907406, 0.891905
1.06003, 3.44753, 0.202549, 0.4, 0.000894974, 0.918722, 0.881856, 0.907438, 0.891936
1.06103, 3.46384, 0.203044, 0.4, 0.00091797, 0.918715, 0.881881, 0.907472, 0.891967
1.06203, 3.48057, 0.203544, 0.4, 0.000940907, 0.918707, 0.881905, 0.907505, 0.891999
1.06303, 3.49772, 0.204051, 0.4, 0.000963784, 0.9187, 0.881931, 0.90754, 0.892031
1.06403, 3.51527, 0.204563, 0.4, 0.0009866, 0.918694, 0.881957, 0.907575, 0.892064
1.06503, 3.53323, 0.20508, 0.4, 0.00100935, 0.918687, 0.881984, 0.90761, 0.892098
1.06603, 3.55161, 0.205603, 0.4, 0.00103205, 0.918682, 0.882011, 0.907646, 0.892132
1.06703, 3.57039, 0.206132, 0.4, 0.00105468, 0.918676, 0.882039, 0.907683, 0.892167
1.06803, 3.58958, 0.206667, 0.4, 0.00107725, 0.918671, 0.882067, 0.90772, 0.892202
1.06903, 3.60917, 0.207206, 0.4, 0.00109975, 0.918666, 0.882096, 0.907758, 0.892238
1.07003, 3.62917, 0.207752, 0.4, 0.00112219, 0.918662, 0.882125, 0.907796, 0.892274
1.07103, 3.64957, 0.208302, 0.4, 0.00114456, 0.918658, 0.882155, 0.907835, 0.892311
1.07203, 3.67037, 0.208859, 0.4, 0.00116687, 0.918655, 0.882185, 0.907874, 0.892349
1.07303, 3.69158, 0.20942, 0.4, 0.00118911, 0.918652, 0.882216, 0.907914, 0.892387
1.07403, 3.71318, 0.209988, 0.4, 0.00121129, 0.918649, 0.882248, 0.907954, 0.892426
1.07503, 3.73518, 0.21056, 0.4, 0.0012334, 0.918646, 0.88228, 0.907995, 0.892465
1.07603, 3.75758, 0.211138, 0.4, 0.00125544, 0.918644, 0.882312, 0.908036, 0.892505
1.07703, 3.78038, 0.211721, 0.4, 0.00127741, 0.918643, 0.882345, 0.908078, 0.892545
1.07803, 3.80357, 0.21231, 0.4, 0.00129931, 0.918641, 0.882379, 0.908121, 0.892586
1.07903, 3.82716, 0.212904, 0.4, 0.00132114, 0.91864, 0.882413, 0.908164, 0.892627
1.08003, 3.85113, 0.213503, 0.4, 0.0013429, 0.91864, 0.882448, 0.908207, 0.892669
1.08103, 3.8755, 0.214108, 0.4, 0.00136459, 0.91864, 0.882483, 0.908251, 0.892712
1.08203, 3.90026, 0.214717, 0.4, 0.0013862, 0.91864, 0.882518, 0.908296, 0.892755
1.08303, 3.9254, 0.215332, 0.4, 0.00140775, 0.91864, 0.882554, 0.908341, 0.892798
1.08403, 3.95094, 0.215952, 0.4, 0.00142922, 0.918641, 0.882591, 0.908386, 0.892842
1.08503, 3.97686, 0.216577, 0.4, 0.00145062, 0.918642, 0.882628, 0.908432, 0.892886
1.08603, 4.00316, 0.217207, 0.4, 0.00147194, 0.918644, 0.882665, 0.908478, 0.892931
1.08703, 4.02985, 0.217843, 0.4, 0.00149319, 0.918645, 0.882703, 0.908525, 0.892977
1.08803, 4.05692, 0.218483, 0.4, 0.00151436, 0.918648, 0.882742, 0.908572, 0.893023
1.08903, 4.08436, 0.219129, 0.4, 0.00153546, 0.91865, 0.88278, 0.90862, 0.893069
1.09003, 4.11219, 0.219779, 0.4, 0.00155648, 0.918653, 0.88282, 0.908668, 0.893116
1.09103, 4.1404, 0.220435, 0.4, 0.00157742, 0.918656, 0.882859, 0.908717, 0.893163
1.09203, 4.16898, 0.221095, 0.4, 0.00159829, 0.918659, 0.882899, 0.908766, 0.893211
1.09303, 4.19794, 0.221761, 0.4, 0.00161907, 0.918663, 0.88294, 0.908816, 0.893259
1.09403, 4.22727, 0.222431, 0.4, 0.00163978, 0.918667, 0.882981, 0.908866, 0.893308
1.09503, 4.25697, 0.223106, 0.4, 0.00166041, 0.918671, 0.883022, 0.908916, 0.893357
1.09603, 4.28704, 0.223786, 0.4, 0.00168096, 0.918676, 0.883064, 0.908967, 0.893406
1.09703, 4.31749, 0.224471, 0.4, 0.00170142, 0.918681, 0.883106, 0.909018, 0.893456
1.09803, 4.3483, 0.225161, 0.4, 0.00172181, 0.918686, 0.883149, 0.90907, 0.893507
1.09903, 4.37947, 0.225856, 0.4, 0.00174211, 0.918692, 0.883192, 0.909122, 0.893558
1.10003, 4.41101, 0.226555, 0.4, 0.00176233, 0.918697, 0.883236, 0.909174, 0.893609
1.10103, 4.44292, 0.227259, 0.4, 0.00178247, 0.918704, 0.88328, 0.909227, 0.893661
1.10203, 4.47518, 0.227968, 0.4, 0.00180253, 0.91871, 0.883324, 0.909281, 0.893713
1.10303, 4.50781, 0.228681, 0.4, 0.0018225, 0.918717, 0.883369, 0.909334, 0.893766
1.10403, 4.54079, 0.2294, 0.4, 0.00184239, 0.918724, 0.883414, 0.909389, 0.893819
1.10503, 4.57413, 0.230122, 0.4, 0.00186219, 0.918731, 0.883459, 0.909443, 0.893872
1.10603, 4.60783, 0.230849, 0.4, 0.0018819, 0.918738, 0.883505, 0.909498, 0.893926
1.10703, 4.64188, 0.231581, 0.4, 0.00190153, 0.918746, 0.883551, 0.909553, 0.89398
1.10803, 4.67629, 0.232318, 0.4, 0.00192108, 0.918754, 0.883598, 0.909609, 0.894035
1.10903, 4.71104, 0.233059, 0.4, 0.00194053, 0.918762, 0.883644, 0.909665, 0.89409
1.11003, 4.74615, 0.233804, 0.4, 0.0019599, 0.918771, 0.883692, 0.909721, 0.894145
1.11103, 4.7816, 0.234554, 0.4, 0.00197918, 0.91878, 0.883739, 0.909778, 0.894201
1.11203, 4.8174, 0.235308, 0.4, 0.00199837, 0.918789, 0.883787, 0.909835, 0.894257
1.11303, 4.85354, 0.236067, 0.4, 0.00201747, 0.918798, 0.883836, 0.909892, 0.894313
1.11403, 4.89003, 0.23683, 0.4, 0.00203649, 0.918807, 0.883884, 0.90995, 0.89437
1.11503, 4.92686, 0.237598, 0.4, 0.00205541, 0.918817, 0.883933, 0.910008, 0.894427
1.11603, 4.96403, 0.238369, 0.4, 0.00207424, 0.918827, 0.883982, 0.910067, 0.894485
1.11703, 5.00153, 0.239146, 0.4, 0.00209298, 0.918837, 0.884032, 0.910126, 0.894543
1.11803, 5.03937, 0.239926, 0.4, 0.00211163, 0.918848, 0.884082, 0.910185, 0.894601
1.11903, 5.07755, 0.240711, 0.4, 0.00213018, 0.918858, 0.884132, 0.910244, 0.894659
1.12003, 5.11606, 0.241499, 0.4, 0.00214865, 0.918869, 0.884183, 0.910304, 0.894718
1.12103, 5.1549, 0.242292, 0.4, 0.00216702, 0.91888, 0.884233, 0.910364, 0.894777
1.12203, 5.19408, 0.243089, 0.4, 0.00218529, 0.918892, 0.884284, 0.910424, 0.894837
1.12303, 5.23357, 0.24389, 0.4, 0.00220347, 0.918903, 0.884336, 0.910485, 0.894897
1.12403, 5.2734, 0.244696, 0.4, 0.00222156, 0.918915, 0.884388, 0.910546, 0.894957
1.12503, 5.31355, 0.245505, 0.4, 0.00223955, 0.918927, 0.884439, 0.910607, 0.895017
1.12603, 5.35403, 0.246318, 0.4, 0.00225745, 0.918939, 0.884492, 0.910669, 0.895078
1.12703, 5.39482, 0.247136, 0.4, 0.00227525, 0.918952, 0.884544, 0.910731, 0.895139
1.12803, 5.43594, 0.247957, 0.4, 0.00229295, 0.918964, 0.884597, 0.910793, 0.8952
1.12903, 5.47737, 0.248782, 0.4, 0.00231056, 0.918977, 0.88465, 0.910855, 0.895262
1.13003, 5.51912, 0.249611, 0.4, 0.00232807, 0.91899, 0.884703, 0.910918, 0.895323
1.13103, 5.56118, 0.250445, 0.4, 0.00234548, 0.919003, 0.884757, 0.910981, 0.895386
1.13203, 5.60355, 0.251281, 0.4, 0.00236279, 0.919016, 0.884811, 0.911044, 0.895448
1.13303, 5.64624, 0.252122, 0.4, 0.00238001, 0.919029, 0.884864, 0.911108, 0.89551
1.13403, 5.68924, 0.252967, 0.4, 0.00239712, 0.919043, 0.884919, 0.911171, 0.895573
1.13503, 5.73254, 0.253815, 0.4, 0.00241414, 0.919057, 0.884973, 0.911235, 0.895636
1.13603, 5.77615, 0.254667, 0.4, 0.00243105, 0.919071, 0.885028, 0.9113, 0.8957
1.13703, 5.82006, 0.255523, 0.4, 0.00244787, 0.919085, 0.885083, 0.911364, 0.895763
1.13803, 5.86427, 0.256382, 0.4, 0.00246458, 0.919099, 0.885138, 0.911429, 0.895827
1.13903, 5.90878, 0.257245, 0.4, 0.00248119, 0.919113, 0.885193, 0.911493, 0.895891
1.14003, 5.95359, 0.258112, 0.4, 0.00249771, 0.919128, 0.885249, 0.911559, 0.895956
1.14103, 5.9987, 0.258982, 0.4, 0.00251411, 0.919142, 0.885304, 0.911624, 0.89602
1.14203, 6.0441, 0.259855, 0.4, 0.00253042, 0.919157, 0.88536, 0.911689, 0.896085
1.14303, 6.0898, 0.260733, 0.4, 0.00254662, 0.919172, 0.885416, 0.911755, 0.89615
1.14403, 6.13578, 0.261613, 0.4, 0.00256272, 0.919187, 0.885473, 0.911821, 0.896215
1.14503, 6.18206, 0.262497, 0.4, 0.00257872, 0.919203, 0.885529, 0.911887, 0.89628
1.14603, 6.22862, 0.263385, 0.4, 0.00259461, 0.919218, 0.885586, 0.911954, 0.896346
1.14703, 6.27546, 0.264276, 0.4, 0.00261039, 0.919233, 0.885643, 0.91202, 0.896411
1.14803, 6.32259, 0.26517, 0.4, 0.00262608, 0.919249, 0.885699, 0.912087, 0.896477
1.14903, 6.37, 0.266067, 0.4, 0.00264165, 0.919264, 0.885757, 0.912154, 0.896543
1.15003, 6.41769, 0.266968, 0.4, 0.00265712, 0.91928, 0.885814, 0.912221, 0.89661
1.15103, 6.46566, 0.267872, 0.4, 0.00267249, 0.919296, 0.885871, 0.912288, 0.896676
1.15203, 6.5139, 0.26878, 0.4, 0.00268774, 0.919312, 0.885929, 0.912355, 0.896743
1.15303, 6.56242, 0.26969, 0.4, 0.0027029, 0.919328, 0.885986, 0.912423, 0.896809
1.15403, 6.61121, 0.270604, 0.4, 0.00271794, 0.919344, 0.886044, 0.912491, 0.896876
1.15503, 6.66027, 0.271521, 0.4, 0.00273288, 0.919361, 0.886102, 0.912558, 0.896943
1.15603, 6.70959, 0.272441, 0.4, 0.0027477, 0.919377, 0.88616, 0.912627, 0.897011
1.15703, 6.75918, 0.273363, 0.4, 0.00276242, 0.919394, 0.886218, 0.912695, 0.897078
1.15803, 6.80904, 0.274289, 0.4, 0.00277703, 0.91941, 0.886277, 0.912763, 0.897145
1.15903, 6.85916, 0.275219, 0.4, 0.00279154, 0.919427, 0.886335, 0.912831, 0.897213
1.16003, 6.90954, 0.27615, 0.4, 0.00280593, 0.919443, 0.886394, 0.9129, 0.897281
1.16103, 6.96017, 0.277085, 0.4, 0.00282021, 0.91946, 0.886452, 0.912969, 0.897348
1.16203, 7.01107, 0.278023, 0.4, 0.00283438, 0.919477, 0.886511, 0.913037, 0.897416
1.16303, 7.06221, 0.278963, 0.4, 0.00284845, 0.919494, 0.88657, 0.913106, 0.897484
1.16403, 7.11361, 0.279907, 0.4, 0.0028624, 0.919511, 0.886629, 0.913175, 0.897553
1.16503, 7.16526, 0.280853, 0.4, 0.00287624, 0.919528, 0.886688, 0.913244, 0.897621
1.16603, 7.21716, 0.281802, 0.4, 0.00288997, 0.919545, 0.886747, 0.913314, 0.897689
1.16703, 7.2693, 0.282754, 0.4, 0.00290359, 0.919562, 0.886806, 0.913383, 0.897758
1.16803, 7.32169, 0.283708, 0.4, 0.00291709, 0.919579, 0.886865, 0.913452, 0.897826
1.16903, 7.37432, 0.284665, 0.4, 0.00293049, 0.919596, 0.886924, 0.913522, 0.897895
1.17003, 7.42719, 0.285625, 0.4, 0.00294377, 0.919613, 0.886983, 0.913591, 0.897963
1.17103, 7.48029, 0.286587, 0.4, 0.00295693, 0.919631, 0.887043, 0.913661, 0.898032
1.17203, 7.53364, 0.287552, 0.4, 0.00296999, 0.919648, 0.887102, 0.913731, 0.898101
1.17303, 7.58721, 0.288519, 0.4, 0.00298293, 0.919665, 0.887161, 0.913801, 0.89817
1.17403, 7.64102, 0.289489, 0.4, 0.00299576, 0.919683, 0.887221, 0.91387, 0.898239
1.17503, 7.69506, 0.290462, 0.4, 0.00300847, 0.9197, 0.88728, 0.91394, 0.898308
1.17603, 7.74933, 0.291436, 0.4, 0.00302107, 0.919717, 0.88734, 0.91401, 0.898377
1.17703, 7.80382, 0.292413, 0.4, 0.00303356, 0.919735, 0.8874, 0.91408, 0.898446
1.17803, 7.85854, 0.293393, 0.4, 0.00304593, 0.919752, 0.887459, 0.91415, 0.898515
1.17903, 7.91348, 0.294375, 0.4, 0.00305818, 0.91977, 0.887519, 0.914221, 0.898584
1.18003, 7.96863, 0.295359, 0.4, 0.00307032, 0.919787, 0.887578, 0.914291, 0.898653
1.18103, 8.02401, 0.296345, 0.4, 0.00308234, 0.919805, 0.887638, 0.914361, 0.898723
1.18203, 8.0796, 0.297334, 0.4, 0.00309425, 0.919822, 0.887697, 0.914431, 0.898792
1.18303, 8.1354, 0.298324, 0.4, 0.00310604, 0.919839, 0.887757, 0.914501, 0.898861
1.18403, 8.19142, 0.299317, 0.4, 0.00311772, 0.919857, 0.887817, 0.914572, 0.89893
1.18503, 8.24764, 0.300312, 0.4, 0.00312928, 0.919874, 0.887876, 0.914642, 0.899
1.18603, 8.30407, 0.301309, 0.4, 0.00314072, 0.919892, 0.887936, 0.914712, 0.899069
1.18703, 8.36071, 0.302308, 0.4, 0.00315204, 0.919909, 0.887995, 0.914783, 0.899138
1.18803, 8.41755, 0.30331, 0.4, 0.00316325, 0.919926, 0.888055, 0.914853, 0.899207
1.18903, 8.47459, 0.304313, 0.4, 0.00317434, 0.919944, 0.888114, 0.914923, 0.899277
1.19003, 8.53182, 0.305318, 0.4, 0.00318531, 0.919961, 0.888174, 0.914994, 0.899346
1.19103, 8.58926, 0.306325, 0.4, 0.00319616, 0.919978, 0.888233, 0.915064, 0.899415
1.19203, 8.64689, 0.307333, 0.4, 0.0032069, 0.919995, 0.888293, 0.915134, 0.899484
1.19303, 8.70471, 0.308344, 0.4, 0.00321752, 0.920013, 0.888352, 0.915205, 0.899553
1.19403, 8.76272, 0.309357, 0.4, 0.00322802, 0.92003, 0.888411, 0.915275, 0.899623
1.19503, 8.82092, 0.310371, 0.4, 0.00323839, 0.920047, 0.88847, 0.915345, 0.899692
1.19603, 8.8793, 0.311387, 0.4, 0.00324866, 0.920064, 0.88853, 0.915415, 0.899761
1.19703, 8.93787, 0.312404, 0.4, 0.0032588, 0.920081, 0.888589, 0.915486, 0.89983
1.19803, 8.99662, 0.313423, 0.4, 0.00326882, 0.920098, 0.888648, 0.915556, 0.899899
1.19903, 9.05555, 0.314444, 0.4, 0.00327872, 0.920115, 0.888707, 0.915626, 0.899968
1.20003, 9.11466, 0.315467, 0.4, 0.0032885, 0.920132, 0.888766, 0.915696, 0.900036
1.20103, 9.17394, 0.316491, 0.4, 0.00329816, 0.920149, 0.888825, 0.915766, 0.900105
1.20203, 9.23339, 0.317517, 0.4, 0.00330771, 0.920165, 0.888883, 0.915836, 0.900174
1.20303, 9.29302, 0.318544, 0.4, 0.00331713, 0.920182, 0.888942, 0.915906, 0.900243
1.20403, 9.35281, 0.319572, 0.4, 0.00332643, 0.920199, 0.889, 0.915976, 0.900311
1.20503, 9.41277, 0.320602, 0.4, 0.00333561, 0.920215, 0.889059, 0.916046, 0.90038
1.20603, 9.47289, 0.321633, 0.4, 0.00334467, 0.920232, 0.889117, 0.916115, 0.900448
1.20703, 9.53318, 0.322666, 0.4, 0.00335361, 0.920248, 0.889176, 0.916185, 0.900517
1.20803, 9.59362, 0.3237, 0.4, 0.00336243, 0.920264, 0.889234, 0.916255, 0.900585
1.20903, 9.65423, 0.324735, 0.4, 0.00337112, 0.920281, 0.889292, 0.916324, 0.900653
1.21003, 9.71498, 0.325772, 0.4, 0.0033797, 0.920297, 0.88935, 0.916394, 0.900721
1.21103, 9.7759, 0.326809, 0.4, 0.00338815, 0.920313, 0.889408, 0.916463, 0.900789
1.21203, 9.83696, 0.327848, 0.4, 0.00339648, 0.920329, 0.889466, 0.916532, 0.900857
1.21303, 9.89817, 0.328888, 0.4, 0.00340469, 0.920345, 0.889523, 0.916601, 0.900925
1.21403, 9.95953, 0.329929, 0.4, 0.00341278, 0.92036, 0.889581, 0.916671, 0.900992
1.21503, 10.021, 0.330971, 0.4, 0.00342075, 0.920376, 0.889638, 0.91674, 0.90106
1.21603, 10.0827, 0.332014, 0.4, 0.00342859, 0.920392, 0.889695, 0.916808, 0.901127
1.21703, 10.1445, 0.333058, 0.4, 0.00343631, 0.920407, 0.889752, 0.916877, 0.901194
1.21803, 10.2064, 0.334103, 0.4, 0.00344391, 0.920423, 0.889809, 0.916946, 0.901262
1.21903, 10.2684, 0.335149, 0.4, 0.00345139, 0.920438, 0.889866, 0.917015, 0.901329
1.22003, 10.3306, 0.336196, 0.4, 0.00345874, 0.920453, 0.889923, 0.917083, 0.901396
1.22103, 10.393, 0.337243, 0.4, 0.00346597, 0.920468, 0.889979, 0.917151, 0.901462
1.22203, 10.4554, 0.338292, 0.4, 0.00347308, 0.920483, 0.890036, 0.91722, 0.901529
1.22303, 10.518, 0.339341, 0.4, 0.00348007, 0.920498, 0.890092, 0.917288, 0.901595
1.22403, 10.5807, 0.340391, 0.4, 0.00348693, 0.920513, 0.890148, 0.917356, 0.901662
1.22503, 10.6435, 0.341442, 0.4, 0.00349367, 0.920527, 0.890204, 0.917424, 0.901728
1.22603, 10.7065, 0.342493, 0.4, 0.00350029, 0.920542, 0.89026, 0.917491, 0.901794
1.22703, 10.7695, 0.343545, 0.4, 0.00350678, 0.920556, 0.890315, 0.917559, 0.90186
1.22803, 10.8327, 0.344597, 0.4, 0.00351315, 0.92057, 0.890371, 0.917627, 0.901926
1.22903, 10.896, 0.34565, 0.4, 0.0035194, 0.920584, 0.890426, 0.917694, 0.901991
1.23003, 10.9594, 0.346704, 0.4, 0.00352552, 0.920598, 0.890481, 0.917761, 0.902057
1.23103, 11.0229, 0.347758, 0.4, 0.00353152, 0.920612, 0.890536, 0.917828, 0.902122
1.23203, 11.0866, 0.348812, 0.4, 0.0035374, 0.920626, 0.89059, 0.917895, 0.902187
1.23303, 11.1503, 0.349867, 0.4, 0.00354315, 0.920639, 0.890645, 0.917962, 0.902252
1.23403, 11.2141, 0.350923, 0.4, 0.00354878, 0.920653, 0.890699, 0.918028, 0.902317
1.23503, 11.278, 0.351978, 0.4, 0.00355429, 0.920666, 0.890753, 0.918095, 0.902381
1.23603, 11.3421, 0.353034, 0.4, 0.00355967, 0.920679, 0.890807, 0.918161, 0.902445
1.23703, 11.4062, 0.354091, 0.4, 0.00356493, 0.920692, 0.890861, 0.918227, 0.90251
1.23803, 11.4704, 0.355147, 0.4, 0.00357007, 0.920705, 0.890915, 0.918293, 0.902574
1.23903, 11.5347, 0.356203, 0.4, 0.00357508, 0.920718, 0.890968, 0.918359, 0.902637
1.24003, 11.5991, 0.35726, 0.4, 0.00357997, 0.92073, 0.891021, 0.918424, 0.902701
1.24103, 11.6636, 0.358317, 0.4, 0.00358473, 0.920743, 0.891074, 0.91849, 0.902764
1.24204, 11.7282, 0.359374, 0.4, 0.00358937, 0.920755, 0.891127, 0.918555, 0.902828
1.24304, 11.7928, 0.360431, 0.4, 0.00359389, 0.920767, 0.891179, 0.91862, 0.902891
1.24404, 11.8575, 0.361488, 0.4, 0.00359828, 0.920779, 0.891232, 0.918685, 0.902954
1.24504, 11.9223, 0.362545, 0.4, 0.00360255, 0.920791, 0.891284, 0.918749, 0.903016
1.24604, 11.9872, 0.363602, 0.4, 0.0036067, 0.920802, 0.891336, 0.918814, 0.903078
1.24704, 12.0522, 0.364659, 0.4, 0.00361072, 0.920814, 0.891387, 0.918878, 0.903141
1.24804, 12.1172, 0.365716, 0.4, 0.00361462, 0.920825, 0.891439, 0.918942, 0.903203
1.24904, 12.1823, 0.366772, 0.4, 0.00361839, 0.920836, 0.89149, 0.919006, 0.903264
1.25004, 12.2475, 0.367829, 0.4, 0.00362204, 0.920847, 0.891541, 0.91907, 0.903326
1.25104, 12.3127, 0.368885, 0.4, 0.00362557, 0.920858, 0.891592, 0.919133, 0.903387
1.25204, 12.378, 0.369941, 0.4, 0.00362898, 0.920868, 0.891642, 0.919197, 0.903448
1.25304, 12.4434, 0.370997, 0.4, 0.00363226, 0.920879, 0.891693, 0.91926, 0.903509
1.25404, 12.5088, 0.372052, 0.4, 0.00363541, 0.920889, 0.891743, 0.919323, 0.90357
1.25504, 12.5742, 0.373107, 0.4, 0.00363845, 0.920899, 0.891792, 0.919385, 0.90363
1.25604, 12.6398, 0.374161, 0.4, 0.00364136, 0.920909, 0.891842, 0.919448, 0.90369
1.25704, 12.7053, 0.375215, 0.4, 0.00364415, 0.920919, 0.891891, 0.91951, 0.90375
1.25804, 12.7709, 0.376269, 0.4, 0.00364681, 0.920929, 0.89194, 0.919572, 0.90381
1.25904, 12.8366, 0.377322, 0.4, 0.00364935, 0.920938, 0.891989, 0.919634, 0.903869
1.26004, 12.9023, 0.378374, 0.4, 0.00365177, 0.920947, 0.892038, 0.919695, 0.903929
1.26104, 12.9681, 0.379426, 0.4, 0.00365406, 0.920956, 0.892086, 0.919757, 0.903987
1.26204, 13.0339, 0.380478, 0.4, 0.00365624, 0.920965, 0.892134, 0.919818, 0.904046
1.26304, 13.0997, 0.381528, 0.4, 0.00365828, 0.920974, 0.892182, 0.919879, 0.904105
1.26404, 13.1656, 0.382578, 0.4, 0.00366021, 0.920982, 0.89223, 0.91994, 0.904163
1.26504, 13.2315, 0.383628, 0.4, 0.00366201, 0.920991, 0.892277, 0.92, 0.904221
1.26604, 13.2974, 0.384676, 0.4, 0.0036637, 0.920999, 0.892324, 0.92006, 0.904279
1.26704, 13.3634, 0.385724, 0.4, 0.00366525, 0.921007, 0.892371, 0.92012, 0.904336
1.26804, 13.4293, 0.386771, 0.4, 0.00366669, 0.921015, 0.892417, 0.92018, 0.904393
1.26904, 13.4954, 0.387817, 0.4, 0.003668, 0.921022, 0.892464, 0.92024, 0.90445
1.27004, 13.5614, 0.388862, 0.4, 0.00366919, 0.92103, 0.89251, 0.920299, 0.904507
1.27104, 13.6275, 0.389906, 0.4, 0.00367026, 0.921037, 0.892556, 0.920358, 0.904563
1.27204, 13.6935, 0.390949, 0.4, 0.00367121, 0.921044, 0.892601, 0.920417, 0.904619
1.27304, 13.7596, 0.391991, 0.4, 0.00367204, 0.921051, 0.892646, 0.920475, 0.904675
1.27404, 13.8257, 0.393033, 0.4, 0.00367274, 0.921057, 0.892691, 0.920534, 0.904731
1.27504, 13.8918, 0.394073, 0.4, 0.00367332, 0.921064, 0.892736, 0.920592, 0.904786
1.27604, 13.958, 0.395112, 0.4, 0.00367378, 0.92107, 0.89278, 0.920649, 0.904841
1.27704, 14.0241, 0.39615, 0.4, 0.00367412, 0.921076, 0.892824, 0.920707, 0.904896
1.27804, 14.0902, 0.397186, 0.4, 0.00367434, 0.921082, 0.892868, 0.920764, 0.90495
1.27904, 14.1564, 0.398222, 0.4, 0.00367444, 0.921088, 0.892912, 0.920821, 0.905005
1.28004, 14.2225, 0.399256, 0.4, 0.00367441, 0.921093, 0.892955, 0.920878, 0.905059
1.28104, 14.2887, 0.400289, 0.4, 0.00367427, 0.921098, 0.892998, 0.920935, 0.905112
1.28204, 14.3548, 0.401321, 0.4, 0.003674, 0.921103, 0.893041, 0.920991, 0.905166
1.28304, 14.4209, 0.402351, 0.4, 0.00367362, 0.921108, 0.893084, 0.921047, 0.905219
1.28404, 14.487, 0.40338, 0.4, 0.00367311, 0.921113, 0.893126, 0.921103, 0.905272
1.28504, 14.5532, 0.404408, 0.4, 0.00367249, 0.921118, 0.893168, 0.921158, 0.905324
1.28604, 14.6193, 0.405434, 0.4, 0.00367174, 0.921122, 0.893209, 0.921213, 0.905377
1.28704, 14.6853, 0.406458, 0.4, 0.00367088, 0.921126, 0.893251, 0.921268, 0.905429
1.28804, 14.7514, 0.407482, 0.4, 0.00366989, 0.92113, 0.893292, 0.921323, 0.90548
1.28904, 14.8175, 0.408503, 0.4, 0.00366879, 0.921134, 0.893332, 0.921377, 0.905532
1.29004, 14.8835, 0.409523, 0.4, 0.00366756, 0.921137, 0.893373, 0.921432, 0.905583
1.29104, 14.9495, 0.410542, 0.4, 0.00366622, 0.92114, 0.893413, 0.921486, 0.905634
1.29204, 15.0155, 0.411559, 0.4, 0.00366476, 0.921144, 0.893453, 0.921539, 0.905684
1.29304, 15.0814, 0.412574, 0.4, 0.00366318, 0.921147, 0.893493, 0.921592, 0.905735
1.29404, 15.1473, 0.413587, 0.4, 0.00366148, 0.921149, 0.893532, 0.921646, 0.905784
1.29504, 15.2132, 0.414599, 0.4, 0.00365966, 0.921152, 0.893571, 0.921698, 0.905834
1.29604, 15.2791, 0.415609, 0.4, 0.00365773, 0.921154, 0.89361, 0.921751, 0.905884
1.29704, 15.3449, 0.416617, 0.4, 0.00365567, 0.921156, 0.893648, 0.921803, 0.905933
1.29804, 15.4107, 0.417624, 0.4, 0.0036535, 0.921158, 0.893687, 0.921855, 0.905981
1.29904, 15.4764, 0.418628, 0.4, 0.00365122, 0.92116, 0.893725, 0.921907, 0.90603
1.30004, 15.5421, 0.419631, 0.4, 0.00364881, 0.921162, 0.893762, 0.921958, 0.906078
1.30104, 15.6078, 0.420631, 0.4, 0.00364629, 0.921163, 0.893799, 0.922009, 0.906126
1.30204, 15.6734, 0.42163, 0.4, 0.00364365, 0.921164, 0.893836, 0.92206, 0.906174
1.30304, 15.739, 0.422627, 0.4, 0.0036409, 0.921165, 0.893873, 0.922111, 0.906221
1.30404, 15.8045, 0.423622, 0.4, 0.00363802, 0.921166, 0.89391, 0.922161, 0.906268
1.30504, 15.8699, 0.424614, 0.4, 0.00363504, 0.921167, 0.893946, 0.922211, 0.906315
1.30604, 15.9353, 0.425605, 0.4, 0.00363194, 0.921167, 0.893982, 0.922261, 0.906361
1.30704, 16.0007, 0.426593, 0.4, 0.00362872, 0.921167, 0.894017, 0.92231, 0.906407
1.30804, 16.066, 0.427579, 0.4, 0.00362538, 0.921167, 0.894052, 0.922359, 0.906453
1.30904, 16.1312, 0.428564, 0.4, 0.00362194, 0.921167, 0.894087, 0.922408, 0.906498
1.31004, 16.1964, 0.429545, 0.4, 0.00361837, 0.921167, 0.894122, 0.922457, 0.906543
1.31104, 16.2615, 0.430525, 0.4, 0.0036147, 0.921166, 0.894156, 0.922505, 0.906588
1.31204, 16.3265, 0.431503, 0.4, 0.0036109, 0.921165, 0.894191, 0.922553, 0.906633
1.31304, 16.3915, 0.432478, 0.4, 0.003607, 0.921164, 0.894224, 0.9226, 0.906677
1.31404, 16.4564, 0.43345, 0.4, 0.00360298, 0.921163, 0.894258, 0.922648, 0.906721
1.31504, 16.5212, 0.434421, 0.4, 0.00359885, 0.921162, 0.894291, 0.922695, 0.906765
1.31604, 16.5859, 0.435389, 0.4, 0.0035946, 0.92116, 0.894324, 0.922742, 0.906808
1.31704, 16.6506, 0.436355, 0.4, 0.00359024, 0.921159, 0.894356, 0.922788, 0.906851
1.31804, 16.7152, 0.437318, 0.4, 0.00358577, 0.921157, 0.894389, 0.922835, 0.906894
1.31904, 16.7797, 0.438278, 0.4, 0.00358119, 0.921154, 0.894421, 0.922881, 0.906936
1.32004, 16.8441, 0.439236, 0.4, 0.0035765, 0.921152, 0.894453, 0.922926, 0.906978
1.32104, 16.9084, 0.440192, 0.4, 0.00357169, 0.92115, 0.894484, 0.922972, 0.90702
1.32204, 16.9727, 0.441145, 0.4, 0.00356677, 0.921147, 0.894515, 0.923017, 0.907062
1.32304, 17.0368, 0.442096, 0.4, 0.00356174, 0.921144, 0.894546, 0.923062, 0.907103
1.32404, 17.1009, 0.443044, 0.4, 0.00355661, 0.921141, 0.894577, 0.923106, 0.907144
1.32504, 17.1649, 0.443989, 0.4, 0.00355136, 0.921138, 0.894607, 0.92315, 0.907184
1.32604, 17.2287, 0.444931, 0.4, 0.003546, 0.921135, 0.894637, 0.923194, 0.907225
1.32704, 17.2925, 0.445871, 0.4, 0.00354053, 0.921131, 0.894666, 0.923238, 0.907265
1.32804, 17.3562, 0.446808, 0.4, 0.00353495, 0.921128, 0.894696, 0.923281, 0.907304
1.32904, 17.4198, 0.447743, 0.4, 0.00352926, 0.921124, 0.894725, 0.923324, 0.907344
1.33004, 17.4833, 0.448674, 0.4, 0.00352347, 0.92112, 0.894754, 0.923367, 0.907383
1.33104, 17.5466, 0.449603, 0.4, 0.00351756, 0.921115, 0.894782, 0.923409, 0.907422
1.33204, 17.6099, 0.450529, 0.4, 0.00351155, 0.921111, 0.894811, 0.923451, 0.90746
1.33304, 17.673, 0.451452, 0.4, 0.00350543, 0.921106, 0.894838, 0.923493, 0.907498
1.33404, 17.7361, 0.452371, 0.4, 0.0034992, 0.921101, 0.894866, 0.923535, 0.907536
1.33504, 17.799, 0.453289, 0.4, 0.00349287, 0.921096, 0.894893, 0.923576, 0.907574
1.33604, 17.8618, 0.454203, 0.4, 0.00348642, 0.921091, 0.894921, 0.923617, 0.907611
1.33704, 17.9245, 0.455114, 0.4, 0.00347988, 0.921086, 0.894947, 0.923658, 0.907648
1.33804, 17.9871, 0.456022, 0.4, 0.00347322, 0.921081, 0.894974, 0.923698, 0.907684
1.33904, 18.0496, 0.456927, 0.4, 0.00346646, 0.921075, 0.895, 0.923738, 0.907721
1.34004, 18.1119, 0.457829, 0.4, 0.0034596, 0.921069, 0.895026, 0.923778, 0.907757
1.34104, 18.1741, 0.458728, 0.4, 0.00345263, 0.921063, 0.895052, 0.923818, 0.907792
1.34204, 18.2362, 0.459624, 0.4, 0.00344556, 0.921057, 0.895077, 0.923857, 0.907828
1.34304, 18.2982, 0.460516, 0.4, 0.00343838, 0.921051, 0.895102, 0.923896, 0.907863
1.34404, 18.36, 0.461406, 0.4, 0.0034311, 0.921044, 0.895127, 0.923934, 0.907898
1.34504, 18.4217, 0.462292, 0.4, 0.00342371, 0.921038, 0.895151, 0.923973, 0.907932
1.34604, 18.4832, 0.463175, 0.4, 0.00341622, 0.921031, 0.895176, 0.924011, 0.907966
1.34704, 18.5447, 0.464055, 0.4, 0.00340863, 0.921024, 0.8952, 0.924049, 0.908
1.34804, 18.6059, 0.464931, 0.4, 0.00340094, 0.921017, 0.895223, 0.924086, 0.908034
1.34904, 18.6671, 0.465804, 0.4, 0.00339314, 0.92101, 0.895247, 0.924123, 0.908067
1.35004, 18.7281, 0.466674, 0.4, 0.00338525, 0.921002, 0.89527, 0.92416, 0.9081
1.35104, 18.789, 0.467541, 0.4, 0.00337725, 0.920995, 0.895293, 0.924197, 0.908133
1.35204, 18.8497, 0.468404, 0.4, 0.00336915, 0.920987, 0.895316, 0.924233, 0.908165
1.35304, 18.9103, 0.469263, 0.4, 0.00336096, 0.920979, 0.895338, 0.924269, 0.908198
1.35404, 18.9707, 0.47012, 0.4, 0.00335266, 0.920971, 0.89536, 0.924305, 0.908229
1.35504, 19.0309, 0.470972, 0.4, 0.00334426, 0.920963, 0.895382, 0.92434, 0.908261
1.35604, 19.0911, 0.471822, 0.4, 0.00333576, 0.920955, 0.895403, 0.924375, 0.908292
1.35704, 19.151, 0.472667, 0.4, 0.00332717, 0.920946, 0.895424, 0.92441, 0.908323
1.35804, 19.2108, 0.473509, 0.4, 0.00331847, 0.920938, 0.895445, 0.924445, 0.908354
1.35904, 19.2705, 0.474348, 0.4, 0.00330968, 0.920929, 0.895466, 0.924479, 0.908384
1.36004, 19.33, 0.475183, 0.4, 0.0033008, 0.92092, 0.895487, 0.924513, 0.908414
1.36104, 19.3893, 0.476015, 0.4, 0.00329181, 0.920911, 0.895507, 0.924547, 0.908444
1.36204, 19.4485, 0.476843, 0.4, 0.00328273, 0.920902, 0.895527, 0.92458, 0.908473
1.36304, 19.5075, 0.477667, 0.4, 0.00327355, 0.920893, 0.895546, 0.924613, 0.908503
1.36404, 19.5664, 0.478487, 0.4, 0.00326428, 0.920884, 0.895566, 0.924646, 0.908531
1.36504, 19.625, 0.479304, 0.4, 0.00325491, 0.920874, 0.895585, 0.924679, 0.90856
1.36604, 19.6835, 0.480118, 0.4, 0.00324544, 0.920865, 0.895604, 0.924711, 0.908588
1.36704, 19.7419, 0.480927, 0.4, 0.00323589, 0.920855, 0.895622, 0.924743, 0.908616
1.36804, 19.8, 0.481733, 0.4, 0.00322623, 0.920845, 0.895641, 0.924775, 0.908644
1.36904, 19.858, 0.482534, 0.4, 0.00321649, 0.920835, 0.895659, 0.924806, 0.908672
1.37004, 19.9158, 0.483332, 0.4, 0.00320665, 0.920825, 0.895677, 0.924837, 0.908699
1.37104, 19.9734, 0.484127, 0.4, 0.00319672, 0.920815, 0.895694, 0.924868, 0.908726
1.37204, 20.0309, 0.484917, 0.4, 0.0031867, 0.920804, 0.895712, 0.924899, 0.908753
1.37304, 20.0882, 0.485704, 0.4, 0.00317658, 0.920794, 0.895729, 0.924929, 0.908779
1.37404, 20.1453, 0.486486, 0.4, 0.00316638, 0.920783, 0.895746, 0.924959, 0.908805
1.37504, 20.2022, 0.487265, 0.4, 0.00315608, 0.920773, 0.895763, 0.924989, 0.908831
1.37604, 20.2589, 0.488039, 0.4, 0.00314569, 0.920762, 0.895779, 0.925019, 0.908856
1.37704, 20.3154, 0.48881, 0.4, 0.00313522, 0.920751, 0.895795, 0.925048, 0.908882
1.37804, 20.3717, 0.489577, 0.4, 0.00312465, 0.92074, 0.895811, 0.925077, 0.908907
1.37904, 20.4279, 0.49034, 0.4, 0.003114, 0.920729, 0.895827, 0.925105, 0.908931
1.38004, 20.4839, 0.491099, 0.4, 0.00310325, 0.920718, 0.895842, 0.925134, 0.908956
1.38104, 20.5396, 0.491853, 0.4, 0.00309242, 0.920706, 0.895857, 0.925162, 0.90898
1.38204, 20.5952, 0.492604, 0.4, 0.0030815, 0.920695, 0.895872, 0.92519, 0.909004
1.38304, 20.6505, 0.493351, 0.4, 0.0030705, 0.920684, 0.895887, 0.925217, 0.909027
1.38404, 20.7057, 0.494093, 0.4, 0.00305941, 0.920672, 0.895902, 0.925245, 0.909051
1.38504, 20.7607, 0.494831, 0.4, 0.00304823, 0.92066, 0.895916, 0.925272, 0.909074
1.38604, 20.8155, 0.495566, 0.4, 0.00303697, 0.920649, 0.89593, 0.925299, 0.909097
1.38704, 20.87, 0.496296, 0.4, 0.00302562, 0.920637, 0.895944, 0.925325, 0.909119
1.38804, 20.9244, 0.497021, 0.4, 0.00301418, 0.920625, 0.895957, 0.925351, 0.909142
1.38904, 20.9785, 0.497743, 0.4, 0.00300267, 0.920613, 0.895971, 0.925377, 0.909164
1.39004, 21.0325, 0.498461, 0.4, 0.00299107, 0.920601, 0.895984, 0.925403, 0.909186
1.39104, 21.0862, 0.499174, 0.4, 0.00297938, 0.920588, 0.895997, 0.925429, 0.909207
1.39204, 21.1397, 0.499883, 0.4, 0.00296762, 0.920576, 0.89601, 0.925454, 0.909228
1.39304, 21.193, 0.500587, 0.4, 0.00295577, 0.920564, 0.896022, 0.925479, 0.909249
1.39404, 21.2461, 0.501288, 0.4, 0.00294384, 0.920552, 0.896034, 0.925503, 0.90927
1.39504, 21.299, 0.501984, 0.4, 0.00293183, 0.920539, 0.896046, 0.925528, 0.909291
1.39604, 21.3517, 0.502675, 0.4, 0.00291974, 0.920526, 0.896058, 0.925552, 0.909311
1.39704, 21.4041, 0.503363, 0.4, 0.00290757, 0.920514, 0.89607, 0.925576, 0.909331
1.39804, 21.4564, 0.504046, 0.4, 0.00289532, 0.920501, 0.896081, 0.925599, 0.909351
1.39904, 21.5084, 0.504725, 0.4, 0.00288299, 0.920488, 0.896092, 0.925623, 0.90937
1.40004, 21.5601, 0.505399, 0.4, 0.00287058, 0.920476, 0.896104, 0.925646, 0.909389
1.40104, 21.6117, 0.506069, 0.4, 0.00285809, 0.920463, 0.896114, 0.925669, 0.909408
1.40204, 21.663, 0.506734, 0.4, 0.00284553, 0.92045, 0.896125, 0.925691, 0.909427
1.40304, 21.7141, 0.507395, 0.4, 0.00283289, 0.920437, 0.896135, 0.925714, 0.909446
1.40404, 21.765, 0.508052, 0.4, 0.00282018, 0.920424, 0.896146, 0.925736, 0.909464
1.40504, 21.8157, 0.508704, 0.4, 0.00280738, 0.920411, 0.896156, 0.925758, 0.909482
1.40604, 21.8661, 0.509351, 0.4, 0.00279452, 0.920398, 0.896165, 0.925779, 0.9095
1.40704, 21.9163, 0.509994, 0.4, 0.00278157, 0.920385, 0.896175, 0.925801, 0.909517
1.40804, 21.9662, 0.510633, 0.4, 0.00276856, 0.920372, 0.896185, 0.925822, 0.909535
1.40904, 22.0159, 0.511267, 0.4, 0.00275547, 0.920358, 0.896194, 0.925843, 0.909552
1.41004, 22.0654, 0.511896, 0.4, 0.0027423, 0.920345, 0.896203, 0.925863, 0.909569
1.41104, 22.1147, 0.512521, 0.4, 0.00272907, 0.920332, 0.896212, 0.925884, 0.909586
1.41204, 22.1637, 0.513142, 0.4, 0.00271576, 0.920318, 0.89622, 0.925904, 0.909602
1.41304, 22.2124, 0.513757, 0.4, 0.00270238, 0.920305, 0.896229, 0.925924, 0.909618
1.41404, 22.261, 0.514368, 0.4, 0.00268893, 0.920292, 0.896237, 0.925944, 0.909634
1.41504, 22.3092, 0.514975, 0.4, 0.00267541, 0.920278, 0.896246, 0.925963, 0.90965
1.41604, 22.3573, 0.515577, 0.4, 0.00266181, 0.920265, 0.896254, 0.925982, 0.909666
1.41704, 22.4051, 0.516174, 0.4, 0.00264815, 0.920251, 0.896261, 0.926001, 0.909681
1.41804, 22.4526, 0.516766, 0.4, 0.00263442, 0.920238, 0.896269, 0.92602, 0.909696
1.41904, 22.4999, 0.517354, 0.4, 0.00262063, 0.920224, 0.896276, 0.926038, 0.909711
1.42004, 22.547, 0.517937, 0.4, 0.00260676, 0.920211, 0.896284, 0.926057, 0.909725
1.42104, 22.5938, 0.518515, 0.4, 0.00259283, 0.920197, 0.896291, 0.926075, 0.90974
1.42204, 22.6403, 0.519089, 0.4, 0.00257883, 0.920184, 0.896298, 0.926093, 0.909754
1.42304, 22.6866, 0.519658, 0.4, 0.00256476, 0.92017, 0.896305, 0.92611, 0.909768
1.42404, 22.7326, 0.520222, 0.4, 0.00255063, 0.920157, 0.896311, 0.926128, 0.909782
1.42504, 22.7784, 0.520781, 0.4, 0.00253643, 0.920143, 0.896318, 0.926145, 0.909795
1.42604, 22.8239, 0.521336, 0.4, 0.00252217, 0.920129, 0.896324, 0.926162, 0.909809
1.42704, 22.8692, 0.521886, 0.4, 0.00250785, 0.920116, 0.89633, 0.926178, 0.909822
1.42804, 22.9142, 0.522431, 0.4, 0.00249346, 0.920102, 0.896336, 0.926195, 0.909835
1.42904, 22.959, 0.522971, 0.4, 0.00247901, 0.920089, 0.896342, 0.926211, 0.909848
1.43004, 23.0035, 0.523507, 0.4, 0.0024645, 0.920075, 0.896348, 0.926227, 0.90986
1.43104, 23.0477, 0.524037, 0.4, 0.00244992, 0.920062, 0.896353, 0.926243, 0.909872
1.43204, 23.0917, 0.524563, 0.4, 0.00243529, 0.920048, 0.896358, 0.926258, 0.909885
1.43304, 23.1354, 0.525083, 0.4, 0.00242059, 0.920034, 0.896364, 0.926274, 0.909897
1.43404, 23.1788, 0.5256, 0.4, 0.00240584, 0.920021, 0.896369, 0.926289, 0.909908
1.43504, 23.222, 0.526111, 0.4, 0.00239102, 0.920007, 0.896374, 0.926304, 0.90992
1.43604, 23.2649, 0.526617, 0.4, 0.00237615, 0.919994, 0.896379, 0.926318, 0.909931
1.43704, 23.3075, 0.527118, 0.4, 0.00236122, 0.91998, 0.896383, 0.926333, 0.909942
1.43804, 23.3499, 0.527615, 0.4, 0.00234623, 0.919967, 0.896388, 0.926347, 0.909953
1.43904, 23.392, 0.528106, 0.4, 0.00233118, 0.919953, 0.896392, 0.926361, 0.909964
1.44004, 23.4338, 0.528593, 0.4, 0.00231608, 0.91994, 0.896396, 0.926375, 0.909975
1.44104, 23.4754, 0.529074, 0.4, 0.00230092, 0.919926, 0.896401, 0.926389, 0.909985
1.44204, 23.5166, 0.529551, 0.4, 0.00228571, 0.919913, 0.896405, 0.926402, 0.909995
1.44304, 23.5577, 0.530023, 0.4, 0.00227044, 0.9199, 0.896408, 0.926415, 0.910005
1.44404, 23.5984, 0.53049, 0.4, 0.00225512, 0.919887, 0.896412, 0.926428, 0.910015
1.44504, 23.6388, 0.530951, 0.4, 0.00223974, 0.919873, 0.896416, 0.926441, 0.910025
1.44604, 23.679, 0.531408, 0.4, 0.00222431, 0.91986, 0.896419, 0.926454, 0.910034
1.44704, 23.7189, 0.53186, 0.4, 0.00220883, 0.919847, 0.896423, 0.926466, 0.910044
1.44804, 23.7585, 0.532307, 0.4, 0.0021933, 0.919834, 0.896426, 0.926479, 0.910053
1.44904, 23.7979, 0.532748, 0.4, 0.00217771, 0.91982, 0.896429, 0.926491, 0.910062
1.45004, 23.8369, 0.533185, 0.4, 0.00216208, 0.919807, 0.896432, 0.926502, 0.91007
1.45104, 23.8757, 0.533617, 0.4, 0.00214639, 0.919794, 0.896435, 0.926514, 0.910079
1.45204, 23.9142, 0.534044, 0.4, 0.00213066, 0.919781, 0.896437, 0.926525, 0.910087
1.45304, 23.9524, 0.534465, 0.4, 0.00211487, 0.919769, 0.89644, 0.926537, 0.910096
1.45404, 23.9903, 0.534882, 0.4, 0.00209904, 0.919756, 0.896443, 0.926548, 0.910104
1.45504, 24.028, 0.535293, 0.4, 0.00208316, 0.919743, 0.896445, 0.926559, 0.910112
1.45605, 24.0653, 0.5357, 0.4, 0.00206724, 0.91973, 0.896447, 0.926569, 0.910119
1.45705, 24.1024, 0.536102, 0.4, 0.00205126, 0.919717, 0.89645, 0.92658, 0.910127
1.45805, 24.1392, 0.536498, 0.4, 0.00203525, 0.919705, 0.896452, 0.92659, 0.910134
1.45905, 24.1757, 0.536889, 0.4, 0.00201918, 0.919692, 0.896454, 0.9266, 0.910142
1.46005, 24.2119, 0.537275, 0.4, 0.00200307, 0.91968, 0.896455, 0.92661, 0.910149
1.46105, 24.2478, 0.537656, 0.4, 0.00198692, 0.919667, 0.896457, 0.92662, 0.910156
1.46205, 24.2834, 0.538032, 0.4, 0.00197073, 0.919655, 0.896459, 0.926629, 0.910163
1.46305, 24.3187, 0.538403, 0.4, 0.00195449, 0.919643, 0.89646, 0.926639, 0.910169
1.46405, 24.3538, 0.538769, 0.4, 0.00193821, 0.91963, 0.896462, 0.926648, 0.910176
1.46505, 24.3885, 0.53913, 0.4, 0.00192188, 0.919618, 0.896463, 0.926657, 0.910182
1.46605, 24.4229, 0.539485, 0.4, 0.00190552, 0.919606, 0.896465, 0.926666, 0.910188
1.46705, 24.4571, 0.539836, 0.4, 0.00188912, 0.919594, 0.896466, 0.926674, 0.910194
1.46805, 24.491, 0.540181, 0.4, 0.00187267, 0.919582, 0.896467, 0.926683, 0.9102
1.46905, 24.5245, 0.540521, 0.4, 0.00185619, 0.91957, 0.896468, 0.926691, 0.910206
1.47005, 24.5578, 0.540856, 0.4, 0.00183967, 0.919558, 0.896469, 0.926699, 0.910211
1.47105, 24.5907, 0.541186, 0.4, 0.00182311, 0.919547, 0.89647, 0.926707, 0.910217
1.47205, 24.6234, 0.541511, 0.4, 0.00180651, 0.919535, 0.896471, 0.926715, 0.910222
1.47305, 24.6558, 0.54183, 0.4, 0.00178987, 0.919524, 0.896471, 0.926722, 0.910227
1.47405, 24.6878, 0.542145, 0.4, 0.0017732, 0.919512, 0.896472, 0.92673, 0.910232
1.47505, 24.7196, 0.542454, 0.4, 0.0017565, 0.919501, 0.896472, 0.926737, 0.910237
1.47605, 24.7511, 0.542758, 0.4, 0.00173976, 0.919489, 0.896473, 0.926744, 0.910241
1.47705, 24.7822, 0.543057, 0.4, 0.00172298, 0.919478, 0.896473, 0.926751, 0.910246
1.47805, 24.8131, 0.543351, 0.4, 0.00170617, 0.919467, 0.896473, 0.926757, 0.91025
1.47905, 24.8437, 0.543639, 0.4, 0.00168933, 0.919456, 0.896474, 0.926764, 0.910254
1.48005, 24.8739, 0.543923, 0.4, 0.00167245, 0.919445, 0.896474, 0.92677, 0.910259
1.48105, 24.9039, 0.544201, 0.4, 0.00165554, 0.919434, 0.896474, 0.926776, 0.910263
1.48205, 24.9335, 0.544474, 0.4, 0.00163861, 0.919424, 0.896474, 0.926783, 0.910266
1.48305, 24.9629, 0.544742, 0.4, 0.00162164, 0.919413, 0.896474, 0.926788, 0.91027
1.48405, 24.9919, 0.545004, 0.4, 0.00160464, 0.919403, 0.896474, 0.926794, 0.910274
1.48505, 25.0206, 0.545262, 0.4, 0.00158761, 0.919392, 0.896473, 0.9268, 0.910277
1.48605, 25.0491, 0.545514, 0.4, 0.00157055, 0.919382, 0.896473, 0.926805, 0.91028
1.48705, 25.0772, 0.545761, 0.4, 0.00155346, 0.919372, 0.896473, 0.92681, 0.910284
1.48805, 25.105, 0.546003, 0.4, 0.00153635, 0.919362, 0.896472, 0.926815, 0.910287
1.48905, 25.1325, 0.54624, 0.4, 0.0015192, 0.919352, 0.896472, 0.92682, 0.91029
1.49005, 25.1597, 0.546471, 0.4, 0.00150204, 0.919342, 0.896471, 0.926825, 0.910293
1.49105, 25.1866, 0.546697, 0.4, 0.00148484, 0.919333, 0.896471, 0.92683, 0.910295
1.49205, 25.2131, 0.546919, 0.4, 0.00146762, 0.919323, 0.89647, 0.926834, 0.910298
1.49305, 25.2394, 0.547134, 0.4, 0.00145038, 0.919313, 0.896469, 0.926838, 0.9103
1.49405, 25.2653, 0.547345, 0.4, 0.00143311, 0.919304, 0.896468, 0.926842, 0.910303
1.49505, 25.291, 0.547551, 0.4, 0.00141582, 0.919295, 0.896468, 0.926846, 0.910305
1.49605, 25.3163, 0.547751, 0.4, 0.0013985, 0.919286, 0.896467, 0.92685, 0.910307
1.49705, 25.3413, 0.547946, 0.4, 0.00138116, 0.919277, 0.896466, 0.926854, 0.910309
1.49805, 25.366, 0.548136, 0.4, 0.00136381, 0.919268, 0.896465, 0.926857, 0.910311
1.49905, 25.3904, 0.548321, 0.4, 0.00134643, 0.919259, 0.896464, 0.926861, 0.910312
1.50005, 25.4145, 0.5485, 0.4, 0.00132903, 0.91925, 0.896463, 0.926864, 0.910314
1.50105, 25.4383, 0.548675, 0.4, 0.00131161, 0.919242, 0.896461, 0.926867, 0.910315
1.50205, 25.4617, 0.548844, 0.4, 0.00129417, 0.919233, 0.89646, 0.92687, 0.910317
1.50305, 25.4849, 0.549008, 0.4, 0.00127671, 0.919225, 0.896459, 0.926873, 0.910318
1.50405, 25.5077, 0.549166, 0.4, 0.00125923, 0.919217, 0.896458, 0.926875, 0.910319
1.50505, 25.5302, 0.54932, 0.4, 0.00124174, 0.919209, 0.896456, 0.926878, 0.91032
1.50605, 25.5524, 0.549469, 0.4, 0.00122423, 0.919201, 0.896455, 0.92688, 0.910321
1.50705, 25.5743, 0.549612, 0.4, 0.0012067, 0.919193, 0.896453, 0.926882, 0.910322
1.50805, 25.5958, 0.54975, 0.4, 0.00118916, 0.919186, 0.896452, 0.926884, 0.910322
1.50905, 25.6171, 0.549883, 0.4, 0.0011716, 0.919178, 0.89645, 0.926886, 0.910323
1.51005, 25.638, 0.55001, 0.4, 0.00115403, 0.919171, 0.896449, 0.926888, 0.910324
1.51105, 25.6586, 0.550133, 0.4, 0.00113644, 0.919164, 0.896447, 0.92689, 0.910324
1.51205, 25.6789, 0.55025, 0.4, 0.00111885, 0.919157, 0.896446, 0.926891, 0.910324
1.51305, 25.6989, 0.550362, 0.4, 0.00110123, 0.91915, 0.896444, 0.926892, 0.910324
1.51405, 25.7186, 0.550469, 0.4, 0.00108361, 0.919143, 0.896442, 0.926894, 0.910324
1.51505, 25.7379, 0.550571, 0.4, 0.00106598, 0.919136, 0.89644, 0.926895, 0.910324
1.51605, 25.7569, 0.550667, 0.4, 0.00104833, 0.91913, 0.896439, 0.926895, 0.910324
1.51705, 25.7756, 0.550759, 0.4, 0.00103068, 0.919123, 0.896437, 0.926896, 0.910324
1.51805, 25.794, 0.550845, 0.4, 0.00101301, 0.919117, 0.896435, 0.926897, 0.910323
1.51905, 25.8121, 0.550926, 0.4, 0.000995336, 0.919111, 0.896433, 0.926897, 0.910323
1.52005, 25.8299, 0.551002, 0.4, 0.000977654, 0.919105, 0.896431, 0.926898, 0.910322
1.52105, 25.8473, 0.551073, 0.4, 0.000959964, 0.919099, 0.896429, 0.926898, 0.910322
1.52205, 25.8644, 0.551139, 0.4, 0.000942267, 0.919093, 0.896427, 0.926898, 0.910321
1.52305, 25.8812, 0.551199, 0.4, 0.000924563, 0.919088, 0.896425, 0.926898, 0.91032
1.52405, 25.8977, 0.551255, 0.4, 0.000906853, 0.919082, 0.896423, 0.926898, 0.910319
1.52505, 25.9139, 0.551305, 0.4, 0.000889138, 0.919077, 0.896421, 0.926897, 0.910318
1.52605, 25.9297, 0.55135, 0.4, 0.000871418, 0.919072, 0.896419, 0.926897, 0.910317
1.52705, 25.9453, 0.55139, 0.4, 0.000853694, 0.919067, 0.896416, 0.926896, 0.910315
1.52805, 25.9605, 0.551425, 0.4, 0.000835967, 0.919062, 0.896414, 0.926895, 0.910314
1.52905, 25.9753, 0.551455, 0.4, 0.000818236, 0.919057, 0.896412, 0.926895, 0.910313
1.53005, 25.9899, 0.551479, 0.4, 0.000800503, 0.919053, 0.896409, 0.926894, 0.910311
1.53105, 26.0042, 0.551499, 0.4, 0.000782769, 0.919049, 0.896407, 0.926892, 0.910309
1.53205, 26.0181, 0.551514, 0.4, 0.000765033, 0.919044, 0.896405, 0.926891, 0.910308
1.53305, 26.0317, 0.551523, 0.4, 0.000747297, 0.91904, 0.896402, 0.92689, 0.910306
1.53405, 26.045, 0.551528, 0.4, 0.00072956, 0.919036, 0.8964, 0.926888, 0.910304
1.53505, 26.058, 0.551527, 0.4, 0.000711825, 0.919033, 0.896398, 0.926887, 0.910302
1.53605, 26.0706, 0.551521, 0.4, 0.00069409, 0.919029, 0.896395, 0.926885, 0.9103
1.53705, 26.083, 0.55151, 0.4, 0.000676357, 0.919025, 0.896393, 0.926883, 0.910297
1.53805, 26.095, 0.551495, 0.4, 0.000658627, 0.919022, 0.89639, 0.926881, 0.910295
1.53905, 26.1067, 0.551474, 0.4, 0.0006409, 0.919019, 0.896388, 0.926879, 0.910293
1.54005, 26.118, 0.551448, 0.4, 0.000623176, 0.919016, 0.896385, 0.926877, 0.91029
1.54105, 26.1291, 0.551417, 0.4, 0.000605456, 0.919013, 0.896383, 0.926874, 0.910288
1.54205, 26.1398, 0.551381, 0.4, 0.000587741, 0.91901, 0.89638, 0.926872, 0.910285
1.54305, 26.1503, 0.55134, 0.4, 0.000570032, 0.919008, 0.896377, 0.926869, 0.910282
1.54405, 26.1604, 0.551294, 0.4, 0.000552328, 0.919005, 0.896375, 0.926866, 0.910279
1.54505, 26.1701, 0.551243, 0.4, 0.000534631, 0.919003, 0.896372, 0.926863, 0.910276
1.54605, 26.1796, 0.551186, 0.4, 0.000516941, 0.919001, 0.896369, 0.92686, 0.910273
1.54705, 26.1888, 0.551126, 0.4, 0.000499258, 0.918999, 0.896366, 0.926857, 0.91027
1.54805, 26.1976, 0.551059, 0.4, 0.000481584, 0.918997, 0.896364, 0.926854, 0.910267
1.54905, 26.2061, 0.550988, 0.4, 0.000463919, 0.918995, 0.896361, 0.92685, 0.910263
1.55005, 26.2143, 0.550913, 0.4, 0.000446263, 0.918994, 0.896358, 0.926846, 0.91026
1.55105, 26.2222, 0.550832, 0.4, 0.000428617, 0.918992, 0.896355, 0.926843, 0.910256
1.55205, 26.2297, 0.550746, 0.4, 0.000410981, 0.918991, 0.896352, 0.926839, 0.910253
1.55305, 26.237, 0.550655, 0.4, 0.000393357, 0.91899, 0.896349, 0.926835, 0.910249
1.55405, 26.2439, 0.550559, 0.4, 0.000375744, 0.918989, 0.896346, 0.926831, 0.910245
1.55505, 26.2505, 0.550459, 0.4, 0.000358144, 0.918988, 0.896343, 0.926827, 0.910241
1.55605, 26.2568, 0.550353, 0.4, 0.000340557, 0.918988, 0.89634, 0.926822, 0.910237
1.55705, 26.2627, 0.550243, 0.4, 0.000322983, 0.918987, 0.896337, 0.926818, 0.910233
1.55805, 26.2684, 0.550128, 0.4, 0.000305423, 0.918987, 0.896334, 0.926813, 0.910229
1.55905, 26.2737, 0.550007, 0.4, 0.000287877, 0.918986, 0.896331, 0.926809, 0.910225
1.56005, 26.2788, 0.549882, 0.4, 0.000270347, 0.918986, 0.896328, 0.926804, 0.910221
1.56105, 26.2835, 0.549753, 0.4, 0.000252833, 0.918987, 0.896325, 0.926799, 0.910216
1.56205, 26.2879, 0.549618, 0.4, 0.000235334, 0.918987, 0.896322, 0.926794, 0.910212
1.56305, 26.2919, 0.549478, 0.4, 0.000217853, 0.918987, 0.896319, 0.926789, 0.910207
1.56405, 26.2957, 0.549334, 0.4, 0.000200389, 0.918988, 0.896316, 0.926783, 0.910202
1.56505, 26.2992, 0.549185, 0.4, 0.000182943, 0.918988, 0.896312, 0.926778, 0.910197
1.56605, 26.3023, 0.549031, 0.4, 0.000165515, 0.918989, 0.896309, 0.926772, 0.910193
1.56705, 26.3051, 0.548872, 0.4, 0.000148107, 0.91899, 0.896306, 0.926767, 0.910188
1.56805, 26.3076, 0.548709, 0.4, 0.000130718, 0.918991, 0.896303, 0.926761, 0.910183
1.56905, 26.3098, 0.54854, 0.4, 0.000113349, 0.918993, 0.896299, 0.926755, 0.910177
1.57005, 26.3117, 0.548367, 0.4, 9.60013e-05, 0.918994, 0.896296, 0.926749, 0.910172
1.57105, 26.3133, 0.548189, 0.4, 7.86747e-05, 0.918996, 0.896293, 0.926743, 0.910167
1.57205, 26.3145, 0.548007, 0.4, 6.137e-05, 0.918997, 0.896289, 0.926736, 0.910161
1.57305, 26.3155, 0.54782, 0.4, 4.40877e-05, 0.918999, 0.896286, 0.92673, 0.910156
1.57405, 26.3161, 0.547627, 0.4, 2.68283e-05, 0.919001, 0.896282, 0.926723, 0.91015
1.57505, 26.3164, 0.547431, 0.4, 9.59249e-06, 0.919003, 0.896279, 0.926717, 0.910145
1.57605, 26.3165, 0.547229, 0.4, -7.61927e-06, 0.919005, 0.896275, 0.92671, 0.910139
1.57705, 26.3162, 0.547023, 0.4, -2.48064e-05, 0.919008, 0.896272, 0.926703, 0.910133
1.57805, 26.3156, 0.546812, 0.4, -4.19685e-05, 0.91901, 0.896268, 0.926696, 0.910127
1.57905, 26.3147, 0.546597, 0.4, -5.91048e-05, 0.919013, 0.896265, 0.926688, 0.910121
1.58005, 26.3134, 0.546377, 0.4, -7.62148e-05, 0.919016, 0.896261, 0.926681, 0.910115
1.58105, 26.3119, 0.546152, 0.4, -9.32981e-05, 0.919019, 0.896257, 0.926674, 0.910108
1.58205, 26.3101, 0.545923, 0.4, -0.000110354, 0.919022, 0.896254, 0.926666, 0.910102
1.58305, 26.3079, 0.545689, 0.4, -0.000127382, 0.919025, 0.89625, 0.926659, 0.910096
1.58405, 26.3055, 0.545451, 0.4, -0.000144382, 0.919028, 0.896246, 0.926651, 0.910089
1.58505, 26.3028, 0.545208, 0.4, -0.000161353, 0.919032, 0.896242, 0.926643, 0.910083
1.58605, 26.2997, 0.54496, 0.4, -0.000178294, 0.919036, 0.896239, 0.926635, 0.910076
1.58705, 26.2963, 0.544708, 0.4, -0.000195206, 0.919039, 0.896235, 0.926627, 0.910069
1.58805, 26.2927, 0.544451, 0.4, -0.000212086, 0.919043, 0.896231, 0.926618, 0.910062
1.58905, 26.2887, 0.54419, 0.4, -0.000228936, 0.919047, 0.896227, 0.92661, 0.910055
1.59005, 26.2844, 0.543924, 0.4, -0.000245755, 0.919051, 0.896223, 0.926601, 0.910048
1.59105, 26.2799, 0.543654, 0.4, -0.000262541, 0.919056, 0.896219, 0.926593, 0.910041
1.59205, 26.275, 0.54338, 0.4, -0.000279294, 0.91906, 0.896215, 0.926584, 0.910033
1.59305, 26.2698, 0.5431, 0.4, -0.000296015, 0.919064, 0.896211, 0.926575, 0.910026
1.59405, 26.2643, 0.542817, 0.4, -0.000312702, 0.919069, 0.896206, 0.926566, 0.910019
1.59505, 26.2585, 0.542529, 0.4, -0.000329354, 0.919074, 0.896202, 0.926556, 0.910011
1.59605, 26.2525, 0.542236, 0.4, -0.000345972, 0.919079, 0.896198, 0.926547, 0.910003
1.59705, 26.2461, 0.541939, 0.4, -0.000362555, 0.919084, 0.896194, 0.926538, 0.909996
1.59805, 26.2394, 0.541638, 0.4, -0.000379102, 0.919089, 0.89619, 0.926528, 0.909988
1.59905, 26.2324, 0.541333, 0.4, -0.000395613, 0.919094, 0.896185, 0.926518, 0.90998
1.60005, 26.2252, 0.541023, 0.4, -0.000412087, 0.919099, 0.896181, 0.926508, 0.909972
1.60105, 26.2176, 0.540709, 0.4, -0.000428524, 0.919105, 0.896176, 0.926498, 0.909963
1.60205, 26.2097, 0.54039, 0.4, -0.000444923, 0.91911, 0.896172, 0.926488, 0.909955
1.60305, 26.2016, 0.540067, 0.4, -0.000461284, 0.919116, 0.896167, 0.926478, 0.909947
1.60405, 26.1931, 0.53974, 0.4, -0.000477606, 0.919122, 0.896163, 0.926468, 0.909938
1.60505, 26.1844, 0.539408, 0.4, -0.000493889, 0.919128, 0.896158, 0.926457, 0.90993
1.60605, 26.1754, 0.539073, 0.4, -0.000510132, 0.919134, 0.896154, 0.926447, 0.909921
1.60705, 26.166, 0.538733, 0.4, -0.000526335, 0.91914, 0.896149, 0.926436, 0.909912
1.60805, 26.1564, 0.538388, 0.4, -0.000542497, 0.919146, 0.896144, 0.926425, 0.909903
1.60905, 26.1465, 0.53804, 0.4, -0.000558618, 0.919153, 0.896139, 0.926414, 0.909894
1.61005, 26.1363, 0.537687, 0.4, -0.000574698, 0.919159, 0.896134, 0.926403, 0.909885
1.61105, 26.1258, 0.537331, 0.4, -0.000590735, 0.919166, 0.896129, 0.926391, 0.909876
1.61205, 26.115, 0.53697, 0.4, -0.000606729, 0.919172, 0.896125, 0.92638, 0.909867
1.61305, 26.104, 0.536605, 0.4, -0.000622681, 0.919179, 0.896119, 0.926369, 0.909857
1.61405, 26.0926, 0.536235, 0.4, -0.000638588, 0.919186, 0.896114, 0.926357, 0.909848
1.61505, 26.081, 0.535862, 0.4, -0.000654452, 0.919193, 0.896109, 0.926345, 0.909838
1.61605, 26.069, 0.535485, 0.4, -0.000670271, 0.9192, 0.896104, 0.926333, 0.909828
1.61705, 26.0568, 0.535103, 0.4, -0.000686045, 0.919207, 0.896099, 0.926321, 0.909818
1.61805, 26.0443, 0.534718, 0.4, -0.000701773, 0.919214, 0.896094, 0.926309, 0.909808
1.61905, 26.0316, 0.534328, 0.4, -0.000717455, 0.919222, 0.896088, 0.926296, 0.909798
1.62005, 26.0185, 0.533935, 0.4, -0.000733091, 0.919229, 0.896083, 0.926284, 0.909788
1.62105, 26.0052, 0.533537, 0.4, -0.00074868, 0.919237, 0.896077, 0.926271, 0.909778
1.62205, 25.9916, 0.533135, 0.4, -0.000764222, 0.919244, 0.896072, 0.926259, 0.909767
1.62305, 25.9777, 0.53273, 0.4, -0.000779715, 0.919252, 0.896066, 0.926246, 0.909757
1.62405, 25.9635, 0.53232, 0.4, -0.000795161, 0.91926, 0.89606, 0.926233, 0.909746
1.62505, 25.949, 0.531907, 0.4, -0.000810557, 0.919267, 0.896055, 0.926219, 0.909736
1.62605, 25.9343, 0.53149, 0.4, -0.000825904, 0.919276, 0.896049, 0.926206, 0.909725
1.62705, 25.9193, 0.531068, 0.4, -0.000841202, 0.919283, 0.896043, 0.926193, 0.909714
1.62805, 25.904, 0.530643, 0.4, -0.000856449, 0.919292, 0.896037, 0.926179, 0.909703
1.62905, 25.8885, 0.530214, 0.4, -0.000871646, 0.9193, 0.896031, 0.926165, 0.909691
1.63005, 25.8727, 0.529782, 0.4, -0.000886792, 0.919308, 0.896025, 0.926151, 0.90968
1.63105, 25.8566, 0.529345, 0.4, -0.000901886, 0.919316, 0.896019, 0.926137, 0.909669
1.63205, 25.8402, 0.528905, 0.4, -0.000916929, 0.919324, 0.896013, 0.926123, 0.909657
1.63305, 25.8235, 0.528461, 0.4, -0.000931919, 0.919333, 0.896006, 0.926109, 0.909645
1.63405, 25.8066, 0.528013, 0.4, -0.000946856, 0.919342, 0.896, 0.926095, 0.909633
1.63505, 25.7895, 0.527561, 0.4, -0.00096174, 0.91935, 0.895993, 0.92608, 0.909621
1.63605, 25.772, 0.527106, 0.4, -0.00097657, 0.919359, 0.895987, 0.926065, 0.909609
1.63705, 25.7543, 0.526646, 0.4, -0.000991346, 0.919367, 0.89598, 0.92605, 0.909597
1.63805, 25.7363, 0.526184, 0.4, -0.00100607, 0.919376, 0.895974, 0.926035, 0.909585
1.63905, 25.7181, 0.525717, 0.4, -0.00102073, 0.919385, 0.895967, 0.92602, 0.909572
1.64005, 25.6996, 0.525247, 0.4, -0.00103535, 0.919394, 0.89596, 0.926005, 0.90956
1.64105, 25.6808, 0.524774, 0.4, -0.0010499, 0.919403, 0.895953, 0.92599, 0.909547
1.64205, 25.6618, 0.524296, 0.4, -0.0010644, 0.919412, 0.895946, 0.925974, 0.909534
1.64305, 25.6425, 0.523815, 0.4, -0.00107884, 0.919421, 0.895939, 0.925958, 0.909522
1.64405, 25.6229, 0.523331, 0.4, -0.00109323, 0.91943, 0.895932, 0.925942, 0.909508
1.64505, 25.6031, 0.522843, 0.4, -0.00110756, 0.919439, 0.895925, 0.925926, 0.909495
1.64605, 25.5831, 0.522352, 0.4, -0.00112183, 0.919448, 0.895917, 0.92591, 0.909482
1.64705, 25.5627, 0.521857, 0.4, -0.00113604, 0.919457, 0.89591, 0.925894, 0.909469
1.64805, 25.5422, 0.521358, 0.4, -0.00115019, 0.919466, 0.895902, 0.925878, 0.909455
1.64905, 25.5213, 0.520856, 0.4, -0.00116429, 0.919476, 0.895895, 0.925861, 0.909441
1.65005, 25.5003, 0.520351, 0.4, -0.00117832, 0.919485, 0.895887, 0.925844, 0.909427
1.65105, 25.4789, 0.519842, 0.4, -0.0011923, 0.919494, 0.895879, 0.925827, 0.909413
1.65205, 25.4573, 0.51933, 0.4, -0.00120621, 0.919504, 0.895871, 0.92581, 0.909399
1.65305, 25.4355, 0.518815, 0.4, -0.00122006, 0.919513, 0.895863, 0.925793, 0.909385
1.65405, 25.4134, 0.518296, 0.4, -0.00123386, 0.919523, 0.895855, 0.925776, 0.909371
1.65505, 25.3911, 0.517774, 0.4, -0.00124759, 0.919532, 0.895847, 0.925758, 0.909356
1.65605, 25.3685, 0.517248, 0.4, -0.00126126, 0.919542, 0.895839, 0.925741, 0.909342
1.65705, 25.3457, 0.51672, 0.4, -0.00127486, 0.919551, 0.89583, 0.925723, 0.909327
1.65805, 25.3226, 0.516188, 0.4, -0.00128841, 0.919561, 0.895822, 0.925705, 0.909312
1.65905, 25.2993, 0.515652, 0.4, -0.00130189, 0.919571, 0.895813, 0.925687, 0.909297
1.66005, 25.2757, 0.515114, 0.4, -0.00131531, 0.91958, 0.895805, 0.925669, 0.909282
1.66105, 25.2519, 0.514572, 0.4, -0.00132866, 0.91959, 0.895796, 0.92565, 0.909266
1.66205, 25.2279, 0.514027, 0.4, -0.00134195, 0.919599, 0.895787, 0.925632, 0.909251
1.66305, 25.2036, 0.513479, 0.4, -0.00135518, 0.919609, 0.895778, 0.925613, 0.909235
1.66405, 25.1791, 0.512928, 0.4, -0.00136834, 0.919619, 0.895769, 0.925594, 0.909219
1.66505, 25.1544, 0.512374, 0.4, -0.00138144, 0.919628, 0.89576, 0.925575, 0.909204
1.66605, 25.1294, 0.511817, 0.4, -0.00139447, 0.919638, 0.89575, 0.925556, 0.909187
1.66705, 25.1042, 0.511256, 0.4, -0.00140743, 0.919648, 0.895741, 0.925537, 0.909171
1.66805, 25.0787, 0.510693, 0.4, -0.00142033, 0.919657, 0.895731, 0.925517, 0.909155
1.66905, 25.053, 0.510127, 0.4, -0.00143316, 0.919667, 0.895721, 0.925498, 0.909138
1.67006, 25.0271, 0.509557, 0.4, -0.00144593, 0.919677, 0.895712, 0.925478, 0.909122
1.67106, 25.001, 0.508985, 0.4, -0.00145862, 0.919686, 0.895702, 0.925458, 0.909105
1.67206, 24.9746, 0.50841, 0.4, -0.00147125, 0.919696, 0.895692, 0.925438, 0.909088
1.67306, 24.948, 0.507832, 0.4, -0.00148382, 0.919706, 0.895682, 0.925418, 0.909071
1.67406, 24.9212, 0.50725, 0.4, -0.00149631, 0.919715, 0.895672, 0.925397, 0.909054
1.67506, 24.8941, 0.506666, 0.4, -0.00150873, 0.919725, 0.895661, 0.925377, 0.909037
1.67606, 24.8669, 0.50608, 0.4, -0.00152109, 0.919735, 0.895651, 0.925356, 0.909019
1.67706, 24.8394, 0.50549, 0.4, -0.00153338, 0.919744, 0.89564, 0.925335, 0.909001
1.67806, 24.8117, 0.504897, 0.4, -0.00154559, 0.919754, 0.895629, 0.925314, 0.908984
1.67906, 24.7837, 0.504302, 0.4, -0.00155774, 0.919764, 0.895618, 0.925293, 0.908966
1.68006, 24.7556, 0.503704, 0.4, -0.00156982, 0.919773, 0.895608, 0.925271, 0.908948
1.68106, 24.7272, 0.503103, 0.4, -0.00158183, 0.919783, 0.895596, 0.92525, 0.908929
1.68206, 24.6987, 0.5025, 0.4, -0.00159376, 0.919792, 0.895585, 0.925228, 0.908911
1.68306, 24.6699, 0.501894, 0.4, -0.00160562, 0.919802, 0.895574, 0.925206, 0.908892
1.68406, 24.6408, 0.501285, 0.4, -0.00161742, 0.919811, 0.895562, 0.925184, 0.908873
1.68506, 24.6116, 0.500674, 0.4, -0.00162914, 0.919821, 0.895551, 0.925162, 0.908855
1.68606, 24.5822, 0.500059, 0.4, -0.00164079, 0.91983, 0.895539, 0.92514, 0.908836
1.68706, 24.5526, 0.499443, 0.4, -0.00165236, 0.919839, 0.895527, 0.925118, 0.908816
1.68806, 24.5227, 0.498824, 0.4, -0.00166387, 0.919849, 0.895515, 0.925095, 0.908797
1.68906, 24.4927, 0.498202, 0.4, -0.0016753, 0.919858, 0.895503, 0.925072, 0.908778
1.69006, 24.4624, 0.497578, 0.4, -0.00168665, 0.919867, 0.895491, 0.925049, 0.908758
1.69106, 24.4319, 0.496951, 0.4, -0.00169794, 0.919876, 0.895478, 0.925026, 0.908738
1.69206, 24.4013, 0.496322, 0.4, -0.00170915, 0.919886, 0.895466, 0.925003, 0.908718
1.69306, 24.3704, 0.49569, 0.4, -0.00172028, 0.919895, 0.895453, 0.924979, 0.908698
1.69406, 24.3393, 0.495056, 0.4, -0.00173134, 0.919904, 0.89544, 0.924956, 0.908678
1.69506, 24.3081, 0.49442, 0.4, -0.00174233, 0.919913, 0.895427, 0.924932, 0.908657
1.69606, 24.2766, 0.493781, 0.4, -0.00175324, 0.919922, 0.895414, 0.924908, 0.908637
1.69706, 24.245, 0.49314, 0.4, -0.00176408, 0.919931, 0.895401, 0.924884, 0.908616
1.69806, 24.2131, 0.492496, 0.4, -0.00177484, 0.91994, 0.895388, 0.92486, 0.908595
1.69906, 24.1811, 0.49185, 0.4, -0.00178552, 0.919948, 0.895374, 0.924835, 0.908574
1.70006, 24.1488, 0.491202, 0.4, -0.00179613, 0.919957, 0.89536, 0.924811, 0.908552
1.70106, 24.1164, 0.490552, 0.4, -0.00180666, 0.919966, 0.895347, 0.924786, 0.908531
1.70206, 24.0838, 0.4899, 0.4, -0.00181712, 0.919975, 0.895333, 0.924761, 0.908509
1.70306, 24.051, 0.489245, 0.4, -0.0018275, 0.919983, 0.895319, 0.924736, 0.908488
1.70406, 24.018, 0.488588, 0.4, -0.0018378, 0.919992, 0.895304, 0.924711, 0.908466
1.70506, 23.9848, 0.487929, 0.4, -0.00184802, 0.92, 0.89529, 0.924685, 0.908444
1.70606, 23.9515, 0.487268, 0.4, -0.00185817, 0.920008, 0.895275, 0.92466, 0.908421
1.70706, 23.9179, 0.486605, 0.4, -0.00186824, 0.920017, 0.895261, 0.924634, 0.908399
1.70806, 23.8842, 0.485939, 0.4, -0.00187823, 0.920025, 0.895246, 0.924608, 0.908376
1.70906, 23.8503, 0.485272, 0.4, -0.00188814, 0.920033, 0.895231, 0.924582, 0.908354
1.71006, 23.8162, 0.484603, 0.4, -0.00189798, 0.920041, 0.895216, 0.924556, 0.908331
1.71106, 23.782, 0.483932, 0.4, -0.00190773, 0.920049, 0.8952, 0.92453, 0.908308
1.71206, 23.7476, 0.483258, 0.4, -0.00191741, 0.920057, 0.895185, 0.924503, 0.908284
1.71306, 23.713, 0.482583, 0.4, -0.00192701, 0.920065, 0.895169, 0.924477, 0.908261
1.71406, 23.6782, 0.481906, 0.4, -0.00193652, 0.920073, 0.895154, 0.92445, 0.908237
1.71506, 23.6432, 0.481227, 0.4, -0.00194596, 0.92008, 0.895138, 0.924423, 0.908214
1.71606, 23.6081, 0.480546, 0.4, -0.00195532, 0.920088, 0.895122, 0.924395, 0.90819
1.71706, 23.5729, 0.479864, 0.4, -0.0019646, 0.920095, 0.895106, 0.924368, 0.908166
1.71806, 23.5374, 0.479179, 0.4, -0.0019738, 0.920103, 0.895089, 0.924341, 0.908141
1.71906, 23.5018, 0.478493, 0.4, -0.00198291, 0.92011, 0.895073, 0.924313, 0.908117
1.72006, 23.466, 0.477805, 0.4, -0.00199195, 0.920117, 0.895056, 0.924285, 0.908092
1.72106, 23.4301, 0.477115, 0.4, -0.00200091, 0.920124, 0.895039, 0.924257, 0.908068
1.72206, 23.394, 0.476423, 0.4, -0.00200978, 0.920131, 0.895022, 0.924229, 0.908042
1.72306, 23.3577, 0.47573, 0.4, -0.00201857, 0.920138, 0.895005, 0.9242, 0.908017
1.72406, 23.3213, 0.475035, 0.4, -0.00202729, 0.920145, 0.894987, 0.924172, 0.907992
1.72506, 23.2847, 0.474339, 0.4, -0.00203592, 0.920151, 0.89497, 0.924143, 0.907966
1.72606, 23.248, 0.473641, 0.4, -0.00204446, 0.920158, 0.894952, 0.924114, 0.907941
1.72706, 23.2111, 0.472941, 0.4, -0.00205293, 0.920165, 0.894934, 0.924085, 0.907915
1.72806, 23.1741, 0.47224, 0.4, -0.00206131, 0.920171, 0.894916, 0.924056, 0.907889
1.72906, 23.1369, 0.471537, 0.4, -0.00206962, 0.920177, 0.894898, 0.924027, 0.907863
1.73006, 23.0996, 0.470833, 0.4, -0.00207783, 0.920183, 0.89488, 0.923997, 0.907837
1.73106, 23.0621, 0.470127, 0.4, -0.00208597, 0.920189, 0.894861, 0.923968, 0.90781
1.73206, 23.0245, 0.46942, 0.4, -0.00209402, 0.920195, 0.894843, 0.923938, 0.907784
1.73306, 22.9867, 0.468712, 0.4, -0.00210199, 0.920201, 0.894824, 0.923908, 0.907757
1.73406, 22.9488, 0.468002, 0.4, -0.00210988, 0.920207, 0.894805, 0.923878, 0.90773
1.73506, 22.9108, 0.467291, 0.4, -0.00211769, 0.920212, 0.894786, 0.923847, 0.907703
1.73606, 22.8726, 0.466578, 0.4, -0.00212541, 0.920218, 0.894766, 0.923817, 0.907675
1.73706, 22.8343, 0.465864, 0.4, -0.00213304, 0.920223, 0.894747, 0.923786, 0.907648
1.73806, 22.7958, 0.465149, 0.4, -0.00214059, 0.920228, 0.894727, 0.923756, 0.90762
1.73906, 22.7572, 0.464433, 0.4, -0.00214806, 0.920233, 0.894707, 0.923725, 0.907592
1.74006, 22.7185, 0.463715, 0.4, -0.00215545, 0.920238, 0.894687, 0.923694, 0.907564
1.74106, 22.6796, 0.462996, 0.4, -0.00216275, 0.920243, 0.894667, 0.923662, 0.907536
1.74206, 22.6406, 0.462276, 0.4, -0.00216996, 0.920248, 0.894647, 0.923631, 0.907508
1.74306, 22.6015, 0.461555, 0.4, -0.0021771, 0.920252, 0.894626, 0.923599, 0.907479
1.74406, 22.5622, 0.460833, 0.4, -0.00218414, 0.920257, 0.894606, 0.923568, 0.90745
1.74506, 22.5229, 0.460109, 0.4, -0.0021911, 0.920261, 0.894585, 0.923536, 0.907422
1.74606, 22.4834, 0.459385, 0.4, -0.00219798, 0.920265, 0.894564, 0.923504, 0.907393
1.74706, 22.4437, 0.458659, 0.4, -0.00220477, 0.920269, 0.894543, 0.923472, 0.907363
1.74806, 22.404, 0.457933, 0.4, -0.00221148, 0.920273, 0.894522, 0.923439, 0.907334
1.74906, 22.3641, 0.457205, 0.4, -0.0022181, 0.920277, 0.8945, 0.923407, 0.907304
1.75006, 22.3241, 0.456477, 0.4, -0.00222464, 0.920281, 0.894478, 0.923374, 0.907275
1.75106, 22.284, 0.455748, 0.4, -0.00223109, 0.920284, 0.894457, 0.923341, 0.907245
1.75206, 22.2438, 0.455017, 0.4, -0.00223745, 0.920287, 0.894434, 0.923308, 0.907215
1.75306, 22.2035, 0.454286, 0.4, -0.00224373, 0.920291, 0.894412, 0.923275, 0.907184
1.75406, 22.163, 0.453554, 0.4, -0.00224993, 0.920294, 0.89439, 0.923242, 0.907154
1.75506, 22.1225, 0.452821, 0.4, -0.00225604, 0.920297, 0.894367, 0.923208, 0.907124
1.75606, 22.0818, 0.452087, 0.4, -0.00226206, 0.920299, 0.894345, 0.923175, 0.907093
1.75706, 22.0411, 0.451353, 0.4, -0.00226799, 0.920302, 0.894322, 0.923141, 0.907062
1.75806, 22.0002, 0.450618, 0.4, -0.00227384, 0.920304, 0.894299, 0.923107, 0.907031
1.75906, 21.9592, 0.449882, 0.4, -0.00227961, 0.920307, 0.894275, 0.923073, 0.907
1.76006, 21.9181, 0.449145, 0.4, -0.00228529, 0.920309, 0.894252, 0.923039, 0.906968
1.76106, 21.8769, 0.448408, 0.4, -0.00229088, 0.920311, 0.894229, 0.923005, 0.906937
1.76206, 21.8356, 0.44767, 0.4, -0.00229638, 0.920313, 0.894205, 0.92297, 0.906905
1.76306, 21.7943, 0.446931, 0.4, -0.0023018, 0.920314, 0.894181, 0.922935, 0.906873
1.76406, 21.7528, 0.446192, 0.4, -0.00230713, 0.920316, 0.894157, 0.922901, 0.906841
1.76506, 21.7112, 0.445453, 0.4, -0.00231238, 0.920317, 0.894133, 0.922866, 0.906809
1.76606, 21.6695, 0.444712, 0.4, -0.00231753, 0.920319, 0.894108, 0.922831, 0.906776
1.76706, 21.6278, 0.443971, 0.4, -0.00232261, 0.92032, 0.894083, 0.922795, 0.906744
1.76806, 21.5859, 0.44323, 0.4, -0.00232759, 0.92032, 0.894059, 0.92276, 0.906711
1.76906, 21.544, 0.442488, 0.4, -0.00233249, 0.920321, 0.894034, 0.922724, 0.906678
1.77006, 21.5019, 0.441746, 0.4, -0.0023373, 0.920322, 0.894009, 0.922689, 0.906645
1.77106, 21.4598, 0.441004, 0.4, -0.00234202, 0.920322, 0.893983, 0.922653, 0.906612
1.77206, 21.4176, 0.440261, 0.4, -0.00234666, 0.920322, 0.893958, 0.922617, 0.906579
1.77306, 21.3753, 0.439518, 0.4, -0.00235121, 0.920322, 0.893932, 0.922581, 0.906545
1.77406, 21.333, 0.438774, 0.4, -0.00235567, 0.920322, 0.893907, 0.922545, 0.906511
1.77506, 21.2905, 0.43803, 0.4, -0.00236005, 0.920322, 0.893881, 0.922508, 0.906478
1.77606, 21.248, 0.437286, 0.4, -0.00236434, 0.920322, 0.893854, 0.922472, 0.906443
1.77706, 21.2054, 0.436541, 0.4, -0.00236854, 0.920321, 0.893828, 0.922435, 0.906409
1.77806, 21.1628, 0.435797, 0.4, -0.00237265, 0.92032, 0.893802, 0.922398, 0.906375
1.77906, 21.12, 0.435052, 0.4, -0.00237668, 0.920319, 0.893775, 0.922361, 0.906341
1.78006, 21.0772, 0.434307, 0.4, -0.00238062, 0.920318, 0.893748, 0.922324, 0.906306
1.78106, 21.0343, 0.433562, 0.4, -0.00238447, 0.920317, 0.893721, 0.922287, 0.906271
1.78206, 20.9914, 0.432816, 0.4, -0.00238824, 0.920316, 0.893694, 0.92225, 0.906236
1.78306, 20.9483, 0.432071, 0.4, -0.00239192, 0.920314, 0.893667, 0.922212, 0.906201
1.78406, 20.9052, 0.431326, 0.4, -0.00239551, 0.920312, 0.893639, 0.922175, 0.906166
1.78506, 20.8621, 0.43058, 0.4, -0.00239901, 0.92031, 0.893612, 0.922137, 0.906131
1.78606, 20.8189, 0.429835, 0.4, -0.00240243, 0.920308, 0.893584, 0.922099, 0.906095
1.78706, 20.7756, 0.429089, 0.4, -0.00240576, 0.920306, 0.893556, 0.922061, 0.906059
1.78806, 20.7323, 0.428344, 0.4, -0.002409, 0.920303, 0.893528, 0.922023, 0.906024
1.78906, 20.6889, 0.427599, 0.4, -0.00241215, 0.920301, 0.8935, 0.921985, 0.905988
1.79006, 20.6454, 0.426853, 0.4, -0.00241522, 0.920298, 0.893471, 0.921946, 0.905951
1.79106, 20.6019, 0.426108, 0.4, -0.0024182, 0.920295, 0.893442, 0.921908, 0.905915
1.79206, 20.5584, 0.425363, 0.4, -0.00242109, 0.920292, 0.893414, 0.921869, 0.905879
1.79306, 20.5148, 0.424618, 0.4, -0.0024239, 0.920288, 0.893385, 0.921831, 0.905842
1.79406, 20.4711, 0.423874, 0.4, -0.00242662, 0.920285, 0.893356, 0.921792, 0.905805
1.79506, 20.4274, 0.423129, 0.4, -0.00242925, 0.920281, 0.893326, 0.921753, 0.905769
1.79606, 20.3837, 0.422385, 0.4, -0.0024318, 0.920277, 0.893297, 0.921714, 0.905732
1.79706, 20.3399, 0.421641, 0.4, -0.00243425, 0.920273, 0.893267, 0.921674, 0.905694
1.79806, 20.296, 0.420898, 0.4, -0.00243662, 0.920269, 0.893238, 0.921635, 0.905657
1.79906, 20.2521, 0.420154, 0.4, -0.00243891, 0.920264, 0.893208, 0.921596, 0.90562
1.80006, 20.2082, 0.419411, 0.4, -0.0024411, 0.92026, 0.893178, 0.921556, 0.905582
1.80106, 20.1643, 0.418669, 0.4, -0.00244321, 0.920255, 0.893148, 0.921516, 0.905545
1.80206, 20.1203, 0.417927, 0.4, -0.00244524, 0.92025, 0.893117, 0.921477, 0.905507
1.80306, 20.0762, 0.417185, 0.4, -0.00244717, 0.920245, 0.893087, 0.921437, 0.905469
1.80406, 20.0322, 0.416444, 0.4, -0.00244902, 0.92024, 0.893056, 0.921397, 0.905431
1.80506, 19.9881, 0.415703, 0.4, -0.00245079, 0.920234, 0.893025, 0.921357, 0.905392
1.80606, 19.9439, 0.414963, 0.4, -0.00245246, 0.920228, 0.892994, 0.921316, 0.905354
1.80706, 19.8998, 0.414223, 0.4, -0.00245405, 0.920222, 0.892963, 0.921276, 0.905316
1.80806, 19.8556, 0.413484, 0.4, -0.00245556, 0.920216, 0.892932, 0.921236, 0.905277
1.80906, 19.8114, 0.412745, 0.4, -0.00245697, 0.92021, 0.8929, 0.921195, 0.905238
1.81006, 19.7671, 0.412007, 0.4, -0.0024583, 0.920204, 0.892869, 0.921154, 0.905199
1.81106, 19.7229, 0.41127, 0.4, -0.00245955, 0.920197, 0.892837, 0.921114, 0.90516
1.81206, 19.6786, 0.410533, 0.4, -0.00246071, 0.92019, 0.892805, 0.921073, 0.905121
1.81306, 19.6343, 0.409797, 0.4, -0.00246178, 0.920183, 0.892773, 0.921032, 0.905082
1.81406, 19.59, 0.409062, 0.4, -0.00246276, 0.920176, 0.892741, 0.920991, 0.905043
1.81506, 19.5456, 0.408327, 0.4, -0.00246366, 0.920169, 0.892709, 0.92095, 0.905003
1.81606, 19.5013, 0.407593, 0.4, -0.00246448, 0.920161, 0.892676, 0.920908, 0.904964
1.81706, 19.4569, 0.40686, 0.4, -0.00246521, 0.920153, 0.892644, 0.920867, 0.904924
1.81806, 19.4125, 0.406128, 0.4, -0.00246585, 0.920146, 0.892611, 0.920826, 0.904884
1.81906, 19.3681, 0.405396, 0.4, -0.00246641, 0.920137, 0.892578, 0.920784, 0.904844
1.82006, 19.3237, 0.404666, 0.4, -0.00246688, 0.920129, 0.892545, 0.920743, 0.904804
1.82106, 19.2793, 0.403936, 0.4, -0.00246727, 0.920121, 0.892512, 0.920701, 0.904764
1.82206, 19.2349, 0.403207, 0.4, -0.00246757, 0.920112, 0.892479, 0.920659, 0.904724
1.82306, 19.1905, 0.402479, 0.4, -0.00246779, 0.920103, 0.892446, 0.920617, 0.904683
1.82406, 19.1461, 0.401752, 0.4, -0.00246792, 0.920094, 0.892412, 0.920575, 0.904643
1.82506, 19.1017, 0.401026, 0.4, -0.00246796, 0.920085, 0.892378, 0.920533, 0.904602
1.82606, 19.0572, 0.400301, 0.4, -0.00246792, 0.920076, 0.892345, 0.920491, 0.904562
1.82706, 19.0128, 0.399577, 0.4, -0.0024678, 0.920066, 0.892311, 0.920449, 0.904521
1.82806, 18.9684, 0.398854, 0.4, -0.00246759, 0.920057, 0.892277, 0.920407, 0.90448
1.82906, 18.924, 0.398132, 0.4, -0.0024673, 0.920047, 0.892243, 0.920364, 0.904439
1.83006, 18.8796, 0.397411, 0.4, -0.00246693, 0.920037, 0.892208, 0.920322, 0.904398
1.83106, 18.8352, 0.396691, 0.4, -0.00246647, 0.920027, 0.892174, 0.92028, 0.904357
1.83206, 18.7908, 0.395973, 0.4, -0.00246592, 0.920016, 0.892139, 0.920237, 0.904315
1.83306, 18.7464, 0.395255, 0.4, -0.00246529, 0.920006, 0.892105, 0.920194, 0.904274
1.83406, 18.702, 0.394539, 0.4, -0.00246458, 0.919995, 0.89207, 0.920152, 0.904233
1.83506, 18.6577, 0.393824, 0.4, -0.00246379, 0.919984, 0.892035, 0.920109, 0.904191
1.83606, 18.6133, 0.39311, 0.4, -0.00246291, 0.919973, 0.892, 0.920066, 0.904149
1.83706, 18.569, 0.392397, 0.4, -0.00246195, 0.919961, 0.891965, 0.920023, 0.904108
1.83806, 18.5247, 0.391686, 0.4, -0.0024609, 0.91995, 0.89193, 0.91998, 0.904066
1.83906, 18.4804, 0.390976, 0.4, -0.00245977, 0.919938, 0.891895, 0.919937, 0.904024
1.84006, 18.4361, 0.390267, 0.4, -0.00245856, 0.919926, 0.891859, 0.919894, 0.903982
1.84106, 18.3919, 0.38956, 0.4, -0.00245727, 0.919914, 0.891823, 0.919851, 0.90394
1.84206, 18.3477, 0.388854, 0.4, -0.00245589, 0.919902, 0.891788, 0.919808, 0.903898
1.84306, 18.3035, 0.388149, 0.4, -0.00245443, 0.91989, 0.891752, 0.919765, 0.903856
1.84406, 18.2593, 0.387446, 0.4, -0.00245289, 0.919877, 0.891716, 0.919722, 0.903813
1.84506, 18.2152, 0.386745, 0.4, -0.00245127, 0.919864, 0.89168, 0.919678, 0.903771
1.84606, 18.1711, 0.386044, 0.4, -0.00244957, 0.919852, 0.891644, 0.919635, 0.903729
1.84706, 18.127, 0.385345, 0.4, -0.00244778, 0.919839, 0.891608, 0.919592, 0.903686
1.84806, 18.0829, 0.384648, 0.4, -0.00244591, 0.919825, 0.891572, 0.919548, 0.903644
1.84906, 18.0389, 0.383952, 0.4, -0.00244397, 0.919812, 0.891535, 0.919505, 0.903601
1.85006, 17.995, 0.383258, 0.4, -0.00244194, 0.919798, 0.891499, 0.919461, 0.903558
1.85106, 17.951, 0.382565, 0.4, -0.00243982, 0.919785, 0.891462, 0.919418, 0.903515
1.85206, 17.9071, 0.381874, 0.4, -0.00243763, 0.919771, 0.891426, 0.919374, 0.903473
1.85306, 17.8633, 0.381184, 0.4, -0.00243536, 0.919757, 0.891389, 0.91933, 0.90343
1.85406, 17.8195, 0.380496, 0.4, -0.00243301, 0.919742, 0.891352, 0.919287, 0.903387
1.85506, 17.7757, 0.37981, 0.4, -0.00243058, 0.919728, 0.891315, 0.919243, 0.903344
1.85606, 17.732, 0.379125, 0.4, -0.00242806, 0.919714, 0.891278, 0.919199, 0.903301
1.85706, 17.6883, 0.378442, 0.4, -0.00242547, 0.919699, 0.891241, 0.919156, 0.903258
1.85806, 17.6446, 0.377761, 0.4, -0.0024228, 0.919684, 0.891204, 0.919112, 0.903214
1.85906, 17.6011, 0.377082, 0.4, -0.00242005, 0.919669, 0.891167, 0.919068, 0.903171
1.86006, 17.5575, 0.376404, 0.4, -0.00241722, 0.919654, 0.891129, 0.919024, 0.903128
1.86106, 17.514, 0.375728, 0.4, -0.00241431, 0.919638, 0.891092, 0.91898, 0.903085
1.86206, 17.4706, 0.375054, 0.4, -0.00241132, 0.919623, 0.891054, 0.918937, 0.903041
1.86306, 17.4272, 0.374382, 0.4, -0.00240825, 0.919607, 0.891017, 0.918893, 0.902998
1.86406, 17.3839, 0.373711, 0.4, -0.00240511, 0.919591, 0.890979, 0.918849, 0.902955
1.86506, 17.3406, 0.373042, 0.4, -0.00240189, 0.919575, 0.890941, 0.918805, 0.902911
1.86606, 17.2974, 0.372375, 0.4, -0.00239859, 0.919559, 0.890904, 0.918761, 0.902868
1.86706, 17.2543, 0.371711, 0.4, -0.00239521, 0.919543, 0.890866, 0.918717, 0.902824
1.86806, 17.2112, 0.371048, 0.4, -0.00239175, 0.919526, 0.890828, 0.918673, 0.902781
1.86906, 17.1682, 0.370387, 0.4, -0.00238822, 0.91951, 0.89079, 0.918629, 0.902737
1.87006, 17.1252, 0.369728, 0.4, -0.00238461, 0.919493, 0.890752, 0.918585, 0.902694
1.87106, 17.0823, 0.369071, 0.4, -0.00238092, 0.919476, 0.890714, 0.918541, 0.90265
1.87206, 17.0395, 0.368415, 0.4, -0.00237716, 0.919459, 0.890676, 0.918498, 0.902606
1.87306, 16.9968, 0.367763, 0.4, -0.00237332, 0.919442, 0.890638, 0.918454, 0.902563
1.87406, 16.9541, 0.367111, 0.4, -0.0023694, 0.919424, 0.8906, 0.91841, 0.902519
1.87506, 16.9115, 0.366462, 0.4, -0.00236541, 0.919407, 0.890561, 0.918366, 0.902475
1.87606, 16.8689, 0.365815, 0.4, -0.00236135, 0.919389, 0.890523, 0.918322, 0.902431
1.87706, 16.8265, 0.36517, 0.4, -0.0023572, 0.919371, 0.890485, 0.918278, 0.902388
1.87806, 16.7841, 0.364528, 0.4, -0.00235299, 0.919353, 0.890446, 0.918234, 0.902344
1.87906, 16.7417, 0.363887, 0.4, -0.0023487, 0.919335, 0.890407, 0.91819, 0.9023
1.88006, 16.6995, 0.363249, 0.4, -0.00234433, 0.919317, 0.890369, 0.918146, 0.902256
1.88106, 16.6573, 0.362612, 0.4, -0.00233989, 0.919299, 0.89033, 0.918102, 0.902213
1.88206, 16.6153, 0.361978, 0.4, -0.00233537, 0.91928, 0.890292, 0.918059, 0.902169
1.88306, 16.5733, 0.361346, 0.4, -0.00233079, 0.919262, 0.890253, 0.918015, 0.902125
1.88407, 16.5314, 0.360716, 0.4, -0.00232613, 0.919243, 0.890215, 0.917971, 0.902081
1.88507, 16.4895, 0.360089, 0.4, -0.00232139, 0.919224, 0.890176, 0.917927, 0.902038
1.88607, 16.4478, 0.359464, 0.4, -0.00231658, 0.919205, 0.890137, 0.917884, 0.901994
1.88707, 16.4061, 0.358841, 0.4, -0.0023117, 0.919186, 0.890098, 0.91784, 0.90195
1.88807, 16.3646, 0.35822, 0.4, -0.00230675, 0.919166, 0.890059, 0.917796, 0.901906
1.88907, 16.3231, 0.357602, 0.4, -0.00230172, 0.919147, 0.890021, 0.917753, 0.901862
1.89007, 16.2817, 0.356986, 0.4, -0.00229663, 0.919127, 0.889982, 0.917709, 0.901819
1.89107, 16.2404, 0.356372, 0.4, -0.00229146, 0.919108, 0.889943, 0.917665, 0.901775
1.89207, 16.1992, 0.355761, 0.4, -0.00228622, 0.919088, 0.889904, 0.917622, 0.901731
1.89307, 16.1581, 0.355152, 0.4, -0.00228091, 0.919068, 0.889865, 0.917578, 0.901688
1.89407, 16.1171, 0.354545, 0.4, -0.00227553, 0.919048, 0.889826, 0.917535, 0.901644
1.89507, 16.0762, 0.353941, 0.4, -0.00227008, 0.919028, 0.889787, 0.917491, 0.9016
1.89607, 16.0354, 0.353339, 0.4, -0.00226455, 0.919007, 0.889748, 0.917448, 0.901557
1.89707, 15.9947, 0.35274, 0.4, -0.00225896, 0.918987, 0.889709, 0.917405, 0.901513
1.89807, 15.9541, 0.352143, 0.4, -0.0022533, 0.918966, 0.88967, 0.917362, 0.90147
1.89907, 15.9135, 0.351549, 0.4, -0.00224757, 0.918946, 0.889631, 0.917318, 0.901426
1.90007, 15.8731, 0.350957, 0.4, -0.00224177, 0.918925, 0.889592, 0.917275, 0.901383
1.90107, 15.8328, 0.350368, 0.4, -0.0022359, 0.918904, 0.889553, 0.917232, 0.901339
1.90207, 15.7926, 0.349781, 0.4, -0.00222996, 0.918883, 0.889514, 0.917189, 0.901296
1.90307, 15.7526, 0.349197, 0.4, -0.00222396, 0.918862, 0.889475, 0.917146, 0.901252
1.90407, 15.7126, 0.348615, 0.4, -0.00221788, 0.918841, 0.889436, 0.917103, 0.901209
1.90507, 15.6727, 0.348036, 0.4, -0.00221174, 0.918819, 0.889397, 0.91706, 0.901166
1.90607, 15.633, 0.34746, 0.4, -0.00220554, 0.918798, 0.889359, 0.917018, 0.901122
1.90707, 15.5933, 0.346886, 0.4, -0.00219926, 0.918776, 0.88932, 0.916975, 0.901079
1.90807, 15.5538, 0.346314, 0.4, -0.00219292, 0.918755, 0.889281, 0.916932, 0.901036
1.90907, 15.5144, 0.345746, 0.4, -0.00218651, 0.918733, 0.889242, 0.91689, 0.900993
1.91007, 15.4751, 0.34518, 0.4, -0.00218004, 0.918711, 0.889203, 0.916847, 0.90095
1.91107, 15.4359, 0.344617, 0.4, -0.0021735, 0.918689, 0.889164, 0.916805, 0.900907
1.91207, 15.3968, 0.344056, 0.4, -0.00216689, 0.918667, 0.889125, 0.916763, 0.900864
1.91307, 15.3579, 0.343498, 0.4, -0.00216022, 0.918645, 0.889086, 0.91672, 0.900821
1.91407, 15.3191, 0.342943, 0.4, -0.00215349, 0.918622, 0.889048, 0.916678, 0.900778
1.91507, 15.2803, 0.34239, 0.4, -0.00214669, 0.9186, 0.889009, 0.916636, 0.900736
1.91607, 15.2418, 0.34184, 0.4, -0.00213983, 0.918578, 0.88897, 0.916594, 0.900693
1.91707, 15.2033, 0.341293, 0.4, -0.0021329, 0.918555, 0.888931, 0.916552, 0.90065
1.91807, 15.165, 0.340749, 0.4, -0.00212591, 0.918533, 0.888893, 0.91651, 0.900608
1.91907, 15.1268, 0.340207, 0.4, -0.00211886, 0.91851, 0.888854, 0.916469, 0.900566
1.92007, 15.0887, 0.339669, 0.4, -0.00211174, 0.918487, 0.888816, 0.916427, 0.900523
1.92107, 15.0508, 0.339133, 0.4, -0.00210457, 0.918464, 0.888777, 0.916386, 0.900481
1.92207, 15.0129, 0.3386, 0.4, -0.00209732, 0.918441, 0.888738, 0.916344, 0.900439
1.92307, 14.9753, 0.33807, 0.4, -0.00209002, 0.918418, 0.8887, 0.916303, 0.900397
1.92407, 14.9377, 0.337542, 0.4, -0.00208266, 0.918395, 0.888662, 0.916262, 0.900355
1.92507, 14.9003, 0.337018, 0.4, -0.00207523, 0.918372, 0.888623, 0.916221, 0.900313
1.92607, 14.863, 0.336496, 0.4, -0.00206775, 0.918349, 0.888585, 0.91618, 0.900271
1.92707, 14.8258, 0.335978, 0.4, -0.0020602, 0.918325, 0.888547, 0.916139, 0.900229
1.92807, 14.7888, 0.335462, 0.4, -0.0020526, 0.918302, 0.888508, 0.916098, 0.900187
1.92907, 14.7519, 0.334949, 0.4, -0.00204493, 0.918279, 0.88847, 0.916057, 0.900146
1.93007, 14.7152, 0.334439, 0.4, -0.00203721, 0.918255, 0.888432, 0.916017, 0.900104
1.93107, 14.6786, 0.333932, 0.4, -0.00202942, 0.918231, 0.888394, 0.915976, 0.900063
1.93207, 14.6421, 0.333428, 0.4, -0.00202158, 0.918208, 0.888356, 0.915936, 0.900021
1.93307, 14.6058, 0.332927, 0.4, -0.00201368, 0.918184, 0.888318, 0.915896, 0.89998
1.93407, 14.5696, 0.332429, 0.4, -0.00200572, 0.91816, 0.88828, 0.915856, 0.899939
1.93507, 14.5336, 0.331934, 0.4, -0.0019977, 0.918136, 0.888243, 0.915816, 0.899898
1.93607, 14.4977, 0.331441, 0.4, -0.00198963, 0.918112, 0.888205, 0.915776, 0.899857
1.93707, 14.462, 0.330952, 0.4, -0.0019815, 0.918088, 0.888167, 0.915736, 0.899817
1.93807, 14.4264, 0.330466, 0.4, -0.00197331, 0.918064, 0.88813, 0.915697, 0.899776
1.93907, 14.3909, 0.329983, 0.4, -0.00196507, 0.91804, 0.888092, 0.915657, 0.899735
1.94007, 14.3557, 0.329503, 0.4, -0.00195677, 0.918016, 0.888055, 0.915618, 0.899695
1.94107, 14.3205, 0.329026, 0.4, -0.00194841, 0.917992, 0.888018, 0.915578, 0.899655
1.94207, 14.2855, 0.328552, 0.4, -0.00194, 0.917968, 0.88798, 0.91554, 0.899615
1.94307, 14.2507, 0.328081, 0.4, -0.00193154, 0.917943, 0.887943, 0.915501, 0.899575
1.94407, 14.216, 0.327613, 0.4, -0.00192302, 0.917919, 0.887906, 0.915462, 0.899535
1.94507, 14.1814, 0.327149, 0.4, -0.00191444, 0.917895, 0.887869, 0.915423, 0.899495
1.94607, 14.1471, 0.326687, 0.4, -0.00190582, 0.91787, 0.887832, 0.915385, 0.899455
1.94707, 14.1128, 0.326229, 0.4, -0.00189714, 0.917846, 0.887796, 0.915346, 0.899416
1.94807, 14.0788, 0.325774, 0.4, -0.0018884, 0.917821, 0.887759, 0.915308, 0.899376
1.94907, 14.0448, 0.325322, 0.4, -0.00187962, 0.917796, 0.887722, 0.91527, 0.899337
1.95007, 14.0111, 0.324872, 0.4, -0.00187078, 0.917772, 0.887686, 0.915232, 0.899298
1.95107, 13.9775, 0.324427, 0.4, -0.00186189, 0.917747, 0.887649, 0.915195, 0.899259
1.95207, 13.9441, 0.323984, 0.4, -0.00185295, 0.917723, 0.887613, 0.915157, 0.89922
1.95307, 13.9108, 0.323545, 0.4, -0.00184395, 0.917698, 0.887577, 0.915119, 0.899181
1.95407, 13.8777, 0.323108, 0.4, -0.00183491, 0.917673, 0.887541, 0.915082, 0.899143
1.95507, 13.8447, 0.322675, 0.4, -0.00182582, 0.917648, 0.887505, 0.915045, 0.899104
1.95607, 13.8119, 0.322246, 0.4, -0.00181667, 0.917624, 0.887469, 0.915008, 0.899066
1.95707, 13.7793, 0.321819, 0.4, -0.00180748, 0.917599, 0.887433, 0.914971, 0.899028
1.95807, 13.7469, 0.321395, 0.4, -0.00179824, 0.917574, 0.887398, 0.914935, 0.89899
1.95907, 13.7146, 0.320975, 0.4, -0.00178895, 0.917549, 0.887362, 0.914898, 0.898952
1.96007, 13.6825, 0.320559, 0.4, -0.00177961, 0.917524, 0.887327, 0.914862, 0.898914
1.96107, 13.6505, 0.320145, 0.4, -0.00177022, 0.917499, 0.887291, 0.914826, 0.898877
1.96207, 13.6187, 0.319734, 0.4, -0.00176078, 0.917474, 0.887256, 0.91479, 0.89884
1.96307, 13.5871, 0.319327, 0.4, -0.0017513, 0.917449, 0.887221, 0.914754, 0.898802
1.96407, 13.5557, 0.318923, 0.4, -0.00174177, 0.917425, 0.887186, 0.914719, 0.898765
1.96507, 13.5244, 0.318523, 0.4, -0.00173219, 0.9174, 0.887151, 0.914683, 0.898729
1.96607, 13.4933, 0.318126, 0.4, -0.00172257, 0.917375, 0.887117, 0.914648, 0.898692
1.96707, 13.4624, 0.317732, 0.4, -0.0017129, 0.91735, 0.887082, 0.914613, 0.898655
1.96807, 13.4317, 0.317341, 0.4, -0.00170319, 0.917325, 0.887048, 0.914578, 0.898619
1.96907, 13.4011, 0.316954, 0.4, -0.00169343, 0.9173, 0.887014, 0.914543, 0.898583
1.97007, 13.3707, 0.31657, 0.4, -0.00168363, 0.917275, 0.88698, 0.914509, 0.898547
1.97107, 13.3405, 0.316189, 0.4, -0.00167378, 0.91725, 0.886946, 0.914474, 0.898511
1.97207, 13.3105, 0.315812, 0.4, -0.00166389, 0.917225, 0.886912, 0.91444, 0.898475
1.97307, 13.2806, 0.315438, 0.4, -0.00165395, 0.9172, 0.886878, 0.914406, 0.89844
1.97407, 13.2509, 0.315067, 0.4, -0.00164397, 0.917175, 0.886845, 0.914373, 0.898405
1.97507, 13.2214, 0.3147, 0.4, -0.00163395, 0.91715, 0.886811, 0.914339, 0.898369
1.97607, 13.1921, 0.314336, 0.4, -0.00162389, 0.917125, 0.886778, 0.914306, 0.898335
1.97707, 13.163, 0.313975, 0.4, -0.00161379, 0.9171, 0.886745, 0.914272, 0.8983
1.97807, 13.134, 0.313618, 0.4, -0.00160364, 0.917075, 0.886712, 0.914239, 0.898265
1.97907, 13.1052, 0.313264, 0.4, -0.00159345, 0.91705, 0.886679, 0.914207, 0.898231
1.98007, 13.0766, 0.312914, 0.4, -0.00158323, 0.917025, 0.886646, 0.914174, 0.898197
1.98107, 13.0482, 0.312567, 0.4, -0.00157296, 0.917, 0.886614, 0.914142, 0.898163
1.98207, 13.02, 0.312224, 0.4, -0.00156265, 0.916975, 0.886581, 0.91411, 0.898129
1.98307, 12.992, 0.311883, 0.4, -0.0015523, 0.91695, 0.886549, 0.914078, 0.898095
1.98407, 12.9641, 0.311547, 0.4, -0.00154192, 0.916925, 0.886517, 0.914046, 0.898062
1.98507, 12.9365, 0.311214, 0.4, -0.00153149, 0.9169, 0.886485, 0.914014, 0.898029
1.98607, 12.909, 0.310884, 0.4, -0.00152103, 0.916876, 0.886454, 0.913983, 0.897996
1.98707, 12.8817, 0.310557, 0.4, -0.00151053, 0.916851, 0.886422, 0.913952, 0.897963
1.98807, 12.8546, 0.310234, 0.4, -0.00149999, 0.916826, 0.886391, 0.913921, 0.89793
1.98907, 12.8277, 0.309915, 0.4, -0.00148941, 0.916801, 0.88636, 0.91389, 0.897898
1.99007, 12.801, 0.309599, 0.4, -0.0014788, 0.916776, 0.886329, 0.91386, 0.897866
1.99107, 12.7745, 0.309286, 0.4, -0.00146815, 0.916752, 0.886298, 0.913829, 0.897834
1.99207, 12.7481, 0.308977, 0.4, -0.00145747, 0.916727, 0.886267, 0.913799, 0.897802
1.99307, 12.722, 0.308671, 0.4, -0.00144675, 0.916702, 0.886237, 0.913769, 0.897771
1.99407, 12.696, 0.308369, 0.4, -0.00143599, 0.916678, 0.886206, 0.91374, 0.897739
1.99507, 12.6703, 0.30807, 0.4, -0.00142521, 0.916653, 0.886176, 0.91371, 0.897708
1.99607, 12.6447, 0.307775, 0.4, -0.00141438, 0.916628, 0.886146, 0.913681, 0.897677
1.99707, 12.6194, 0.307483, 0.4, -0.00140353, 0.916604, 0.886116, 0.913652, 0.897646
1.99807, 12.5942, 0.307195, 0.4, -0.00139263, 0.916579, 0.886087, 0.913623, 0.897616
1.99907, 12.5692, 0.30691, 0.4, -0.00138171, 0.916555, 0.886057, 0.913595, 0.897586
2.00007, 12.5445, 0.306629, 0.4, -0.00137076, 0.916531, 0.886028, 0.913567, 0.897556
2.00107, 12.5199, 0.306351, 0.4, -0.00135977, 0.916506, 0.885999, 0.913538, 0.897526
2.00207, 12.4955, 0.306076, 0.4, -0.00134875, 0.916482, 0.88597, 0.913511, 0.897496
2.00307, 12.4713, 0.305806, 0.4, -0.0013377, 0.916458, 0.885942, 0.913483, 0.897467
2.00407, 12.4474, 0.305538, 0.4, -0.00132661, 0.916433, 0.885913, 0.913456, 0.897438
2.00507, 12.4236, 0.305275, 0.4, -0.0013155, 0.916409, 0.885885, 0.913429, 0.897409
2.00607, 12.4, 0.305014, 0.4, -0.00130436, 0.916385, 0.885857, 0.913402, 0.89738
2.00707, 12.3766, 0.304757, 0.4, -0.00129319, 0.916361, 0.885829, 0.913375, 0.897352
2.00807, 12.3535, 0.304504, 0.4, -0.00128198, 0.916337, 0.885801, 0.913348, 0.897323
2.00907, 12.3305, 0.304254, 0.4, -0.00127075, 0.916313, 0.885774, 0.913322, 0.897295
2.01007, 12.3077, 0.304008, 0.4, -0.00125949, 0.916289, 0.885746, 0.913296, 0.897268
2.01107, 12.2851, 0.303766, 0.4, -0.00124821, 0.916265, 0.885719, 0.913271, 0.89724
2.01207, 12.2628, 0.303526, 0.4, -0.00123689, 0.916241, 0.885692, 0.913245, 0.897213
2.01307, 12.2406, 0.303291, 0.4, -0.00122555, 0.916218, 0.885666, 0.91322, 0.897186
2.01407, 12.2186, 0.303058, 0.4, -0.00121418, 0.916194, 0.885639, 0.913195, 0.897159
2.01507, 12.1969, 0.30283, 0.4, -0.00120279, 0.91617, 0.885613, 0.91317, 0.897132
2.01607, 12.1753, 0.302605, 0.4, -0.00119137, 0.916147, 0.885587, 0.913145, 0.897106
2.01707, 12.154, 0.302384, 0.4, -0.00117992, 0.916123, 0.885561, 0.913121, 0.89708
2.01807, 12.1329, 0.302165, 0.4, -0.00116845, 0.9161, 0.885535, 0.913097, 0.897054
2.01907, 12.1119, 0.301951, 0.4, -0.00115695, 0.916077, 0.88551, 0.913073, 0.897028
2.02007, 12.0912, 0.30174, 0.4, -0.00114543, 0.916053, 0.885484, 0.91305, 0.897003
2.02107, 12.0707, 0.301533, 0.4, -0.00113389, 0.91603, 0.885459, 0.913027, 0.896978
2.02207, 12.0504, 0.301329, 0.4, -0.00112232, 0.916007, 0.885434, 0.913003, 0.896953
2.02307, 12.0303, 0.301129, 0.4, -0.00111073, 0.915984, 0.88541, 0.912981, 0.896928
2.02407, 12.0104, 0.300932, 0.4, -0.00109911, 0.915961, 0.885385, 0.912958, 0.896904
2.02507, 11.9907, 0.300739, 0.4, -0.00108748, 0.915938, 0.885361, 0.912936, 0.89688
2.02607, 11.9713, 0.30055, 0.4, -0.00107582, 0.915915, 0.885337, 0.912914, 0.896856
2.02707, 11.952, 0.300364, 0.4, -0.00106414, 0.915892, 0.885313, 0.912892, 0.896832
2.02807, 11.933, 0.300181, 0.4, -0.00105244, 0.915869, 0.88529, 0.91287, 0.896809
2.02907, 11.9141, 0.300002, 0.4, -0.00104072, 0.915847, 0.885267, 0.912849, 0.896786
2.03007, 11.8955, 0.299827, 0.4, -0.00102898, 0.915824, 0.885243, 0.912828, 0.896763
2.03107, 11.8771, 0.299655, 0.4, -0.00101722, 0.915802, 0.885221, 0.912807, 0.89674
2.03207, 11.8589, 0.299487, 0.4, -0.00100544, 0.915779, 0.885198, 0.912787, 0.896718
2.03307, 11.8409, 0.299322, 0.4, -0.000993639, 0.915757, 0.885175, 0.912767, 0.896696
2.03407, 11.8231, 0.299161, 0.4, -0.000981822, 0.915735, 0.885153, 0.912747, 0.896674
2.03507, 11.8055, 0.299003, 0.4, -0.000969987, 0.915713, 0.885131, 0.912727, 0.896652
2.03607, 11.7882, 0.298849, 0.4, -0.000958134, 0.91569, 0.885109, 0.912707, 0.896631
2.03707, 11.771, 0.298699, 0.4, -0.000946264, 0.915668, 0.885088, 0.912688, 0.89661
2.03807, 11.7541, 0.298552, 0.4, -0.000934376, 0.915647, 0.885067, 0.912669, 0.896589
2.03907, 11.7374, 0.298409, 0.4, -0.000922473, 0.915625, 0.885046, 0.91265, 0.896568
2.04007, 11.7209, 0.298269, 0.4, -0.000910554, 0.915603, 0.885025, 0.912632, 0.896548
2.04107, 11.7046, 0.298132, 0.4, -0.000898619, 0.915581, 0.885004, 0.912614, 0.896528
2.04207, 11.6886, 0.297999, 0.4, -0.000886669, 0.91556, 0.884984, 0.912596, 0.896508
2.04307, 11.6727, 0.29787, 0.4, -0.000874704, 0.915539, 0.884964, 0.912578, 0.896489
2.04407, 11.6571, 0.297744, 0.4, -0.000862724, 0.915517, 0.884944, 0.912561, 0.89647
2.04507, 11.6416, 0.297622, 0.4, -0.000850731, 0.915496, 0.884924, 0.912544, 0.89645
2.04607, 11.6264, 0.297504, 0.4, -0.000838724, 0.915475, 0.884905, 0.912527, 0.896432
2.04707, 11.6114, 0.297388, 0.4, -0.000826704, 0.915454, 0.884885, 0.91251, 0.896413
2.04807, 11.5967, 0.297277, 0.4, -0.000814672, 0.915433, 0.884866, 0.912494, 0.896395
2.04907, 11.5821, 0.297169, 0.4, -0.000802627, 0.915412, 0.884848, 0.912478, 0.896377
2.05007, 11.5678, 0.297065, 0.4, -0.000790571, 0.915391, 0.884829, 0.912462, 0.89636
2.05107, 11.5537, 0.296964, 0.4, -0.000778503, 0.915371, 0.884811, 0.912447, 0.896342
2.05207, 11.5398, 0.296866, 0.4, -0.000766424, 0.91535, 0.884793, 0.912432, 0.896325
2.05307, 11.5261, 0.296772, 0.4, -0.000754334, 0.915329, 0.884775, 0.912416, 0.896308
2.05407, 11.5126, 0.296682, 0.4, -0.000742235, 0.915309, 0.884757, 0.912402, 0.896292
2.05507, 11.4993, 0.296595, 0.4, -0.000730125, 0.915289, 0.88474, 0.912387, 0.896275
2.05607, 11.4863, 0.296512, 0.4, -0.000718006, 0.915269, 0.884723, 0.912373, 0.896259
2.05707, 11.4735, 0.296432, 0.4, -0.000705878, 0.915249, 0.884706, 0.912359, 0.896243
2.05807, 11.4609, 0.296356, 0.4, -0.000693742, 0.915229, 0.88469, 0.912346, 0.896228
2.05907, 11.4485, 0.296283, 0.4, -0.000681597, 0.915209, 0.884673, 0.912332, 0.896213
2.06007, 11.4364, 0.296214, 0.4, -0.000669445, 0.915189, 0.884657, 0.912319, 0.896198
2.06107, 11.4244, 0.296149, 0.4, -0.000657286, 0.91517, 0.884641, 0.912306, 0.896183
2.06207, 11.4127, 0.296086, 0.4, -0.000645119, 0.91515, 0.884625, 0.912294, 0.896169
2.06307, 11.4012, 0.296027, 0.4, -0.000632946, 0.915131, 0.88461, 0.912281, 0.896154
2.06407, 11.3899, 0.295972, 0.4, -0.000620767, 0.915111, 0.884595, 0.912269, 0.896141
2.06507, 11.3789, 0.295921, 0.4, -0.000608582, 0.915092, 0.88458, 0.912258, 0.896127
2.06607, 11.368, 0.295872, 0.4, -0.000596392, 0.915073, 0.884565, 0.912246, 0.896114
2.06707, 11.3574, 0.295828, 0.4, -0.000584197, 0.915054, 0.884551, 0.912235, 0.8961
2.06807, 11.347, 0.295786, 0.4, -0.000571998, 0.915035, 0.884537, 0.912224, 0.896088
2.06907, 11.3368, 0.295749, 0.4, -0.000559795, 0.915016, 0.884523, 0.912213, 0.896075
2.07007, 11.3268, 0.295714, 0.4, -0.000547588, 0.914998, 0.884509, 0.912203, 0.896063
2.07107, 11.3171, 0.295683, 0.4, -0.000535377, 0.914979, 0.884496, 0.912193, 0.896051
2.07207, 11.3075, 0.295656, 0.4, -0.000523164, 0.914961, 0.884483, 0.912183, 0.896039
2.07307, 11.2982, 0.295632, 0.4, -0.000510949, 0.914943, 0.88447, 0.912174, 0.896028
2.07406, 11.2892, 0.295611, 0.4, -0.000498731, 0.914925, 0.884457, 0.912164, 0.896017
2.07506, 11.2803, 0.295594, 0.4, -0.000486512, 0.914906, 0.884444, 0.912155, 0.896006
2.07606, 11.2716, 0.295581, 0.4, -0.000474292, 0.914889, 0.884432, 0.912146, 0.895995
2.07706, 11.2632, 0.295571, 0.4, -0.000462071, 0.914871, 0.88442, 0.912138, 0.895985
2.07806, 11.255, 0.295564, 0.4, -0.000449849, 0.914853, 0.884408, 0.91213, 0.895975
2.07906, 11.247, 0.295561, 0.4, -0.000437627, 0.914835, 0.884397, 0.912122, 0.895965
2.08006, 11.2393, 0.295561, 0.4, -0.000425406, 0.914818, 0.884385, 0.912114, 0.895955
2.08106, 11.2317, 0.295564, 0.4, -0.000413186, 0.914801, 0.884374, 0.912106, 0.895946
2.08206, 11.2244, 0.295572, 0.4, -0.000400966, 0.914783, 0.884364, 0.912099, 0.895937
2.08306, 11.2173, 0.295582, 0.4, -0.000388749, 0.914766, 0.884353, 0.912092, 0.895928
2.08406, 11.2104, 0.295596, 0.4, -0.000376533, 0.914749, 0.884343, 0.912086, 0.89592
2.08506, 11.2037, 0.295613, 0.4, -0.00036432, 0.914732, 0.884333, 0.912079, 0.895912
2.08606, 11.1973, 0.295633, 0.4, -0.000352109, 0.914716, 0.884323, 0.912073, 0.895904
2.08706, 11.191, 0.295657, 0.4, -0.000339902, 0.914699, 0.884313, 0.912067, 0.895896
2.08806, 11.185, 0.295685, 0.4, -0.000327698, 0.914682, 0.884304, 0.912062, 0.895889
2.08906, 11.1792, 0.295716, 0.4, -0.000315498, 0.914666, 0.884295, 0.912057, 0.895882
2.09006, 11.1737, 0.29575, 0.4, -0.000303303, 0.91465, 0.884286, 0.912052, 0.895875
2.09106, 11.1683, 0.295788, 0.4, -0.000291112, 0.914634, 0.884278, 0.912047, 0.895869
2.09206, 11.1632, 0.295829, 0.4, -0.000278927, 0.914618, 0.88427, 0.912043, 0.895862
2.09306, 11.1583, 0.295873, 0.4, -0.000266747, 0.914602, 0.884261, 0.912038, 0.895856
2.09406, 11.1536, 0.29592, 0.4, -0.000254573, 0.914586, 0.884254, 0.912034, 0.895851
2.09506, 11.1491, 0.295971, 0.4, -0.000242405, 0.91457, 0.884246, 0.912031, 0.895845
2.09606, 11.1449, 0.296026, 0.4, -0.000230244, 0.914555, 0.884239, 0.912027, 0.89584
2.09706, 11.1408, 0.296083, 0.4, -0.000218091, 0.914539, 0.884232, 0.912024, 0.895835
2.09806, 11.137, 0.296144, 0.4, -0.000205944, 0.914524, 0.884225, 0.912021, 0.895831
2.09906, 11.1334, 0.296208, 0.4, -0.000193806, 0.914509, 0.884218, 0.912019, 0.895826
2.10006, 11.13, 0.296276, 0.4, -0.000181675, 0.914494, 0.884212, 0.912017, 0.895822
2.10106, 11.1269, 0.296346, 0.4, -0.000169554, 0.914479, 0.884206, 0.912014, 0.895818
2.10206, 11.1239, 0.296421, 0.4, -0.000157441, 0.914464, 0.8842, 0.912013, 0.895815
2.10306, 11.1212, 0.296498, 0.4, -0.000145338, 0.91445, 0.884194, 0.912011, 0.895811
2.10406, 11.1187, 0.296579, 0.4, -0.000133245, 0.914435, 0.884189, 0.91201, 0.895808
2.10506, 11.1164, 0.296663, 0.4, -0.000121162, 0.914421, 0.884184, 0.912009, 0.895806
2.10606, 11.1143, 0.29675, 0.4, -0.000109089, 0.914407, 0.884179, 0.912008, 0.895803
2.10706, 11.1125, 0.296841, 0.4, -9.70274e-05, 0.914393, 0.884174, 0.912008, 0.895801
2.10806, 11.1108, 0.296934, 0.4, -8.49771e-05, 0.914379, 0.88417, 0.912008, 0.895799
2.10906, 11.1094, 0.297031, 0.4, -7.29385e-05, 0.914365, 0.884166, 0.912008, 0.895797
2.11006, 11.1082, 0.297131, 0.4, -6.0912e-05, 0.914351, 0.884162, 0.912008, 0.895796
2.11106, 11.1072, 0.297235, 0.4, -4.88979e-05, 0.914337, 0.884158, 0.912008, 0.895795
2.11206, 11.1065, 0.297342, 0.4, -3.68966e-05, 0.914324, 0.884154, 0.912009, 0.895794
2.11306, 11.1059, 0.297451, 0.4, -2.49086e-05, 0.91431, 0.884151, 0.91201, 0.895793
2.11406, 11.1056, 0.297565, 0.4, -1.29342e-05, 0.914297, 0.884148, 0.912012, 0.895793
2.11506, 11.1054, 0.297681, 0.4, -9.73673e-07, 0.914284, 0.884145, 0.912013, 0.895793
2.11606, 11.1055, 0.2978, 0.4, 1.09725e-05, 0.914271, 0.884143, 0.912015, 0.895793
2.11706, 11.1058, 0.297923, 0.4, 2.2904e-05, 0.914258, 0.884141, 0.912017, 0.895793
2.11806, 11.1064, 0.298049, 0.4, 3.48204e-05, 0.914245, 0.884139, 0.91202, 0.895794
2.11906, 11.1071, 0.298178, 0.4, 4.67214e-05, 0.914233, 0.884137, 0.912022, 0.895795
2.12006, 11.108, 0.29831, 0.4, 5.86065e-05, 0.91422, 0.884135, 0.912025, 0.895796
2.12106, 11.1092, 0.298445, 0.4, 7.04755e-05, 0.914208, 0.884134, 0.912028, 0.895798
2.12206, 11.1106, 0.298583, 0.4, 8.23279e-05, 0.914196, 0.884133, 0.912032, 0.895799
2.12306, 11.1122, 0.298724, 0.4, 9.41636e-05, 0.914183, 0.884132, 0.912035, 0.895801
2.12406, 11.114, 0.298869, 0.4, 0.000105982, 0.914172, 0.884131, 0.912039, 0.895804
2.12506, 11.116, 0.299017, 0.4, 0.000117783, 0.91416, 0.884131, 0.912043, 0.895806
2.12606, 11.1182, 0.299167, 0.4, 0.000129565, 0.914148, 0.884131, 0.912048, 0.895809
2.12706, 11.1206, 0.299321, 0.4, 0.00014133, 0.914136, 0.884131, 0.912052, 0.895812
2.12806, 11.1233, 0.299478, 0.4, 0.000153075, 0.914125, 0.884131, 0.912057, 0.895815
2.12906, 11.1262, 0.299638, 0.4, 0.000164802, 0.914114, 0.884131, 0.912062, 0.895818
2.13006, 11.1292, 0.299802, 0.4, 0.000176509, 0.914102, 0.884132, 0.912068, 0.895822
2.13106, 11.1325, 0.299968, 0.4, 0.000188196, 0.914091, 0.884133, 0.912073, 0.895826
2.13206, 11.136, 0.300137, 0.4, 0.000199864, 0.91408, 0.884134, 0.912079, 0.89583
2.13306, 11.1397, 0.300309, 0.4, 0.00021151, 0.914069, 0.884136, 0.912085, 0.895835
2.13406, 11.1436, 0.300485, 0.4, 0.000223136, 0.914059, 0.884137, 0.912092, 0.89584
2.13506, 11.1477, 0.300663, 0.4, 0.000234741, 0.914048, 0.884139, 0.912098, 0.895845
2.13606, 11.1521, 0.300844, 0.4, 0.000246324, 0.914037, 0.884141, 0.912105, 0.89585
2.13706, 11.1566, 0.301028, 0.4, 0.000257885, 0.914027, 0.884144, 0.912112, 0.895855
2.13806, 11.1613, 0.301216, 0.4, 0.000269425, 0.914017, 0.884146, 0.91212, 0.895861
2.13906, 11.1663, 0.301406, 0.4, 0.000280941, 0.914007, 0.884149, 0.912127, 0.895867
2.14006, 11.1715, 0.301599, 0.4, 0.000292434, 0.913997, 0.884152, 0.912135, 0.895873
2.14106, 11.1768, 0.301795, 0.4, 0.000303905, 0.913987, 0.884155, 0.912143, 0.89588
2.14206, 11.1824, 0.301995, 0.4, 0.000315351, 0.913977, 0.884159, 0.912151, 0.895886
2.14306, 11.1882, 0.302197, 0.4, 0.000326774, 0.913967, 0.884162, 0.91216, 0.895893
2.14406, 11.1942, 0.302402, 0.4, 0.000338172, 0.913958, 0.884166, 0.912169, 0.8959
2.14506, 11.2004, 0.302609, 0.4, 0.000349546, 0.913949, 0.88417, 0.912178, 0.895908
2.14606, 11.2067, 0.30282, 0.4, 0.000360894, 0.913939, 0.884174, 0.912187, 0.895915
2.14706, 11.2133, 0.303034, 0.4, 0.000372218, 0.91393, 0.884179, 0.912196, 0.895923
2.14806, 11.2201, 0.30325, 0.4, 0.000383515, 0.913921, 0.884184, 0.912206, 0.895931
2.14906, 11.2272, 0.30347, 0.4, 0.000394787, 0.913912, 0.884188, 0.912216, 0.89594
2.15006, 11.2344, 0.303692, 0.4, 0.000406032, 0.913903, 0.884194, 0.912226, 0.895948
2.15106, 11.2418, 0.303917, 0.4, 0.000417251, 0.913895, 0.884199, 0.912236, 0.895957
2.15206, 11.2494, 0.304145, 0.4, 0.000428443, 0.913886, 0.884204, 0.912247, 0.895966
2.15306, 11.2572, 0.304376, 0.4, 0.000439607, 0.913878, 0.88421, 0.912258, 0.895975
2.15406, 11.2652, 0.30461, 0.4, 0.000450744, 0.913869, 0.884216, 0.912269, 0.895985
2.15506, 11.2734, 0.304846, 0.4, 0.000461853, 0.913861, 0.884222, 0.91228, 0.895994
2.15606, 11.2818, 0.305085, 0.4, 0.000472933, 0.913853, 0.884229, 0.912291, 0.896004
2.15706, 11.2904, 0.305327, 0.4, 0.000483985, 0.913845, 0.884235, 0.912303, 0.896014
2.15806, 11.2993, 0.305572, 0.4, 0.000495008, 0.913837, 0.884242, 0.912315, 0.896025
2.15906, 11.3083, 0.305819, 0.4, 0.000506002, 0.91383, 0.884249, 0.912327, 0.896035
2.16006, 11.3175, 0.30607, 0.4, 0.000516966, 0.913822, 0.884256, 0.912339, 0.896046
2.16106, 11.3269, 0.306323, 0.4, 0.0005279, 0.913814, 0.884264, 0.912352, 0.896057
2.16206, 11.3365, 0.306578, 0.4, 0.000538804, 0.913807, 0.884271, 0.912365, 0.896068
2.16306, 11.3463, 0.306837, 0.4, 0.000549677, 0.9138, 0.884279, 0.912378, 0.89608
2.16406, 11.3563, 0.307098, 0.4, 0.00056052, 0.913793, 0.884287, 0.912391, 0.896092
2.16506, 11.3665, 0.307362, 0.4, 0.000571331, 0.913786, 0.884295, 0.912404, 0.896103
2.16606, 11.3768, 0.307628, 0.4, 0.000582111, 0.913779, 0.884303, 0.912418, 0.896116
2.16706, 11.3874, 0.307897, 0.4, 0.000592859, 0.913772, 0.884312, 0.912432, 0.896128
2.16806, 11.3982, 0.308169, 0.4, 0.000603575, 0.913765, 0.884321, 0.912446, 0.89614
2.16906, 11.4091, 0.308443, 0.4, 0.000614259, 0.913759, 0.88433, 0.91246, 0.896153
2.17006, 11.4203, 0.30872, 0.4, 0.00062491, 0.913752, 0.884339, 0.912474, 0.896166
2.17106, 11.4316, 0.309, 0.4, 0.000635528, 0.913746, 0.884348, 0.912489, 0.896179
2.17206, 11.4432, 0.309282, 0.4, 0.000646112, 0.913739, 0.884357, 0.912504, 0.896193
2.17306, 11.4549, 0.309567, 0.4, 0.000656663, 0.913733, 0.884367, 0.912519, 0.896206
2.17406, 11.4668, 0.309855, 0.4, 0.00066718, 0.913727, 0.884377, 0.912534, 0.89622
2.17506, 11.4789, 0.310145, 0.4, 0.000677663, 0.913721, 0.884387, 0.912549, 0.896234
2.17606, 11.4912, 0.310437, 0.4, 0.000688111, 0.913715, 0.884397, 0.912565, 0.896248
2.17706, 11.5037, 0.310732, 0.4, 0.000698525, 0.913709, 0.884408, 0.912581, 0.896262
2.17806, 11.5164, 0.31103, 0.4, 0.000708903, 0.913704, 0.884418, 0.912597, 0.896277
2.17906, 11.5292, 0.31133, 0.4, 0.000719246, 0.913698, 0.884429, 0.912613, 0.896292
2.18006, 11.5422, 0.311633, 0.4, 0.000729553, 0.913693, 0.88444, 0.912629, 0.896307
2.18106, 11.5555, 0.311938, 0.4, 0.000739825, 0.913687, 0.884451, 0.912646, 0.896322
2.18206, 11.5689, 0.312245, 0.4, 0.00075006, 0.913682, 0.884462, 0.912663, 0.896337
2.18306, 11.5825, 0.312555, 0.4, 0.000760258, 0.913677, 0.884474, 0.91268, 0.896352
2.18406, 11.5963, 0.312868, 0.4, 0.00077042, 0.913672, 0.884485, 0.912697, 0.896368
2.18506, 11.6102, 0.313182, 0.4, 0.000780544, 0.913667, 0.884497, 0.912714, 0.896384
2.18606, 11.6244, 0.3135, 0.4, 0.000790632, 0.913662, 0.884509, 0.912732, 0.8964
2.18706, 11.6387, 0.313819, 0.4, 0.000800681, 0.913658, 0.884521, 0.912749, 0.896416
2.18806, 11.6532, 0.314142, 0.4, 0.000810693, 0.913653, 0.884533, 0.912767, 0.896433
2.18906, 11.6679, 0.314466, 0.4, 0.000820666, 0.913648, 0.884546, 0.912785, 0.896449
2.19006, 11.6827, 0.314793, 0.4, 0.000830601, 0.913644, 0.884558, 0.912804, 0.896466
2.19106, 11.6978, 0.315122, 0.4, 0.000840497, 0.91364, 0.884571, 0.912822, 0.896483
2.19206, 11.713, 0.315454, 0.4, 0.000850354, 0.913635, 0.884584, 0.91284, 0.8965
2.19306, 11.7284, 0.315787, 0.4, 0.000860171, 0.913631, 0.884597, 0.912859, 0.896518
2.19406, 11.7439, 0.316124, 0.4, 0.000869949, 0.913627, 0.88461, 0.912878, 0.896535
2.19506, 11.7597, 0.316462, 0.4, 0.000879687, 0.913623, 0.884624, 0.912897, 0.896553
2.19606, 11.7756, 0.316803, 0.4, 0.000889385, 0.913619, 0.884637, 0.912916, 0.896571
2.19706, 11.7917, 0.317146, 0.4, 0.000899043, 0.913615, 0.884651, 0.912936, 0.896589
2.19806, 11.808, 0.317491, 0.4, 0.00090866, 0.913612, 0.884665, 0.912955, 0.896607
2.19906, 11.8244, 0.317839, 0.4, 0.000918236, 0.913608, 0.884679, 0.912975, 0.896625
2.20006, 11.841, 0.318189, 0.4, 0.000927771, 0.913604, 0.884693, 0.912995, 0.896644
2.20106, 11.8578, 0.31854, 0.4, 0.000937265, 0.913601, 0.884707, 0.913015, 0.896662
2.20206, 11.8748, 0.318895, 0.4, 0.000946716, 0.913598, 0.884722, 0.913036, 0.896681
2.20306, 11.8919, 0.319251, 0.4, 0.000956126, 0.913594, 0.884737, 0.913056, 0.8967
2.20406, 11.9092, 0.319609, 0.4, 0.000965494, 0.913591, 0.884751, 0.913076, 0.896719
2.20506, 11.9267, 0.31997, 0.4, 0.000974819, 0.913588, 0.884766, 0.913097, 0.896739
2.20606, 11.9443, 0.320333, 0.4, 0.000984101, 0.913585, 0.884781, 0.913118, 0.896758
2.20706, 11.9621, 0.320698, 0.4, 0.000993341, 0.913582, 0.884796, 0.913139, 0.896778
2.20806, 11.9801, 0.321065, 0.4, 0.00100254, 0.913579, 0.884812, 0.91316, 0.896798
2.20906, 11.9982, 0.321434, 0.4, 0.00101169, 0.913576, 0.884827, 0.913181, 0.896818
2.21006, 12.0165, 0.321805, 0.4, 0.0010208, 0.913574, 0.884843, 0.913203, 0.896838
2.21106, 12.0349, 0.322179, 0.4, 0.00102986, 0.913571, 0.884858, 0.913225, 0.896858
2.21205, 12.0536, 0.322554, 0.4, 0.00103889, 0.913569, 0.884874, 0.913246, 0.896878
2.21305, 12.0723, 0.322931, 0.4, 0.00104786, 0.913566, 0.88489, 0.913268, 0.896899
2.21405, 12.0913, 0.323311, 0.4, 0.0010568, 0.913564, 0.884906, 0.91329, 0.896919
2.21505, 12.1104, 0.323692, 0.4, 0.00106568, 0.913561, 0.884923, 0.913312, 0.89694
2.21605, 12.1296, 0.324076, 0.4, 0.00107452, 0.913559, 0.884939, 0.913335, 0.896961
2.21705, 12.1491, 0.324461, 0.4, 0.00108332, 0.913557, 0.884955, 0.913357, 0.896982
2.21805, 12.1686, 0.324849, 0.4, 0.00109207, 0.913555, 0.884972, 0.91338, 0.897003
2.21905, 12.1884, 0.325238, 0.4, 0.00110078, 0.913553, 0.884989, 0.913403, 0.897025
2.22005, 12.2083, 0.325629, 0.4, 0.00110944, 0.913551, 0.885006, 0.913425, 0.897046
2.22105, 12.2283, 0.326022, 0.4, 0.00111805, 0.913549, 0.885023, 0.913448, 0.897068
2.22205, 12.2485, 0.326417, 0.4, 0.00112662, 0.913547, 0.88504, 0.913471, 0.89709
2.22305, 12.2689, 0.326814, 0.4, 0.00113514, 0.913546, 0.885057, 0.913495, 0.897112
2.22405, 12.2894, 0.327213, 0.4, 0.00114361, 0.913544, 0.885074, 0.913518, 0.897134
2.22505, 12.31, 0.327614, 0.4, 0.00115204, 0.913543, 0.885092, 0.913542, 0.897156
2.22605, 12.3309, 0.328017, 0.4, 0.00116042, 0.913541, 0.885109, 0.913565, 0.897178
2.22705, 12.3518, 0.328421, 0.4, 0.00116875, 0.91354, 0.885127, 0.913589, 0.8972
2.22805, 12.3729, 0.328827, 0.4, 0.00117703, 0.913538, 0.885144, 0.913613, 0.897223
2.22905, 12.3942, 0.329235, 0.4, 0.00118527, 0.913537, 0.885162, 0.913637, 0.897245
2.23005, 12.4156, 0.329645, 0.4, 0.00119346, 0.913536, 0.88518, 0.913661, 0.897268
2.23105, 12.4372, 0.330057, 0.4, 0.00120159, 0.913534, 0.885198, 0.913685, 0.897291
2.23205, 12.4589, 0.33047, 0.4, 0.00120969, 0.913533, 0.885216, 0.913709, 0.897314
2.23305, 12.4807, 0.330885, 0.4, 0.00121773, 0.913532, 0.885235, 0.913734, 0.897337
2.23405, 12.5027, 0.331302, 0.4, 0.00122572, 0.913531, 0.885253, 0.913759, 0.89736
2.23505, 12.5248, 0.33172, 0.4, 0.00123366, 0.91353, 0.885272, 0.913783, 0.897384
2.23605, 12.5471, 0.33214, 0.4, 0.00124156, 0.913529, 0.88529, 0.913808, 0.897407
2.23705, 12.5695, 0.332562, 0.4, 0.0012494, 0.913529, 0.885309, 0.913833, 0.897431
2.23805, 12.5921, 0.332986, 0.4, 0.0012572, 0.913528, 0.885328, 0.913858, 0.897454
2.23905, 12.6148, 0.333411, 0.4, 0.00126494, 0.913527, 0.885346, 0.913883, 0.897478
2.24005, 12.6376, 0.333838, 0.4, 0.00127264, 0.913526, 0.885365, 0.913908, 0.897502
2.24105, 12.6606, 0.334266, 0.4, 0.00128028, 0.913526, 0.885384, 0.913933, 0.897526
2.24205, 12.6837, 0.334696, 0.4, 0.00128788, 0.913525, 0.885403, 0.913959, 0.89755
2.24305, 12.707, 0.335128, 0.4, 0.00129542, 0.913525, 0.885423, 0.913984, 0.897574
2.24405, 12.7304, 0.335561, 0.4, 0.00130291, 0.913524, 0.885442, 0.91401, 0.897598
2.24505, 12.7539, 0.335995, 0.4, 0.00131036, 0.913524, 0.885461, 0.914035, 0.897622
2.24605, 12.7775, 0.336432, 0.4, 0.00131775, 0.913523, 0.885481, 0.914061, 0.897647
2.24705, 12.8013, 0.336869, 0.4, 0.00132508, 0.913523, 0.8855, 0.914087, 0.897671
2.24805, 12.8252, 0.337308, 0.4, 0.00133237, 0.913523, 0.88552, 0.914113, 0.897696
2.24905, 12.8493, 0.337749, 0.4, 0.00133961, 0.913523, 0.88554, 0.914139, 0.897721
2.25005, 12.8735, 0.338191, 0.4, 0.00134679, 0.913522, 0.885559, 0.914165, 0.897745
2.25105, 12.8978, 0.338635, 0.4, 0.00135392, 0.913522, 0.885579, 0.914191, 0.89777
2.25205, 12.9222, 0.33908, 0.4, 0.001361, 0.913522, 0.885599, 0.914218, 0.897795
2.25305, 12.9468, 0.339526, 0.4, 0.00136803, 0.913522, 0.885619, 0.914244, 0.89782
2.25405, 12.9715, 0.339974, 0.4, 0.00137501, 0.913522, 0.885639, 0.914271, 0.897845
2.25505, 12.9963, 0.340424, 0.4, 0.00138193, 0.913522, 0.885659, 0.914297, 0.89787
2.25605, 13.0212, 0.340874, 0.4, 0.0013888, 0.913522, 0.885679, 0.914324, 0.897896
2.25705, 13.0463, 0.341326, 0.4, 0.00139561, 0.913523, 0.8857, 0.91435, 0.897921
2.25805, 13.0714, 0.341779, 0.4, 0.00140237, 0.913523, 0.88572, 0.914377, 0.897946
2.25905, 13.0967, 0.342234, 0.4, 0.00140908, 0.913523, 0.88574, 0.914404, 0.897972
2.26005, 13.1222, 0.34269, 0.4, 0.00141574, 0.913523, 0.885761, 0.914431, 0.897997
2.26105, 13.1477, 0.343147, 0.4, 0.00142234, 0.913523, 0.885781, 0.914458, 0.898023
2.26205, 13.1734, 0.343606, 0.4, 0.00142889, 0.913524, 0.885802, 0.914485, 0.898049
2.26305, 13.1992, 0.344065, 0.4, 0.00143539, 0.913524, 0.885822, 0.914512, 0.898074
2.26405, 13.2251, 0.344526, 0.4, 0.00144183, 0.913525, 0.885843, 0.914539, 0.8981
2.26505, 13.2511, 0.344989, 0.4, 0.00144821, 0.913525, 0.885864, 0.914566, 0.898126
2.26605, 13.2772, 0.345452, 0.4, 0.00145454, 0.913526, 0.885884, 0.914594, 0.898152
2.26705, 13.3034, 0.345917, 0.4, 0.00146082, 0.913526, 0.885905, 0.914621, 0.898178
2.26805, 13.3298, 0.346383, 0.4, 0.00146704, 0.913526, 0.885926, 0.914649, 0.898204
2.26905, 13.3562, 0.346849, 0.4, 0.00147321, 0.913527, 0.885947, 0.914676, 0.89823
2.27005, 13.3828, 0.347318, 0.4, 0.00147932, 0.913528, 0.885968, 0.914704, 0.898256
2.27105, 13.4095, 0.347787, 0.4, 0.00148538, 0.913528, 0.885989, 0.914731, 0.898283
2.27205, 13.4363, 0.348257, 0.4, 0.00149139, 0.913529, 0.88601, 0.914759, 0.898309
2.27305, 13.4632, 0.348728, 0.4, 0.00149733, 0.91353, 0.886031, 0.914787, 0.898335
2.27405, 13.4902, 0.349201, 0.4, 0.00150323, 0.91353, 0.886052, 0.914814, 0.898362
2.27505, 13.5173, 0.349674, 0.4, 0.00150906, 0.913531, 0.886073, 0.914842, 0.898388
2.27605, 13.5445, 0.350149, 0.4, 0.00151484, 0.913532, 0.886095, 0.91487, 0.898414
2.27705, 13.5718, 0.350625, 0.4, 0.00152057, 0.913533, 0.886116, 0.914898, 0.898441
2.27805, 13.5993, 0.351101, 0.4, 0.00152624, 0.913533, 0.886137, 0.914926, 0.898467
2.27905, 13.6268, 0.351579, 0.4, 0.00153185, 0.913534, 0.886158, 0.914954, 0.898494
2.28005, 13.6544, 0.352057, 0.4, 0.00153741, 0.913535, 0.88618, 0.914982, 0.898521
2.28105, 13.6821, 0.352537, 0.4, 0.00154291, 0.913536, 0.886201, 0.91501, 0.898547
2.28205, 13.71, 0.353017, 0.4, 0.00154835, 0.913537, 0.886223, 0.915038, 0.898574
2.28305, 13.7379, 0.353499, 0.4, 0.00155374, 0.913538, 0.886244, 0.915066, 0.898601
2.28405, 13.7659, 0.353981, 0.4, 0.00155907, 0.913539, 0.886265, 0.915094, 0.898628
2.28505, 13.794, 0.354464, 0.4, 0.00156435, 0.913539, 0.886287, 0.915122, 0.898654
2.28605, 13.8222, 0.354948, 0.4, 0.00156957, 0.91354, 0.886308, 0.915151, 0.898681
2.28705, 13.8505, 0.355433, 0.4, 0.00157473, 0.913541, 0.88633, 0.915179, 0.898708
2.28805, 13.8789, 0.355919, 0.4, 0.00157983, 0.913542, 0.886352, 0.915207, 0.898735
2.28905, 13.9074, 0.356405, 0.4, 0.00158488, 0.913543, 0.886373, 0.915236, 0.898762
2.29005, 13.936, 0.356893, 0.4, 0.00158987, 0.913544, 0.886395, 0.915264, 0.898789
2.29105, 13.9646, 0.357381, 0.4, 0.0015948, 0.913545, 0.886416, 0.915292, 0.898816
2.29205, 13.9934, 0.35787, 0.4, 0.00159968, 0.913547, 0.886438, 0.915321, 0.898843
2.29305, 14.0222, 0.358359, 0.4, 0.0016045, 0.913548, 0.88646, 0.915349, 0.89887
2.29405, 14.0511, 0.35885, 0.4, 0.00160926, 0.913549, 0.886481, 0.915378, 0.898897
2.29505, 14.0801, 0.359341, 0.4, 0.00161396, 0.91355, 0.886503, 0.915406, 0.898924
2.29605, 14.1092, 0.359833, 0.4, 0.00161861, 0.913551, 0.886525, 0.915435, 0.898951
2.29705, 14.1384, 0.360325, 0.4, 0.0016232, 0.913552, 0.886546, 0.915463, 0.898978
2.29805, 14.1677, 0.360819, 0.4, 0.00162773, 0.913553, 0.886568, 0.915492, 0.899005
2.29905, 14.197, 0.361313, 0.4, 0.0016322, 0.913554, 0.88659, 0.91552, 0.899032
2.30005, 14.2264, 0.361807, 0.4, 0.00163661, 0.913555, 0.886611, 0.915549, 0.899059
2.30105, 14.2559, 0.362302, 0.4, 0.00164097, 0.913556, 0.886633, 0.915577, 0.899086
2.30205, 14.2855, 0.362798, 0.4, 0.00164527, 0.913557, 0.886655, 0.915606, 0.899114
2.30305, 14.3152, 0.363294, 0.4, 0.00164951, 0.913559, 0.886677, 0.915635, 0.899141
2.30405, 14.3449, 0.363791, 0.4, 0.00165369, 0.91356, 0.886698, 0.915663, 0.899168
2.30505, 14.3747, 0.364288, 0.4, 0.00165781, 0.913561, 0.88672, 0.915692, 0.899195
2.30605, 14.4046, 0.364786, 0.4, 0.00166188, 0.913562, 0.886742, 0.91572, 0.899222
2.30705, 14.4345, 0.365285, 0.4, 0.00166589, 0.913563, 0.886764, 0.915749, 0.899249
2.30805, 14.4645, 0.365784, 0.4, 0.00166984, 0.913564, 0.886785, 0.915778, 0.899276
2.30905, 14.4946, 0.366283, 0.4, 0.00167373, 0.913565, 0.886807, 0.915806, 0.899304
2.31005, 14.5248, 0.366783, 0.4, 0.00167756, 0.913566, 0.886829, 0.915835, 0.899331
2.31105, 14.555, 0.367283, 0.4, 0.00168133, 0.913568, 0.88685, 0.915863, 0.899358
2.31205, 14.5853, 0.367784, 0.4, 0.00168504, 0.913569, 0.886872, 0.915892, 0.899385
2.31305, 14.6157, 0.368285, 0.4, 0.0016887, 0.91357, 0.886894, 0.915921, 0.899412
2.31405, 14.6461, 0.368787, 0.4, 0.0016923, 0.913571, 0.886916, 0.915949, 0.899439
2.31505, 14.6766, 0.369289, 0.4, 0.00169583, 0.913572, 0.886937, 0.915978, 0.899467
2.31605, 14.7072, 0.369791, 0.4, 0.00169931, 0.913573, 0.886959, 0.916006, 0.899494
2.31705, 14.7378, 0.370294, 0.4, 0.00170273, 0.913574, 0.88698, 0.916035, 0.899521
2.31805, 14.7685, 0.370797, 0.4, 0.0017061, 0.913575, 0.887002, 0.916064, 0.899548
2.31905, 14.7992, 0.3713, 0.4, 0.0017094, 0.913577, 0.887024, 0.916092, 0.899575
2.32005, 14.83, 0.371804, 0.4, 0.00171264, 0.913578, 0.887045, 0.916121, 0.899602
2.32105, 14.8609, 0.372308, 0.4, 0.00171583, 0.913579, 0.887067, 0.916149, 0.899629
2.32205, 14.8918, 0.372812, 0.4, 0.00171895, 0.91358, 0.887088, 0.916178, 0.899656
2.32305, 14.9227, 0.373317, 0.4, 0.00172202, 0.913581, 0.88711, 0.916206, 0.899683
2.32405, 14.9538, 0.373821, 0.4, 0.00172503, 0.913582, 0.887131, 0.916235, 0.89971
2.32505, 14.9848, 0.374326, 0.4, 0.00172797, 0.913583, 0.887153, 0.916263, 0.899737
2.32605, 15.016, 0.374831, 0.4, 0.00173086, 0.913584, 0.887174, 0.916292, 0.899764
2.32705, 15.0472, 0.375337, 0.4, 0.00173369, 0.913585, 0.887196, 0.91632, 0.899791
2.32805, 15.0784, 0.375842, 0.4, 0.00173646, 0.913586, 0.887217, 0.916348, 0.899818
2.32905, 15.1097, 0.376348, 0.4, 0.00173917, 0.913587, 0.887239, 0.916377, 0.899845
2.33005, 15.141, 0.376853, 0.4, 0.00174183, 0.913588, 0.88726, 0.916405, 0.899872
2.33105, 15.1724, 0.377359, 0.4, 0.00174442, 0.913589, 0.887281, 0.916434, 0.899898
2.33205, 15.2038, 0.377865, 0.4, 0.00174695, 0.91359, 0.887303, 0.916462, 0.899925
2.33305, 15.2353, 0.378371, 0.4, 0.00174943, 0.913591, 0.887324, 0.91649, 0.899952
2.33405, 15.2668, 0.378877, 0.4, 0.00175184, 0.913592, 0.887345, 0.916518, 0.899979
2.33505, 15.2983, 0.379383, 0.4, 0.0017542, 0.913593, 0.887366, 0.916547, 0.900005
2.33605, 15.3299, 0.37989, 0.4, 0.0017565, 0.913594, 0.887388, 0.916575, 0.900032
2.33705, 15.3616, 0.380396, 0.4, 0.00175874, 0.913595, 0.887409, 0.916603, 0.900059
2.33805, 15.3932, 0.380902, 0.4, 0.00176091, 0.913596, 0.88743, 0.916631, 0.900085
2.33905, 15.425, 0.381408, 0.4, 0.00176303, 0.913597, 0.887451, 0.916659, 0.900112
2.34005, 15.4567, 0.381914, 0.4, 0.00176509, 0.913598, 0.887472, 0.916687, 0.900138
2.34105, 15.4885, 0.38242, 0.4, 0.00176709, 0.913599, 0.887493, 0.916715, 0.900165
2.34205, 15.5203, 0.382926, 0.4, 0.00176904, 0.913599, 0.887514, 0.916743, 0.900191
2.34305, 15.5522, 0.383432, 0.4, 0.00177092, 0.9136, 0.887535, 0.916771, 0.900218
2.34405, 15.5841, 0.383938, 0.4, 0.00177274, 0.913601, 0.887556, 0.916799, 0.900244
2.34505, 15.616, 0.384444, 0.4, 0.00177451, 0.913602, 0.887576, 0.916827, 0.90027
2.34605, 15.648, 0.384949, 0.4, 0.00177621, 0.913603, 0.887597, 0.916855, 0.900297
2.34705, 15.68, 0.385454, 0.4, 0.00177786, 0.913603, 0.887618, 0.916883, 0.900323
2.34805, 15.712, 0.38596, 0.4, 0.00177944, 0.913604, 0.887639, 0.91691, 0.900349
2.34905, 15.744, 0.386465, 0.4, 0.00178097, 0.913605, 0.887659, 0.916938, 0.900375
2.35004, 15.7761, 0.38697, 0.4, 0.00178244, 0.913605, 0.88768, 0.916966, 0.900401
2.35104, 15.8082, 0.387474, 0.4, 0.00178385, 0.913606, 0.8877, 0.916993, 0.900427
2.35204, 15.8403, 0.387978, 0.4, 0.0017852, 0.913607, 0.887721, 0.917021, 0.900453
2.35304, 15.8725, 0.388483, 0.4, 0.00178649, 0.913607, 0.887741, 0.917048, 0.900479
2.35404, 15.9046, 0.388986, 0.4, 0.00178772, 0.913608, 0.887762, 0.917076, 0.900505
2.35504, 15.9368, 0.38949, 0.4, 0.0017889, 0.913608, 0.887782, 0.917103, 0.900531
2.35604, 15.969, 0.389993, 0.4, 0.00179001, 0.913609, 0.887802, 0.917131, 0.900557
2.35704, 16.0013, 0.390496, 0.4, 0.00179107, 0.91361, 0.887823, 0.917158, 0.900582
2.35804, 16.0335, 0.390999, 0.4, 0.00179207, 0.91361, 0.887843, 0.917185, 0.900608
2.35904, 16.0658, 0.391501, 0.4, 0.00179301, 0.913611, 0.887863, 0.917212, 0.900634
2.36004, 16.098, 0.392003, 0.4, 0.00179389, 0.913611, 0.887883, 0.917239, 0.900659
2.36104, 16.1303, 0.392505, 0.4, 0.00179471, 0.913611, 0.887903, 0.917266, 0.900685
2.36204, 16.1627, 0.393006, 0.4, 0.00179547, 0.913612, 0.887923, 0.917294, 0.90071
2.36304, 16.195, 0.393507, 0.4, 0.00179617, 0.913612, 0.887943, 0.91732, 0.900735
2.36404, 16.2273, 0.394007, 0.4, 0.00179682, 0.913613, 0.887963, 0.917347, 0.900761
2.36504, 16.2597, 0.394507, 0.4, 0.00179741, 0.913613, 0.887982, 0.917374, 0.900786
2.36604, 16.292, 0.395006, 0.4, 0.00179793, 0.913613, 0.888002, 0.917401, 0.900811
2.36704, 16.3244, 0.395505, 0.4, 0.0017984, 0.913613, 0.888022, 0.917428, 0.900836
2.36804, 16.3568, 0.396004, 0.4, 0.00179882, 0.913614, 0.888041, 0.917454, 0.900861
2.36904, 16.3892, 0.396502, 0.4, 0.00179917, 0.913614, 0.888061, 0.917481, 0.900886
2.37004, 16.4215, 0.396999, 0.4, 0.00179947, 0.913614, 0.88808, 0.917507, 0.900911
2.37104, 16.4539, 0.397496, 0.4, 0.0017997, 0.913614, 0.8881, 0.917534, 0.900936
2.37204, 16.4863, 0.397992, 0.4, 0.00179988, 0.913614, 0.888119, 0.91756, 0.900961
2.37304, 16.5187, 0.398488, 0.4, 0.0018, 0.913615, 0.888139, 0.917587, 0.900985
2.37404, 16.5511, 0.398983, 0.4, 0.00180007, 0.913615, 0.888158, 0.917613, 0.90101
2.37504, 16.5835, 0.399478, 0.4, 0.00180007, 0.913615, 0.888177, 0.917639, 0.901035
2.37604, 16.6159, 0.399972, 0.4, 0.00180002, 0.913615, 0.888196, 0.917665, 0.901059
2.37704, 16.6483, 0.400465, 0.4, 0.00179991, 0.913615, 0.888215, 0.917691, 0.901084
2.37804, 16.6807, 0.400958, 0.4, 0.00179975, 0.913615, 0.888234, 0.917717, 0.901108
2.37904, 16.7131, 0.40145, 0.4, 0.00179952, 0.913615, 0.888253, 0.917743, 0.901132
2.38004, 16.7455, 0.401941, 0.4, 0.00179924, 0.913615, 0.888272, 0.917769, 0.901156
2.38104, 16.7779, 0.402432, 0.4, 0.0017989, 0.913615, 0.888291, 0.917795, 0.901181
2.38204, 16.8103, 0.402922, 0.4, 0.0017985, 0.913614, 0.888309, 0.91782, 0.901205
2.38304, 16.8426, 0.403411, 0.4, 0.00179805, 0.913614, 0.888328, 0.917846, 0.901229
2.38404, 16.875, 0.4039, 0.4, 0.00179754, 0.913614, 0.888347, 0.917872, 0.901253
2.38504, 16.9074, 0.404387, 0.4, 0.00179697, 0.913614, 0.888365, 0.917897, 0.901276
2.38604, 16.9397, 0.404874, 0.4, 0.00179635, 0.913614, 0.888383, 0.917923, 0.9013
2.38704, 16.972, 0.40536, 0.4, 0.00179566, 0.913613, 0.888402, 0.917948, 0.901324
2.38804, 17.0043, 0.405846, 0.4, 0.00179493, 0.913613, 0.88842, 0.917973, 0.901347
2.38904, 17.0367, 0.406331, 0.4, 0.00179413, 0.913613, 0.888438, 0.917998, 0.901371
2.39004, 17.0689, 0.406814, 0.4, 0.00179328, 0.913612, 0.888456, 0.918023, 0.901394
2.39104, 17.1012, 0.407297, 0.4, 0.00179237, 0.913612, 0.888474, 0.918048, 0.901418
2.39204, 17.1335, 0.407779, 0.4, 0.00179141, 0.913611, 0.888492, 0.918073, 0.901441
2.39304, 17.1657, 0.40826, 0.4, 0.00179039, 0.913611, 0.88851, 0.918098, 0.901464
2.39404, 17.1979, 0.408741, 0.4, 0.00178931, 0.91361, 0.888528, 0.918123, 0.901487
2.39504, 17.2301, 0.40922, 0.4, 0.00178818, 0.91361, 0.888546, 0.918147, 0.90151
2.39604, 17.2623, 0.409699, 0.4, 0.00178699, 0.913609, 0.888563, 0.918172, 0.901533
2.39704, 17.2944, 0.410176, 0.4, 0.00178574, 0.913609, 0.888581, 0.918197, 0.901556
2.39804, 17.3266, 0.410653, 0.4, 0.00178444, 0.913608, 0.888599, 0.918221, 0.901579
2.39904, 17.3587, 0.411128, 0.4, 0.00178309, 0.913607, 0.888616, 0.918245, 0.901601
2.40004, 17.3908, 0.411603, 0.4, 0.00178168, 0.913607, 0.888633, 0.91827, 0.901624
2.40104, 17.4228, 0.412076, 0.4, 0.00178021, 0.913606, 0.888651, 0.918294, 0.901646
2.40204, 17.4549, 0.412549, 0.4, 0.00177869, 0.913605, 0.888668, 0.918318, 0.901669
2.40304, 17.4869, 0.413021, 0.4, 0.00177711, 0.913605, 0.888685, 0.918342, 0.901691
2.40404, 17.5188, 0.413491, 0.4, 0.00177548, 0.913604, 0.888702, 0.918366, 0.901713
2.40504, 17.5508, 0.413961, 0.4, 0.0017738, 0.913603, 0.888719, 0.918389, 0.901735
2.40604, 17.5827, 0.41443, 0.4, 0.00177205, 0.913602, 0.888736, 0.918413, 0.901757
2.40704, 17.6146, 0.414897, 0.4, 0.00177026, 0.913601, 0.888753, 0.918437, 0.901779
2.40804, 17.6464, 0.415363, 0.4, 0.00176841, 0.9136, 0.888769, 0.91846, 0.901801
2.40904, 17.6782, 0.415828, 0.4, 0.0017665, 0.913599, 0.888786, 0.918484, 0.901823
2.41004, 17.71, 0.416293, 0.4, 0.00176455, 0.913598, 0.888802, 0.918507, 0.901845
2.41104, 17.7418, 0.416756, 0.4, 0.00176253, 0.913597, 0.888819, 0.91853, 0.901866
2.41204, 17.7735, 0.417217, 0.4, 0.00176047, 0.913596, 0.888835, 0.918553, 0.901888
2.41304, 17.8051, 0.417678, 0.4, 0.00175835, 0.913595, 0.888852, 0.918577, 0.901909
2.41404, 17.8368, 0.418138, 0.4, 0.00175617, 0.913594, 0.888868, 0.918599, 0.901931
2.41504, 17.8684, 0.418596, 0.4, 0.00175394, 0.913593, 0.888884, 0.918622, 0.901952
2.41604, 17.8999, 0.419053, 0.4, 0.00175166, 0.913592, 0.8889, 0.918645, 0.901973
2.41704, 17.9314, 0.419509, 0.4, 0.00174933, 0.913591, 0.888916, 0.918668, 0.901994
2.41804, 17.9629, 0.419964, 0.4, 0.00174694, 0.913589, 0.888932, 0.918691, 0.902015
2.41904, 17.9943, 0.420417, 0.4, 0.0017445, 0.913588, 0.888948, 0.918713, 0.902036
2.42004, 18.0257, 0.420869, 0.4, 0.00174201, 0.913587, 0.888964, 0.918735, 0.902056
2.42104, 18.057, 0.42132, 0.4, 0.00173946, 0.913586, 0.888979, 0.918758, 0.902077
2.42204, 18.0883, 0.42177, 0.4, 0.00173686, 0.913584, 0.888995, 0.91878, 0.902098
2.42304, 18.1196, 0.422218, 0.4, 0.00173421, 0.913583, 0.88901, 0.918802, 0.902118
2.42404, 18.1507, 0.422665, 0.4, 0.00173151, 0.913582, 0.889026, 0.918824, 0.902138
2.42504, 18.1819, 0.423111, 0.4, 0.00172876, 0.91358, 0.889041, 0.918846, 0.902159
2.42604, 18.213, 0.423555, 0.4, 0.00172595, 0.913579, 0.889056, 0.918868, 0.902179
2.42704, 18.244, 0.423999, 0.4, 0.00172309, 0.913577, 0.889071, 0.918889, 0.902199
2.42804, 18.275, 0.42444, 0.4, 0.00172018, 0.913576, 0.889086, 0.918911, 0.902219
2.42904, 18.3059, 0.424881, 0.4, 0.00171722, 0.913574, 0.889101, 0.918933, 0.902239
2.43004, 18.3368, 0.425319, 0.4, 0.00171421, 0.913572, 0.889116, 0.918954, 0.902258
2.43104, 18.3677, 0.425757, 0.4, 0.00171115, 0.913571, 0.889131, 0.918975, 0.902278
2.43204, 18.3984, 0.426193, 0.4, 0.00170803, 0.913569, 0.889145, 0.918997, 0.902298
2.43304, 18.4291, 0.426628, 0.4, 0.00170487, 0.913568, 0.88916, 0.919018, 0.902317
2.43404, 18.4598, 0.427061, 0.4, 0.00170165, 0.913566, 0.889175, 0.919039, 0.902336
2.43504, 18.4904, 0.427493, 0.4, 0.00169838, 0.913564, 0.889189, 0.91906, 0.902356
2.43604, 18.521, 0.427923, 0.4, 0.00169507, 0.913563, 0.889203, 0.91908, 0.902375
2.43704, 18.5514, 0.428352, 0.4, 0.0016917, 0.913561, 0.889218, 0.919101, 0.902394
2.43804, 18.5819, 0.42878, 0.4, 0.00168829, 0.913559, 0.889232, 0.919122, 0.902413
2.43904, 18.6122, 0.429206, 0.4, 0.00168482, 0.913557, 0.889246, 0.919142, 0.902432
2.44004, 18.6425, 0.42963, 0.4, 0.00168131, 0.913555, 0.88926, 0.919163, 0.90245
2.44104, 18.6727, 0.430053, 0.4, 0.00167774, 0.913554, 0.889274, 0.919183, 0.902469
2.44204, 18.7029, 0.430474, 0.4, 0.00167413, 0.913552, 0.889287, 0.919203, 0.902488
2.44304, 18.733, 0.430894, 0.4, 0.00167046, 0.91355, 0.889301, 0.919223, 0.902506
2.44404, 18.763, 0.431312, 0.4, 0.00166675, 0.913548, 0.889315, 0.919243, 0.902524
2.44504, 18.793, 0.431729, 0.4, 0.00166299, 0.913546, 0.889328, 0.919263, 0.902543
2.44604, 18.8229, 0.432144, 0.4, 0.00165918, 0.913544, 0.889342, 0.919283, 0.902561
2.44704, 18.8527, 0.432558, 0.4, 0.00165533, 0.913542, 0.889355, 0.919302, 0.902579
2.44804, 18.8825, 0.43297, 0.4, 0.00165142, 0.91354, 0.889368, 0.919322, 0.902597
2.44904, 18.9122, 0.43338, 0.4, 0.00164747, 0.913538, 0.889382, 0.919341, 0.902614
2.45004, 18.9418, 0.433788, 0.4, 0.00164347, 0.913536, 0.889395, 0.919361, 0.902632
2.45104, 18.9714, 0.434195, 0.4, 0.00163942, 0.913534, 0.889408, 0.91938, 0.90265
2.45204, 19.0008, 0.434601, 0.4, 0.00163533, 0.913531, 0.889421, 0.919399, 0.902667
2.45304, 19.0302, 0.435005, 0.4, 0.00163119, 0.913529, 0.889434, 0.919418, 0.902684
2.45404, 19.0596, 0.435407, 0.4, 0.001627, 0.913527, 0.889446, 0.919437, 0.902702
2.45504, 19.0888, 0.435807, 0.4, 0.00162276, 0.913525, 0.889459, 0.919456, 0.902719
2.45604, 19.118, 0.436206, 0.4, 0.00161848, 0.913523, 0.889471, 0.919474, 0.902736
2.45704, 19.1471, 0.436603, 0.4, 0.00161415, 0.913521, 0.889484, 0.919493, 0.902753
2.45804, 19.1761, 0.436998, 0.4, 0.00160978, 0.913518, 0.889496, 0.919511, 0.90277
2.45904, 19.205, 0.437391, 0.4, 0.00160536, 0.913516, 0.889509, 0.91953, 0.902787
2.46004, 19.2339, 0.437783, 0.4, 0.00160089, 0.913514, 0.889521, 0.919548, 0.902803
2.46104, 19.2627, 0.438173, 0.4, 0.00159638, 0.913511, 0.889533, 0.919566, 0.90282
2.46204, 19.2913, 0.438561, 0.4, 0.00159182, 0.913509, 0.889545, 0.919584, 0.902836
2.46304, 19.32, 0.438948, 0.4, 0.00158722, 0.913507, 0.889557, 0.919602, 0.902852
2.46404, 19.3485, 0.439333, 0.4, 0.00158257, 0.913504, 0.889569, 0.91962, 0.902869
2.46504, 19.3769, 0.439715, 0.4, 0.00157788, 0.913502, 0.88958, 0.919637, 0.902885
2.46604, 19.4053, 0.440097, 0.4, 0.00157315, 0.913499, 0.889592, 0.919655, 0.902901
2.46704, 19.4336, 0.440476, 0.4, 0.00156837, 0.913497, 0.889604, 0.919672, 0.902917
2.46804, 19.4618, 0.440853, 0.4, 0.00156354, 0.913494, 0.889615, 0.91969, 0.902932
2.46904, 19.4899, 0.441229, 0.4, 0.00155868, 0.913492, 0.889627, 0.919707, 0.902948
2.47004, 19.5179, 0.441603, 0.4, 0.00155377, 0.913489, 0.889638, 0.919724, 0.902964
2.47104, 19.5458, 0.441975, 0.4, 0.00154881, 0.913487, 0.889649, 0.919741, 0.902979
2.47204, 19.5736, 0.442345, 0.4, 0.00154381, 0.913484, 0.88966, 0.919758, 0.902995
2.47304, 19.6014, 0.442713, 0.4, 0.00153877, 0.913482, 0.889671, 0.919775, 0.90301
2.47404, 19.629, 0.44308, 0.4, 0.00153369, 0.913479, 0.889682, 0.919792, 0.903025
2.47504, 19.6566, 0.443444, 0.4, 0.00152856, 0.913477, 0.889693, 0.919808, 0.90304
2.47604, 19.684, 0.443807, 0.4, 0.0015234, 0.913474, 0.889704, 0.919825, 0.903055
2.47704, 19.7114, 0.444167, 0.4, 0.00151819, 0.913471, 0.889715, 0.919841, 0.90307
2.47804, 19.7387, 0.444526, 0.4, 0.00151294, 0.913469, 0.889725, 0.919857, 0.903084
2.47904, 19.7659, 0.444883, 0.4, 0.00150764, 0.913466, 0.889736, 0.919873, 0.903099
2.48004, 19.793, 0.445238, 0.4, 0.00150231, 0.913464, 0.889746, 0.919889, 0.903114
2.48104, 19.82, 0.44559, 0.4, 0.00149693, 0.913461, 0.889757, 0.919905, 0.903128
2.48204, 19.8469, 0.445941, 0.4, 0.00149152, 0.913458, 0.889767, 0.919921, 0.903142
2.48304, 19.8737, 0.44629, 0.4, 0.00148606, 0.913455, 0.889777, 0.919937, 0.903156
2.48404, 19.9004, 0.446637, 0.4, 0.00148056, 0.913453, 0.889787, 0.919952, 0.90317
2.48504, 19.927, 0.446983, 0.4, 0.00147502, 0.91345, 0.889797, 0.919968, 0.903184
2.48604, 19.9535, 0.447325, 0.4, 0.00146945, 0.913447, 0.889807, 0.919983, 0.903198
2.48704, 19.9799, 0.447667, 0.4, 0.00146383, 0.913445, 0.889817, 0.919998, 0.903212
2.48803, 20.0062, 0.448006, 0.4, 0.00145817, 0.913442, 0.889827, 0.920013, 0.903226
2.48903, 20.0324, 0.448343, 0.4, 0.00145248, 0.913439, 0.889836, 0.920028, 0.903239
2.49003, 20.0585, 0.448678, 0.4, 0.00144674, 0.913436, 0.889846, 0.920043, 0.903253
2.49103, 20.0844, 0.44901, 0.4, 0.00144097, 0.913433, 0.889855, 0.920058, 0.903266
2.49203, 20.1103, 0.449341, 0.4, 0.00143516, 0.913431, 0.889865, 0.920073, 0.903279
2.49303, 20.1361, 0.44967, 0.4, 0.00142931, 0.913428, 0.889874, 0.920087, 0.903292
2.49403, 20.1618, 0.449997, 0.4, 0.00142342, 0.913425, 0.889883, 0.920102, 0.903305
2.49503, 20.1874, 0.450322, 0.4, 0.00141749, 0.913422, 0.889892, 0.920116, 0.903318
2.49603, 20.2128, 0.450644, 0.4, 0.00141153, 0.913419, 0.889902, 0.92013, 0.903331
2.49703, 20.2382, 0.450965, 0.4, 0.00140553, 0.913417, 0.889911, 0.920144, 0.903344
2.49803, 20.2634, 0.451283, 0.4, 0.00139949, 0.913414, 0.889919, 0.920158, 0.903356
2.49903, 20.2886, 0.4516, 0.4, 0.00139341, 0.913411, 0.889928, 0.920172, 0.903369
2.50003, 20.3136, 0.451914, 0.4, 0.0013873, 0.913408, 0.889937, 0.920186, 0.903381
2.50103, 20.3385, 0.452226, 0.4, 0.00138116, 0.913405, 0.889946, 0.9202, 0.903393
2.50203, 20.3633, 0.452536, 0.4, 0.00137497, 0.913402, 0.889954, 0.920213, 0.903405
2.50303, 20.388, 0.452844, 0.4, 0.00136875, 0.913399, 0.889963, 0.920227, 0.903417
2.50403, 20.4126, 0.453149, 0.4, 0.0013625, 0.913396, 0.889971, 0.92024, 0.903429
2.50503, 20.437, 0.453453, 0.4, 0.00135621, 0.913394, 0.889979, 0.920253, 0.903441
2.50603, 20.4614, 0.453755, 0.4, 0.00134988, 0.913391, 0.889987, 0.920266, 0.903453
2.50703, 20.4856, 0.454054, 0.4, 0.00134352, 0.913388, 0.889995, 0.920279, 0.903464
2.50803, 20.5098, 0.454351, 0.4, 0.00133713, 0.913385, 0.890004, 0.920292, 0.903476
2.50903, 20.5338, 0.454646, 0.4, 0.0013307, 0.913382, 0.890011, 0.920305, 0.903487
2.51003, 20.5577, 0.454939, 0.4, 0.00132424, 0.913379, 0.890019, 0.920317, 0.903499
2.51103, 20.5815, 0.455229, 0.4, 0.00131774, 0.913376, 0.890027, 0.92033, 0.90351
2.51203, 20.6051, 0.455517, 0.4, 0.00131121, 0.913373, 0.890035, 0.920342, 0.903521
2.51303, 20.6287, 0.455804, 0.4, 0.00130464, 0.91337, 0.890043, 0.920355, 0.903532
2.51403, 20.6521, 0.456087, 0.4, 0.00129805, 0.913367, 0.89005, 0.920367, 0.903543
2.51503, 20.6754, 0.456369, 0.4, 0.00129142, 0.913364, 0.890058, 0.920379, 0.903553
2.51603, 20.6986, 0.456649, 0.4, 0.00128476, 0.913361, 0.890065, 0.920391, 0.903564
2.51703, 20.7216, 0.456926, 0.4, 0.00127806, 0.913359, 0.890072, 0.920403, 0.903575
2.51803, 20.7446, 0.457201, 0.4, 0.00127134, 0.913356, 0.890079, 0.920414, 0.903585
2.51903, 20.7674, 0.457474, 0.4, 0.00126458, 0.913353, 0.890087, 0.920426, 0.903595
2.52003, 20.7901, 0.457744, 0.4, 0.00125779, 0.91335, 0.890094, 0.920437, 0.903606
2.52103, 20.8127, 0.458012, 0.4, 0.00125097, 0.913347, 0.890101, 0.920449, 0.903616
2.52203, 20.8351, 0.458278, 0.4, 0.00124412, 0.913344, 0.890108, 0.92046, 0.903626
2.52303, 20.8575, 0.458542, 0.4, 0.00123724, 0.913341, 0.890114, 0.920471, 0.903636
2.52403, 20.8797, 0.458804, 0.4, 0.00123033, 0.913338, 0.890121, 0.920482, 0.903645
2.52503, 20.9018, 0.459063, 0.4, 0.00122338, 0.913335, 0.890128, 0.920493, 0.903655
2.52603, 20.9237, 0.45932, 0.4, 0.00121641, 0.913332, 0.890134, 0.920504, 0.903665
2.52703, 20.9456, 0.459575, 0.4, 0.00120941, 0.913329, 0.890141, 0.920515, 0.903674
2.52803, 20.9673, 0.459827, 0.4, 0.00120238, 0.913327, 0.890147, 0.920525, 0.903684
2.52903, 20.9888, 0.460077, 0.4, 0.00119532, 0.913324, 0.890154, 0.920536, 0.903693
2.53003, 21.0103, 0.460325, 0.4, 0.00118823, 0.913321, 0.89016, 0.920546, 0.903702
2.53103, 21.0316, 0.46057, 0.4, 0.00118111, 0.913318, 0.890166, 0.920556, 0.903711
2.53203, 21.0528, 0.460813, 0.4, 0.00117397, 0.913315, 0.890172, 0.920567, 0.90372
2.53303, 21.0739, 0.461054, 0.4, 0.0011668, 0.913312, 0.890178, 0.920577, 0.903729
2.53403, 21.0948, 0.461293, 0.4, 0.00115959, 0.913309, 0.890184, 0.920587, 0.903738
2.53503, 21.1156, 0.461529, 0.4, 0.00115237, 0.913306, 0.89019, 0.920596, 0.903747
2.53603, 21.1363, 0.461762, 0.4, 0.00114511, 0.913303, 0.890196, 0.920606, 0.903755
2.53703, 21.1569, 0.461994, 0.4, 0.00113783, 0.913301, 0.890202, 0.920616, 0.903764
2.53803, 21.1773, 0.462223, 0.4, 0.00113052, 0.913298, 0.890207, 0.920625, 0.903772
2.53903, 21.1976, 0.46245, 0.4, 0.00112318, 0.913295, 0.890213, 0.920635, 0.90378
2.54003, 21.2177, 0.462674, 0.4, 0.00111582, 0.913292, 0.890218, 0.920644, 0.903788
2.54103, 21.2377, 0.462896, 0.4, 0.00110844, 0.913289, 0.890224, 0.920653, 0.903796
2.54203, 21.2576, 0.463116, 0.4, 0.00110102, 0.913287, 0.890229, 0.920662, 0.903804
2.54303, 21.2774, 0.463333, 0.4, 0.00109359, 0.913284, 0.890234, 0.920671, 0.903812
2.54403, 21.297, 0.463548, 0.4, 0.00108613, 0.913281, 0.89024, 0.92068, 0.90382
2.54503, 21.3165, 0.463761, 0.4, 0.00107864, 0.913278, 0.890245, 0.920688, 0.903828
2.54603, 21.3358, 0.463971, 0.4, 0.00107113, 0.913275, 0.89025, 0.920697, 0.903835
2.54703, 21.355, 0.464179, 0.4, 0.00106359, 0.913273, 0.890255, 0.920706, 0.903843
2.54803, 21.3741, 0.464384, 0.4, 0.00105603, 0.91327, 0.89026, 0.920714, 0.90385
2.54903, 21.393, 0.464587, 0.4, 0.00104845, 0.913267, 0.890264, 0.920722, 0.903857
2.55003, 21.4118, 0.464788, 0.4, 0.00104084, 0.913265, 0.890269, 0.92073, 0.903864
2.55103, 21.4305, 0.464986, 0.4, 0.00103322, 0.913262, 0.890274, 0.920738, 0.903871
2.55203, 21.449, 0.465182, 0.4, 0.00102556, 0.913259, 0.890278, 0.920746, 0.903878
2.55303, 21.4674, 0.465375, 0.4, 0.00101789, 0.913256, 0.890283, 0.920754, 0.903885
2.55403, 21.4857, 0.465567, 0.4, 0.00101019, 0.913254, 0.890287, 0.920762, 0.903892
2.55503, 21.5038, 0.465755, 0.4, 0.00100248, 0.913251, 0.890292, 0.920769, 0.903899
2.55603, 21.5218, 0.465941, 0.4, 0.000994737, 0.913249, 0.890296, 0.920777, 0.903905
2.55703, 21.5396, 0.466125, 0.4, 0.000986976, 0.913246, 0.8903, 0.920784, 0.903912
2.55803, 21.5573, 0.466306, 0.4, 0.000979195, 0.913243, 0.890305, 0.920792, 0.903918
2.55903, 21.5749, 0.466486, 0.4, 0.000971393, 0.913241, 0.890309, 0.920799, 0.903924
2.56003, 21.5923, 0.466662, 0.4, 0.00096357, 0.913238, 0.890313, 0.920806, 0.90393
2.56103, 21.6095, 0.466836, 0.4, 0.000955727, 0.913236, 0.890317, 0.920813, 0.903937
2.56203, 21.6267, 0.467008, 0.4, 0.000947865, 0.913233, 0.89032, 0.92082, 0.903943
2.56303, 21.6437, 0.467177, 0.4, 0.000939983, 0.913231, 0.890324, 0.920826, 0.903948
2.56403, 21.6605, 0.467344, 0.4, 0.000932081, 0.913228, 0.890328, 0.920833, 0.903954
2.56503, 21.6772, 0.467508, 0.4, 0.000924161, 0.913225, 0.890332, 0.92084, 0.90396
2.56603, 21.6938, 0.46767, 0.4, 0.000916222, 0.913223, 0.890335, 0.920846, 0.903965
2.56703, 21.7102, 0.46783, 0.4, 0.000908264, 0.913221, 0.890339, 0.920852, 0.903971
2.56803, 21.7265, 0.467987, 0.4, 0.000900289, 0.913218, 0.890342, 0.920858, 0.903976
2.56903, 21.7426, 0.468141, 0.4, 0.000892296, 0.913216, 0.890346, 0.920865, 0.903981
2.57003, 21.7586, 0.468293, 0.4, 0.000884285, 0.913213, 0.890349, 0.920871, 0.903987
2.57103, 21.7745, 0.468443, 0.4, 0.000876256, 0.913211, 0.890352, 0.920876, 0.903992
2.57203, 21.7902, 0.46859, 0.4, 0.000868211, 0.913208, 0.890355, 0.920882, 0.903997
2.57303, 21.8057, 0.468736, 0.4, 0.000860149, 0.913206, 0.890359, 0.920888, 0.904002
2.57403, 21.8211, 0.468878, 0.4, 0.000852071, 0.913204, 0.890362, 0.920893, 0.904006
2.57503, 21.8364, 0.469018, 0.4, 0.000843977, 0.913201, 0.890365, 0.920899, 0.904011
2.57603, 21.8515, 0.469155, 0.4, 0.000835866, 0.913199, 0.890368, 0.920904, 0.904016
2.57703, 21.8665, 0.46929, 0.4, 0.000827741, 0.913197, 0.89037, 0.920909, 0.90402
2.57803, 21.8813, 0.469423, 0.4, 0.0008196, 0.913195, 0.890373, 0.920914, 0.904025
2.57903, 21.896, 0.469553, 0.4, 0.000811444, 0.913192, 0.890376, 0.92092, 0.904029
2.58003, 21.9105, 0.46968, 0.4, 0.000803273, 0.91319, 0.890379, 0.920924, 0.904033
2.58103, 21.9249, 0.469805, 0.4, 0.000795088, 0.913188, 0.890381, 0.920929, 0.904037
2.58203, 21.9391, 0.469928, 0.4, 0.000786889, 0.913186, 0.890384, 0.920934, 0.904041
2.58303, 21.9532, 0.470048, 0.4, 0.000778676, 0.913184, 0.890386, 0.920939, 0.904045
2.58403, 21.9672, 0.470166, 0.4, 0.00077045, 0.913181, 0.890389, 0.920943, 0.904049
2.58503, 21.981, 0.470281, 0.4, 0.00076221, 0.913179, 0.890391, 0.920947, 0.904053
2.58603, 21.9946, 0.470394, 0.4, 0.000753958, 0.913177, 0.890393, 0.920952, 0.904057
2.58703, 22.0081, 0.470504, 0.4, 0.000745693, 0.913175, 0.890395, 0.920956, 0.90406
2.58803, 22.0215, 0.470612, 0.4, 0.000737415, 0.913173, 0.890397, 0.92096, 0.904064
2.58903, 22.0347, 0.470717, 0.4, 0.000729126, 0.913171, 0.8904, 0.920964, 0.904067
2.59003, 22.0477, 0.47082, 0.4, 0.000720825, 0.913169, 0.890401, 0.920968, 0.90407
2.59103, 22.0606, 0.47092, 0.4, 0.000712512, 0.913167, 0.890403, 0.920972, 0.904073
2.59203, 22.0734, 0.471018, 0.4, 0.000704188, 0.913165, 0.890405, 0.920975, 0.904076
2.59303, 22.086, 0.471114, 0.4, 0.000695853, 0.913163, 0.890407, 0.920979, 0.904079
2.59403, 22.0984, 0.471206, 0.4, 0.000687507, 0.913161, 0.890409, 0.920982, 0.904082
2.59503, 22.1107, 0.471297, 0.4, 0.000679152, 0.91316, 0.89041, 0.920986, 0.904085
2.59603, 22.1229, 0.471385, 0.4, 0.000670786, 0.913158, 0.890412, 0.920989, 0.904088
2.59703, 22.1349, 0.47147, 0.4, 0.00066241, 0.913156, 0.890414, 0.920992, 0.904091
2.59803, 22.1467, 0.471553, 0.4, 0.000654025, 0.913154, 0.890415, 0.920995, 0.904093
2.59903, 22.1584, 0.471634, 0.4, 0.000645631, 0.913152, 0.890416, 0.920998, 0.904096
2.60003, 22.1699, 0.471712, 0.4, 0.000637228, 0.91315, 0.890418, 0.921001, 0.904098
2.60103, 22.1813, 0.471788, 0.4, 0.000628816, 0.913149, 0.890419, 0.921003, 0.9041
2.60203, 22.1926, 0.471861, 0.4, 0.000620396, 0.913147, 0.89042, 0.921006, 0.904102
2.60303, 22.2037, 0.471932, 0.4, 0.000611968, 0.913145, 0.890422, 0.921008, 0.904104
2.60403, 22.2146, 0.472, 0.4, 0.000603532, 0.913144, 0.890423, 0.921011, 0.904106
2.60503, 22.2254, 0.472066, 0.4, 0.000595089, 0.913142, 0.890424, 0.921013, 0.904108
2.60603, 22.236, 0.472129, 0.4, 0.000586639, 0.91314, 0.890425, 0.921015, 0.90411
2.60703, 22.2465, 0.47219, 0.4, 0.000578181, 0.913139, 0.890426, 0.921017, 0.904112
2.60803, 22.2569, 0.472248, 0.4, 0.000569718, 0.913137, 0.890426, 0.921019, 0.904113
2.60903, 22.267, 0.472304, 0.4, 0.000561248, 0.913136, 0.890427, 0.921021, 0.904115
2.61003, 22.2771, 0.472358, 0.4, 0.000552771, 0.913134, 0.890428, 0.921023, 0.904116
2.61103, 22.2869, 0.472409, 0.4, 0.00054429, 0.913133, 0.890428, 0.921025, 0.904118
2.61203, 22.2967, 0.472457, 0.4, 0.000535803, 0.913131, 0.890429, 0.921026, 0.904119
2.61303, 22.3062, 0.472503, 0.4, 0.00052731, 0.91313, 0.89043, 0.921028, 0.90412
2.61403, 22.3156, 0.472547, 0.4, 0.000518813, 0.913128, 0.89043, 0.921029, 0.904121
2.61503, 22.3249, 0.472588, 0.4, 0.000510311, 0.913127, 0.89043, 0.92103, 0.904122
2.61603, 22.334, 0.472627, 0.4, 0.000501806, 0.913126, 0.890431, 0.921032, 0.904123
2.61703, 22.343, 0.472663, 0.4, 0.000493296, 0.913124, 0.890431, 0.921033, 0.904124
2.61803, 22.3518, 0.472697, 0.4, 0.000484782, 0.913123, 0.890431, 0.921034, 0.904124
2.61903, 22.3604, 0.472728, 0.4, 0.000476265, 0.913122, 0.890431, 0.921035, 0.904125
2.62003, 22.3689, 0.472757, 0.4, 0.000467745, 0.91312, 0.890431, 0.921035, 0.904126
2.62103, 22.3773, 0.472784, 0.4, 0.000459222, 0.913119, 0.890432, 0.921036, 0.904126
2.62203, 22.3854, 0.472808, 0.4, 0.000450696, 0.913118, 0.890432, 0.921037, 0.904126
2.62303, 22.3935, 0.472829, 0.4, 0.000442168, 0.913117, 0.890432, 0.921037, 0.904127
2.62403, 22.4014, 0.472849, 0.4, 0.000433639, 0.913116, 0.890431, 0.921037, 0.904127
2.62503, 22.4091, 0.472865, 0.4, 0.000425107, 0.913114, 0.890431, 0.921038, 0.904127
2.62602, 22.4167, 0.47288, 0.4, 0.000416574, 0.913113, 0.890431, 0.921038, 0.904127
2.62702, 22.4241, 0.472892, 0.4, 0.00040804, 0.913112, 0.890431, 0.921038, 0.904127
2.62802, 22.4314, 0.472902, 0.4, 0.000399505, 0.913111, 0.89043, 0.921038, 0.904127
2.62902, 22.4385, 0.472909, 0.4, 0.000390969, 0.91311, 0.89043, 0.921038, 0.904127
2.63002, 22.4454, 0.472913, 0.4, 0.000382434, 0.913109, 0.890429, 0.921038, 0.904126
2.63102, 22.4522, 0.472915, 0.4, 0.000373898, 0.913108, 0.890429, 0.921037, 0.904126
2.63202, 22.4589, 0.472915, 0.4, 0.000365362, 0.913107, 0.890428, 0.921037, 0.904125
2.63302, 22.4654, 0.472912, 0.4, 0.000356827, 0.913106, 0.890428, 0.921037, 0.904125
2.63402, 22.4717, 0.472907, 0.4, 0.000348293, 0.913105, 0.890427, 0.921036, 0.904124
2.63502, 22.4779, 0.472899, 0.4, 0.00033976, 0.913105, 0.890426, 0.921035, 0.904123
2.63602, 22.484, 0.47289, 0.4, 0.000331229, 0.913104, 0.890425, 0.921034, 0.904123
2.63702, 22.4899, 0.472878, 0.4, 0.000322699, 0.913103, 0.890424, 0.921034, 0.904122
2.63802, 22.4956, 0.472863, 0.4, 0.000314171, 0.913102, 0.890423, 0.921033, 0.90412
2.63902, 22.5012, 0.472846, 0.4, 0.000305645, 0.913101, 0.890422, 0.921031, 0.904119
2.64002, 22.5066, 0.472827, 0.4, 0.000297122, 0.913101, 0.890421, 0.92103, 0.904118
2.64102, 22.5119, 0.472805, 0.4, 0.000288602, 0.9131, 0.89042, 0.921029, 0.904117
2.64202, 22.517, 0.472781, 0.4, 0.000280085, 0.913099, 0.890419, 0.921028, 0.904116
2.64302, 22.5219, 0.472754, 0.4, 0.000271571, 0.913099, 0.890418, 0.921026, 0.904114
2.64402, 22.5268, 0.472725, 0.4, 0.00026306, 0.913098, 0.890416, 0.921024, 0.904112
2.64502, 22.5314, 0.472694, 0.4, 0.000254554, 0.913097, 0.890415, 0.921023, 0.904111
2.64602, 22.5359, 0.472661, 0.4, 0.000246052, 0.913097, 0.890414, 0.921021, 0.904109
2.64702, 22.5403, 0.472625, 0.4, 0.000237554, 0.913096, 0.890412, 0.921019, 0.904107
2.64802, 22.5445, 0.472586, 0.4, 0.000229061, 0.913096, 0.890411, 0.921017, 0.904105
2.64902, 22.5485, 0.472546, 0.4, 0.000220573, 0.913095, 0.890409, 0.921015, 0.904103
2.65002, 22.5524, 0.472503, 0.4, 0.00021209, 0.913095, 0.890407, 0.921013, 0.904101
2.65102, 22.5561, 0.472457, 0.4, 0.000203613, 0.913094, 0.890406, 0.921011, 0.904099
2.65202, 22.5597, 0.472409, 0.4, 0.000195142, 0.913094, 0.890404, 0.921008, 0.904097
2.65302, 22.5632, 0.472359, 0.4, 0.000186677, 0.913093, 0.890402, 0.921006, 0.904094
2.65402, 22.5665, 0.472307, 0.4, 0.000178218, 0.913093, 0.8904, 0.921003, 0.904092
2.65502, 22.5696, 0.472252, 0.4, 0.000169766, 0.913092, 0.890398, 0.921, 0.90409
2.65602, 22.5726, 0.472195, 0.4, 0.000161321, 0.913092, 0.890396, 0.920998, 0.904087
2.65702, 22.5754, 0.472136, 0.4, 0.000152883, 0.913092, 0.890394, 0.920995, 0.904084
2.65802, 22.5781, 0.472074, 0.4, 0.000144452, 0.913091, 0.890391, 0.920992, 0.904081
2.65902, 22.5806, 0.47201, 0.4, 0.000136029, 0.913091, 0.890389, 0.920989, 0.904079
2.66002, 22.583, 0.471944, 0.4, 0.000127615, 0.913091, 0.890387, 0.920986, 0.904076
2.66102, 22.5852, 0.471875, 0.4, 0.000119208, 0.913091, 0.890385, 0.920982, 0.904073
2.66202, 22.5873, 0.471804, 0.4, 0.00011081, 0.91309, 0.890382, 0.920979, 0.90407
2.66302, 22.5892, 0.471731, 0.4, 0.000102421, 0.91309, 0.89038, 0.920976, 0.904066
2.66402, 22.591, 0.471656, 0.4, 9.40406e-05, 0.91309, 0.890377, 0.920972, 0.904063
2.66502, 22.5926, 0.471578, 0.4, 8.56699e-05, 0.91309, 0.890375, 0.920968, 0.90406
2.66602, 22.594, 0.471498, 0.4, 7.73086e-05, 0.91309, 0.890372, 0.920965, 0.904056
2.66702, 22.5954, 0.471416, 0.4, 6.89573e-05, 0.91309, 0.89037, 0.920961, 0.904053
2.66802, 22.5965, 0.471332, 0.4, 6.06161e-05, 0.91309, 0.890367, 0.920957, 0.904049
2.66902, 22.5975, 0.471245, 0.4, 5.22853e-05, 0.913089, 0.890364, 0.920953, 0.904045
2.67002, 22.5984, 0.471156, 0.4, 4.39651e-05, 0.913089, 0.890361, 0.920949, 0.904042
2.67102, 22.5991, 0.471065, 0.4, 3.56559e-05, 0.913089, 0.890358, 0.920945, 0.904038
2.67202, 22.5997, 0.470971, 0.4, 2.73578e-05, 0.91309, 0.890355, 0.92094, 0.904034
2.67302, 22.6001, 0.470876, 0.4, 1.90711e-05, 0.91309, 0.890352, 0.920936, 0.90403
2.67402, 22.6004, 0.470778, 0.4, 1.07962e-05, 0.91309, 0.890349, 0.920932, 0.904026
2.67502, 22.6005, 0.470677, 0.4, 2.53319e-06, 0.91309, 0.890346, 0.920927, 0.904021
2.67602, 22.6005, 0.470575, 0.4, -5.7176e-06, 0.91309, 0.890343, 0.920922, 0.904017
2.67702, 22.6003, 0.470471, 0.4, -1.39559e-05, 0.91309, 0.89034, 0.920918, 0.904013
2.67802, 22.6, 0.470364, 0.4, -2.21815e-05, 0.91309, 0.890336, 0.920913, 0.904008
2.67902, 22.5995, 0.470255, 0.4, -3.03942e-05, 0.91309, 0.890333, 0.920908, 0.904004
2.68002, 22.5989, 0.470144, 0.4, -3.85936e-05, 0.91309, 0.89033, 0.920903, 0.903999
2.68102, 22.5981, 0.470031, 0.4, -4.67795e-05, 0.91309, 0.890326, 0.920897, 0.903994
2.68202, 22.5972, 0.469915, 0.4, -5.49517e-05, 0.913091, 0.890323, 0.920892, 0.90399
2.68302, 22.5961, 0.469798, 0.4, -6.31098e-05, 0.913091, 0.890319, 0.920887, 0.903985
2.68402, 22.5949, 0.469678, 0.4, -7.12538e-05, 0.913091, 0.890315, 0.920882, 0.90398
2.68502, 22.5936, 0.469556, 0.4, -7.93832e-05, 0.913091, 0.890312, 0.920876, 0.903975
2.68602, 22.5921, 0.469432, 0.4, -8.74979e-05, 0.913091, 0.890308, 0.92087, 0.90397
2.68702, 22.5904, 0.469306, 0.4, -9.55976e-05, 0.913092, 0.890304, 0.920865, 0.903965
2.68802, 22.5886, 0.469177, 0.4, -0.000103682, 0.913092, 0.8903, 0.920859, 0.903959
2.68902, 22.5867, 0.469047, 0.4, -0.000111751, 0.913092, 0.890296, 0.920853, 0.903954
2.69002, 22.5846, 0.468915, 0.4, -0.000119804, 0.913093, 0.890292, 0.920847, 0.903948
2.69102, 22.5824, 0.46878, 0.4, -0.000127841, 0.913093, 0.890288, 0.920841, 0.903943
2.69202, 22.58, 0.468643, 0.4, -0.000135862, 0.913094, 0.890284, 0.920835, 0.903937
2.69302, 22.5775, 0.468504, 0.4, -0.000143867, 0.913094, 0.89028, 0.920829, 0.903932
2.69402, 22.5748, 0.468363, 0.4, -0.000151855, 0.913094, 0.890275, 0.920822, 0.903926
2.69502, 22.572, 0.46822, 0.4, -0.000159826, 0.913095, 0.890271, 0.920816, 0.90392
2.69602, 22.569, 0.468075, 0.4, -0.000167779, 0.913095, 0.890267, 0.920809, 0.903914
2.69702, 22.566, 0.467929, 0.4, -0.000175715, 0.913096, 0.890262, 0.920803, 0.903908
2.69802, 22.5627, 0.467779, 0.4, -0.000183634, 0.913096, 0.890258, 0.920796, 0.903902
2.69902, 22.5593, 0.467628, 0.4, -0.000191535, 0.913096, 0.890253, 0.920789, 0.903896
2.70002, 22.5558, 0.467475, 0.4, -0.000199417, 0.913097, 0.890249, 0.920783, 0.903889
2.70102, 22.5522, 0.467319, 0.4, -0.000207281, 0.913097, 0.890244, 0.920776, 0.903883
2.70202, 22.5484, 0.467162, 0.4, -0.000215127, 0.913098, 0.890239, 0.920768, 0.903877
2.70302, 22.5444, 0.467003, 0.4, -0.000222953, 0.913098, 0.890234, 0.920761, 0.90387
2.70402, 22.5403, 0.466841, 0.4, -0.000230761, 0.913099, 0.89023, 0.920754, 0.903863
2.70502, 22.5361, 0.466678, 0.4, -0.000238549, 0.913099, 0.890225, 0.920747, 0.903857
2.70602, 22.5317, 0.466512, 0.4, -0.000246318, 0.9131, 0.89022, 0.920739, 0.90385
2.70702, 22.5272, 0.466345, 0.4, -0.000254066, 0.9131, 0.890215, 0.920732, 0.903843
2.70802, 22.5226, 0.466175, 0.4, -0.000261795, 0.913101, 0.89021, 0.920724, 0.903836
2.70902, 22.5178, 0.466004, 0.4, -0.000269504, 0.913102, 0.890204, 0.920716, 0.903829
2.71002, 22.5129, 0.465831, 0.4, -0.000277191, 0.913102, 0.890199, 0.920709, 0.903822
2.71102, 22.5078, 0.465656, 0.4, -0.000284859, 0.913103, 0.890194, 0.920701, 0.903815
2.71202, 22.5026, 0.465478, 0.4, -0.000292505, 0.913103, 0.890189, 0.920693, 0.903808
2.71302, 22.4973, 0.465299, 0.4, -0.00030013, 0.913104, 0.890183, 0.920685, 0.9038
2.71402, 22.4918, 0.465118, 0.4, -0.000307734, 0.913105, 0.890178, 0.920677, 0.903793
2.71502, 22.4862, 0.464935, 0.4, -0.000315316, 0.913105, 0.890172, 0.920668, 0.903785
2.71602, 22.4805, 0.46475, 0.4, -0.000322876, 0.913106, 0.890167, 0.92066, 0.903778
2.71702, 22.4746, 0.464563, 0.4, -0.000330415, 0.913107, 0.890161, 0.920652, 0.90377
2.71802, 22.4686, 0.464375, 0.4, -0.00033793, 0.913107, 0.890155, 0.920643, 0.903762
2.71902, 22.4624, 0.464184, 0.4, -0.000345424, 0.913108, 0.89015, 0.920635, 0.903754
2.72002, 22.4562, 0.463992, 0.4, -0.000352894, 0.913108, 0.890144, 0.920626, 0.903746
2.72102, 22.4497, 0.463797, 0.4, -0.000360342, 0.913109, 0.890138, 0.920617, 0.903738
2.72202, 22.4432, 0.463601, 0.4, -0.000367767, 0.91311, 0.890132, 0.920608, 0.90373
2.72302, 22.4365, 0.463403, 0.4, -0.000375168, 0.91311, 0.890126, 0.920599, 0.903722
2.72402, 22.4297, 0.463203, 0.4, -0.000382546, 0.913111, 0.89012, 0.92059, 0.903714
2.72502, 22.4227, 0.463001, 0.4, -0.000389899, 0.913112, 0.890114, 0.920581, 0.903706
2.72602, 22.4156, 0.462798, 0.4, -0.000397229, 0.913112, 0.890108, 0.920572, 0.903697
2.72702, 22.4084, 0.462592, 0.4, -0.000404535, 0.913113, 0.890101, 0.920563, 0.903689
2.72802, 22.4011, 0.462385, 0.4, -0.000411816, 0.913114, 0.890095, 0.920553, 0.90368
2.72902, 22.3936, 0.462176, 0.4, -0.000419072, 0.913114, 0.890089, 0.920544, 0.903671
2.73002, 22.386, 0.461965, 0.4, -0.000426304, 0.913115, 0.890082, 0.920534, 0.903663
2.73102, 22.3783, 0.461753, 0.4, -0.00043351, 0.913116, 0.890076, 0.920525, 0.903654
2.73202, 22.3704, 0.461539, 0.4, -0.000440692, 0.913116, 0.890069, 0.920515, 0.903645
2.73302, 22.3624, 0.461322, 0.4, -0.000447848, 0.913117, 0.890062, 0.920505, 0.903636
2.73402, 22.3543, 0.461105, 0.4, -0.000454978, 0.913118, 0.890056, 0.920495, 0.903627
2.73502, 22.346, 0.460885, 0.4, -0.000462082, 0.913118, 0.890049, 0.920485, 0.903618
2.73602, 22.3376, 0.460664, 0.4, -0.00046916, 0.913119, 0.890042, 0.920475, 0.903609
2.73702, 22.3291, 0.460441, 0.4, -0.000476212, 0.91312, 0.890035, 0.920465, 0.903599
2.73802, 22.3205, 0.460216, 0.4, -0.000483237, 0.91312, 0.890028, 0.920455, 0.90359
2.73902, 22.3117, 0.45999, 0.4, -0.000490236, 0.913121, 0.890022, 0.920444, 0.90358
2.74002, 22.3028, 0.459762, 0.4, -0.000497208, 0.913122, 0.890014, 0.920434, 0.903571
2.74102, 22.2938, 0.459532, 0.4, -0.000504153, 0.913122, 0.890007, 0.920423, 0.903561
2.74202, 22.2847, 0.4593, 0.4, -0.00051107, 0.913123, 0.89, 0.920413, 0.903552
2.74302, 22.2754, 0.459067, 0.4, -0.00051796, 0.913124, 0.889993, 0.920402, 0.903542
2.74402, 22.266, 0.458832, 0.4, -0.000524822, 0.913124, 0.889986, 0.920391, 0.903532
2.74502, 22.2565, 0.458596, 0.4, -0.000531657, 0.913125, 0.889978, 0.92038, 0.903522
2.74602, 22.2469, 0.458358, 0.4, -0.000538463, 0.913126, 0.889971, 0.920369, 0.903512
2.74702, 22.2371, 0.458118, 0.4, -0.000545242, 0.913126, 0.889963, 0.920358, 0.903502
2.74802, 22.2273, 0.457877, 0.4, -0.000551992, 0.913127, 0.889956, 0.920347, 0.903492
2.74902, 22.2173, 0.457634, 0.4, -0.000558713, 0.913127, 0.889948, 0.920336, 0.903481
2.75002, 22.2072, 0.45739, 0.4, -0.000565405, 0.913128, 0.88994, 0.920325, 0.903471
2.75102, 22.1969, 0.457143, 0.4, -0.000572069, 0.913129, 0.889933, 0.920314, 0.903461
2.75202, 22.1866, 0.456896, 0.4, -0.000578703, 0.913129, 0.889925, 0.920302, 0.90345
2.75302, 22.1761, 0.456647, 0.4, -0.000585308, 0.91313, 0.889917, 0.92029, 0.903439
2.75402, 22.1655, 0.456396, 0.4, -0.000591884, 0.91313, 0.889909, 0.920279, 0.903429
2.75502, 22.1548, 0.456144, 0.4, -0.000598429, 0.913131, 0.889901, 0.920267, 0.903418
2.75602, 22.1439, 0.45589, 0.4, -0.000604945, 0.913131, 0.889893, 0.920255, 0.903407
2.75702, 22.133, 0.455634, 0.4, -0.000611431, 0.913132, 0.889885, 0.920244, 0.903396
2.75802, 22.1219, 0.455378, 0.4, -0.000617887, 0.913132, 0.889877, 0.920232, 0.903385
2.75902, 22.1108, 0.455119, 0.4, -0.000624312, 0.913133, 0.889868, 0.92022, 0.903374
2.76002, 22.0995, 0.454859, 0.4, -0.000630707, 0.913133, 0.88986, 0.920208, 0.903363
2.76102, 22.0881, 0.454598, 0.4, -0.000637071, 0.913134, 0.889852, 0.920195, 0.903352
2.76202, 22.0765, 0.454335, 0.4, -0.000643404, 0.913134, 0.889843, 0.920183, 0.903341
2.76302, 22.0649, 0.454071, 0.4, -0.000649706, 0.913135, 0.889835, 0.920171, 0.903329
2.76401, 22.0531, 0.453805, 0.4, -0.000655977, 0.913135, 0.889826, 0.920158, 0.903318
2.76501, 22.0413, 0.453538, 0.4, -0.000662216, 0.913136, 0.889817, 0.920146, 0.903306
2.76601, 22.0293, 0.45327, 0.4, -0.000668424, 0.913136, 0.889809, 0.920133, 0.903295
2.76701, 22.0172, 0.453, 0.4, -0.0006746, 0.913136, 0.8898, 0.92012, 0.903283
2.76801, 22.005, 0.452728, 0.4, -0.000680744, 0.913137, 0.889791, 0.920108, 0.903271
2.76901, 21.9927, 0.452455, 0.4, -0.000686856, 0.913137, 0.889782, 0.920095, 0.903259
2.77001, 21.9803, 0.452181, 0.4, -0.000692936, 0.913138, 0.889773, 0.920082, 0.903247
2.77101, 21.9678, 0.451906, 0.4, -0.000698983, 0.913138, 0.889764, 0.920069, 0.903235
2.77201, 21.9551, 0.451629, 0.4, -0.000704998, 0.913138, 0.889755, 0.920056, 0.903223
2.77301, 21.9424, 0.451351, 0.4, -0.00071098, 0.913138, 0.889746, 0.920043, 0.903211
2.77401, 21.9295, 0.451071, 0.4, -0.000716929, 0.913139, 0.889737, 0.920029, 0.903199
2.77501, 21.9166, 0.45079, 0.4, -0.000722846, 0.913139, 0.889727, 0.920016, 0.903187
2.77601, 21.9035, 0.450508, 0.4, -0.000728729, 0.913139, 0.889718, 0.920003, 0.903174
2.77701, 21.8903, 0.450225, 0.4, -0.000734578, 0.913139, 0.889709, 0.919989, 0.903162
2.77801, 21.8771, 0.44994, 0.4, -0.000740395, 0.91314, 0.889699, 0.919976, 0.903149
2.77901, 21.8637, 0.449654, 0.4, -0.000746177, 0.91314, 0.88969, 0.919962, 0.903137
2.78001, 21.8502, 0.449366, 0.4, -0.000751926, 0.91314, 0.88968, 0.919948, 0.903124
2.78101, 21.8366, 0.449078, 0.4, -0.000757641, 0.91314, 0.88967, 0.919934, 0.903111
2.78201, 21.8229, 0.448788, 0.4, -0.000763322, 0.91314, 0.889661, 0.919921, 0.903098
2.78301, 21.8091, 0.448497, 0.4, -0.000768969, 0.91314, 0.889651, 0.919907, 0.903085
2.78401, 21.7952, 0.448204, 0.4, -0.000774582, 0.91314, 0.889641, 0.919893, 0.903072
2.78501, 21.7812, 0.447911, 0.4, -0.000780159, 0.91314, 0.889631, 0.919878, 0.903059
2.78601, 21.7671, 0.447616, 0.4, -0.000785703, 0.91314, 0.889621, 0.919864, 0.903046
2.78701, 21.753, 0.44732, 0.4, -0.000791211, 0.91314, 0.889611, 0.91985, 0.903033
2.78801, 21.7387, 0.447023, 0.4, -0.000796685, 0.91314, 0.889601, 0.919836, 0.90302
2.78901, 21.7243, 0.446725, 0.4, -0.000802124, 0.91314, 0.889591, 0.919821, 0.903006
2.79001, 21.7098, 0.446426, 0.4, -0.000807527, 0.91314, 0.88958, 0.919807, 0.902993
2.79101, 21.6952, 0.446125, 0.4, -0.000812895, 0.91314, 0.88957, 0.919792, 0.902979
2.79201, 21.6805, 0.445823, 0.4, -0.000818228, 0.91314, 0.88956, 0.919778, 0.902966
2.79301, 21.6657, 0.445521, 0.4, -0.000823525, 0.91314, 0.889549, 0.919763, 0.902952
2.79401, 21.6509, 0.445217, 0.4, -0.000828787, 0.913139, 0.889539, 0.919748, 0.902938
2.79501, 21.6359, 0.444912, 0.4, -0.000834012, 0.913139, 0.889528, 0.919733, 0.902925
2.79601, 21.6208, 0.444605, 0.4, -0.000839202, 0.913139, 0.889517, 0.919718, 0.902911
2.79701, 21.6057, 0.444298, 0.4, -0.000844356, 0.913138, 0.889507, 0.919703, 0.902897
2.79801, 21.5905, 0.44399, 0.4, -0.000849473, 0.913138, 0.889496, 0.919688, 0.902883
2.79901, 21.5751, 0.443681, 0.4, -0.000854554, 0.913138, 0.889485, 0.919673, 0.902869
2.80001, 21.5597, 0.443371, 0.4, -0.000859599, 0.913137, 0.889474, 0.919658, 0.902854
2.80101, 21.5442, 0.443059, 0.4, -0.000864607, 0.913137, 0.889463, 0.919643, 0.90284
2.80201, 21.5286, 0.442747, 0.4, -0.000869579, 0.913137, 0.889452, 0.919627, 0.902826
2.80301, 21.5129, 0.442433, 0.4, -0.000874514, 0.913136, 0.889441, 0.919612, 0.902811
2.80401, 21.4971, 0.442119, 0.4, -0.000879412, 0.913136, 0.88943, 0.919596, 0.902797
2.80501, 21.4812, 0.441804, 0.4, -0.000884272, 0.913135, 0.889419, 0.919581, 0.902782
2.80601, 21.4652, 0.441487, 0.4, -0.000889096, 0.913134, 0.889407, 0.919565, 0.902768
2.80701, 21.4492, 0.44117, 0.4, -0.000893883, 0.913134, 0.889396, 0.919549, 0.902753
2.80801, 21.4331, 0.440852, 0.4, -0.000898632, 0.913133, 0.889384, 0.919533, 0.902738
2.80901, 21.4168, 0.440533, 0.4, -0.000903343, 0.913132, 0.889373, 0.919518, 0.902723
2.81001, 21.4005, 0.440213, 0.4, -0.000908018, 0.913132, 0.889361, 0.919501, 0.902708
2.81101, 21.3842, 0.439892, 0.4, -0.000912654, 0.913131, 0.88935, 0.919486, 0.902693
2.81201, 21.3677, 0.43957, 0.4, -0.000917253, 0.91313, 0.889338, 0.919469, 0.902678
2.81301, 21.3511, 0.439247, 0.4, -0.000921814, 0.913129, 0.889326, 0.919453, 0.902663
2.81401, 21.3345, 0.438923, 0.4, -0.000926336, 0.913129, 0.889315, 0.919437, 0.902648
2.81501, 21.3178, 0.438599, 0.4, -0.000930821, 0.913128, 0.889303, 0.919421, 0.902633
2.81601, 21.301, 0.438274, 0.4, -0.000935268, 0.913127, 0.889291, 0.919404, 0.902617
2.81701, 21.2841, 0.437947, 0.4, -0.000939676, 0.913126, 0.889279, 0.919388, 0.902602
2.81801, 21.2672, 0.43762, 0.4, -0.000944046, 0.913125, 0.889267, 0.919371, 0.902587
2.81901, 21.2501, 0.437293, 0.4, -0.000948378, 0.913124, 0.889255, 0.919355, 0.902571
2.82001, 21.233, 0.436964, 0.4, -0.000952671, 0.913123, 0.889242, 0.919338, 0.902555
2.82101, 21.2158, 0.436635, 0.4, -0.000956925, 0.913121, 0.88923, 0.919322, 0.90254
2.82201, 21.1986, 0.436304, 0.4, -0.000961141, 0.91312, 0.889218, 0.919305, 0.902524
2.82301, 21.1812, 0.435974, 0.4, -0.000965317, 0.913119, 0.889205, 0.919288, 0.902508
2.82401, 21.1638, 0.435642, 0.4, -0.000969455, 0.913118, 0.889193, 0.919271, 0.902492
2.82501, 21.1463, 0.435309, 0.4, -0.000973554, 0.913117, 0.88918, 0.919254, 0.902476
2.82601, 21.1288, 0.434976, 0.4, -0.000977614, 0.913115, 0.889168, 0.919237, 0.90246
2.82701, 21.1111, 0.434642, 0.4, -0.000981635, 0.913114, 0.889155, 0.91922, 0.902444
2.82801, 21.0934, 0.434308, 0.4, -0.000985616, 0.913112, 0.889143, 0.919203, 0.902428
2.82901, 21.0757, 0.433972, 0.4, -0.000989559, 0.913111, 0.88913, 0.919186, 0.902412
2.83001, 21.0578, 0.433637, 0.4, -0.000993461, 0.913109, 0.889117, 0.919168, 0.902396
2.83101, 21.0399, 0.4333, 0.4, -0.000997325, 0.913108, 0.889104, 0.919151, 0.902379
2.83201, 21.0219, 0.432963, 0.4, -0.00100115, 0.913106, 0.889091, 0.919134, 0.902363
2.83301, 21.0038, 0.432625, 0.4, -0.00100493, 0.913105, 0.889078, 0.919116, 0.902347
2.83401, 20.9857, 0.432286, 0.4, -0.00100868, 0.913103, 0.889065, 0.919099, 0.90233
2.83501, 20.9675, 0.431947, 0.4, -0.00101238, 0.913101, 0.889052, 0.919081, 0.902313
2.83601, 20.9493, 0.431607, 0.4, -0.00101605, 0.9131, 0.889039, 0.919063, 0.902297
2.83701, 20.931, 0.431267, 0.4, -0.00101967, 0.913098, 0.889026, 0.919046, 0.90228
2.83801, 20.9126, 0.430926, 0.4, -0.00102326, 0.913096, 0.889012, 0.919028, 0.902263
2.83901, 20.8941, 0.430584, 0.4, -0.0010268, 0.913094, 0.888999, 0.91901, 0.902246
2.84001, 20.8756, 0.430242, 0.4, -0.00103031, 0.913092, 0.888986, 0.918992, 0.902229
2.84101, 20.857, 0.4299, 0.4, -0.00103377, 0.91309, 0.888972, 0.918974, 0.902213
2.84201, 20.8384, 0.429557, 0.4, -0.0010372, 0.913088, 0.888958, 0.918956, 0.902195
2.84301, 20.8197, 0.429213, 0.4, -0.00104058, 0.913086, 0.888945, 0.918938, 0.902178
2.84401, 20.8009, 0.428869, 0.4, -0.00104392, 0.913084, 0.888931, 0.91892, 0.902161
2.84501, 20.7821, 0.428524, 0.4, -0.00104723, 0.913082, 0.888917, 0.918902, 0.902144
2.84601, 20.7632, 0.428179, 0.4, -0.00105049, 0.913079, 0.888904, 0.918884, 0.902127
2.84701, 20.7443, 0.427833, 0.4, -0.00105371, 0.913077, 0.88889, 0.918866, 0.902109
2.84801, 20.7253, 0.427487, 0.4, -0.0010569, 0.913075, 0.888876, 0.918847, 0.902092
2.84901, 20.7062, 0.427141, 0.4, -0.00106004, 0.913073, 0.888862, 0.918829, 0.902074
2.85001, 20.6871, 0.426794, 0.4, -0.00106314, 0.91307, 0.888848, 0.91881, 0.902057
2.85101, 20.668, 0.426446, 0.4, -0.0010662, 0.913068, 0.888834, 0.918792, 0.902039
2.85201, 20.6487, 0.426098, 0.4, -0.00106922, 0.913065, 0.88882, 0.918773, 0.902022
2.85301, 20.6295, 0.42575, 0.4, -0.00107219, 0.913063, 0.888806, 0.918755, 0.902004
2.85401, 20.6101, 0.425402, 0.4, -0.00107513, 0.91306, 0.888791, 0.918736, 0.901986
2.85501, 20.5908, 0.425053, 0.4, -0.00107803, 0.913057, 0.888777, 0.918717, 0.901968
2.85601, 20.5713, 0.424704, 0.4, -0.00108088, 0.913055, 0.888763, 0.918698, 0.901951
2.85701, 20.5519, 0.424354, 0.4, -0.0010837, 0.913052, 0.888748, 0.91868, 0.901933
2.85801, 20.5323, 0.424004, 0.4, -0.00108647, 0.913049, 0.888734, 0.918661, 0.901915
2.85901, 20.5127, 0.423653, 0.4, -0.00108921, 0.913046, 0.888719, 0.918642, 0.901897
2.86001, 20.4931, 0.423303, 0.4, -0.0010919, 0.913043, 0.888705, 0.918623, 0.901879
2.86101, 20.4734, 0.422952, 0.4, -0.00109455, 0.91304, 0.88869, 0.918604, 0.90186
2.86201, 20.4537, 0.422601, 0.4, -0.00109716, 0.913037, 0.888675, 0.918585, 0.901842
2.86301, 20.4339, 0.422249, 0.4, -0.00109973, 0.913034, 0.88866, 0.918566, 0.901824
2.86401, 20.4141, 0.421897, 0.4, -0.00110225, 0.913031, 0.888646, 0.918546, 0.901806
2.86501, 20.3943, 0.421545, 0.4, -0.00110474, 0.913028, 0.888631, 0.918527, 0.901787
2.86601, 20.3743, 0.421193, 0.4, -0.00110718, 0.913025, 0.888616, 0.918508, 0.901769
2.86701, 20.3544, 0.420841, 0.4, -0.00110959, 0.913022, 0.888601, 0.918489, 0.901751
2.86801, 20.3344, 0.420488, 0.4, -0.00111195, 0.913018, 0.888586, 0.918469, 0.901732
2.86901, 20.3144, 0.420135, 0.4, -0.00111427, 0.913015, 0.888571, 0.91845, 0.901713
2.87001, 20.2943, 0.419782, 0.4, -0.00111655, 0.913011, 0.888556, 0.91843, 0.901695
2.87101, 20.2742, 0.419428, 0.4, -0.00111879, 0.913008, 0.888541, 0.918411, 0.901676
2.87201, 20.254, 0.419075, 0.4, -0.00112098, 0.913004, 0.888525, 0.918391, 0.901658
2.87301, 20.2338, 0.418721, 0.4, -0.00112314, 0.913001, 0.88851, 0.918372, 0.901639
2.87401, 20.2136, 0.418368, 0.4, -0.00112525, 0.912997, 0.888495, 0.918352, 0.90162
2.87501, 20.1933, 0.418014, 0.4, -0.00112733, 0.912994, 0.888479, 0.918333, 0.901601
2.87601, 20.173, 0.41766, 0.4, -0.00112936, 0.91299, 0.888464, 0.918313, 0.901582
2.87701, 20.1526, 0.417306, 0.4, -0.00113135, 0.912986, 0.888448, 0.918293, 0.901563
2.87801, 20.1323, 0.416952, 0.4, -0.00113329, 0.912982, 0.888433, 0.918273, 0.901544
2.87901, 20.1118, 0.416597, 0.4, -0.0011352, 0.912978, 0.888417, 0.918254, 0.901525
2.88001, 20.0914, 0.416243, 0.4, -0.00113707, 0.912974, 0.888402, 0.918234, 0.901506
2.88101, 20.0709, 0.415888, 0.4, -0.00113889, 0.91297, 0.888386, 0.918214, 0.901487
2.88201, 20.0504, 0.415534, 0.4, -0.00114067, 0.912966, 0.88837, 0.918194, 0.901468
2.88301, 20.0298, 0.41518, 0.4, -0.00114241, 0.912962, 0.888354, 0.918174, 0.901449
2.88401, 20.0093, 0.414825, 0.4, -0.00114411, 0.912958, 0.888339, 0.918154, 0.901429
2.88501, 19.9887, 0.414471, 0.4, -0.00114577, 0.912954, 0.888323, 0.918134, 0.90141
2.88601, 19.968, 0.414116, 0.4, -0.00114739, 0.91295, 0.888307, 0.918114, 0.901391
2.88701, 19.9473, 0.413761, 0.4, -0.00114896, 0.912945, 0.888291, 0.918094, 0.901371
2.88801, 19.9267, 0.413407, 0.4, -0.00115049, 0.912941, 0.888275, 0.918073, 0.901352
2.88901, 19.9059, 0.413052, 0.4, -0.00115199, 0.912936, 0.888259, 0.918053, 0.901332
2.89001, 19.8852, 0.412698, 0.4, -0.00115344, 0.912932, 0.888243, 0.918033, 0.901313
2.89101, 19.8644, 0.412344, 0.4, -0.00115484, 0.912927, 0.888226, 0.918013, 0.901293
2.89201, 19.8436, 0.41199, 0.4, -0.00115621, 0.912923, 0.88821, 0.917992, 0.901274
2.89301, 19.8228, 0.411635, 0.4, -0.00115754, 0.912918, 0.888194, 0.917972, 0.901254
2.89401, 19.8019, 0.411281, 0.4, -0.00115882, 0.912913, 0.888178, 0.917952, 0.901235
2.89501, 19.7811, 0.410927, 0.4, -0.00116006, 0.912908, 0.888161, 0.917931, 0.901215
2.89601, 19.7602, 0.410574, 0.4, -0.00116127, 0.912904, 0.888145, 0.917911, 0.901195
2.89701, 19.7393, 0.41022, 0.4, -0.00116243, 0.912899, 0.888128, 0.91789, 0.901175
2.89801, 19.7183, 0.409866, 0.4, -0.00116355, 0.912894, 0.888112, 0.91787, 0.901155
2.89901, 19.6974, 0.409513, 0.4, -0.00116462, 0.912889, 0.888096, 0.91785, 0.901136
2.90001, 19.6764, 0.40916, 0.4, -0.00116566, 0.912884, 0.888079, 0.917829, 0.901116
2.90101, 19.6554, 0.408806, 0.4, -0.00116665, 0.912879, 0.888062, 0.917808, 0.901096
2.902, 19.6344, 0.408454, 0.4, -0.00116761, 0.912874, 0.888046, 0.917788, 0.901076
2.903, 19.6134, 0.408101, 0.4, -0.00116852, 0.912868, 0.888029, 0.917767, 0.901056
2.904, 19.5923, 0.407749, 0.4, -0.00116939, 0.912863, 0.888012, 0.917747, 0.901036
2.905, 19.5713, 0.407396, 0.4, -0.00117022, 0.912858, 0.887996, 0.917726, 0.901016
2.906, 19.5502, 0.407044, 0.4, -0.00117101, 0.912852, 0.887979, 0.917705, 0.900996
2.907, 19.5291, 0.406693, 0.4, -0.00117176, 0.912847, 0.887962, 0.917684, 0.900976
2.908, 19.508, 0.406341, 0.4, -0.00117246, 0.912841, 0.887945, 0.917664, 0.900955
2.909, 19.4869, 0.40599, 0.4, -0.00117313, 0.912836, 0.887928, 0.917643, 0.900935
2.91, 19.4658, 0.405639, 0.4, -0.00117375, 0.91283, 0.887911, 0.917622, 0.900915
2.911, 19.4446, 0.405288, 0.4, -0.00117434, 0.912825, 0.887894, 0.917601, 0.900895
2.912, 19.4235, 0.404938, 0.4, -0.00117488, 0.912819, 0.887877, 0.917581, 0.900875
2.913, 19.4024, 0.404588, 0.4, -0.00117538, 0.912813, 0.88786, 0.91756, 0.900854
2.914, 19.3812, 0.404238, 0.4, -0.00117584, 0.912807, 0.887843, 0.917539, 0.900834
2.915, 19.36, 0.403889, 0.4, -0.00117626, 0.912802, 0.887826, 0.917518, 0.900814
2.916, 19.3388, 0.40354, 0.4, -0.00117664, 0.912796, 0.887809, 0.917497, 0.900793
2.917, 19.3177, 0.403191, 0.4, -0.00117698, 0.91279, 0.887792, 0.917476, 0.900773
2.918, 19.2965, 0.402843, 0.4, -0.00117727, 0.912784, 0.887775, 0.917455, 0.900752
2.919, 19.2753, 0.402495, 0.4, -0.00117753, 0.912777, 0.887757, 0.917434, 0.900732
2.92, 19.2541, 0.402147, 0.4, -0.00117775, 0.912771, 0.88774, 0.917413, 0.900712
2.921, 19.2329, 0.4018, 0.4, -0.00117792, 0.912765, 0.887723, 0.917392, 0.900691
2.922, 19.2117, 0.401454, 0.4, -0.00117806, 0.912759, 0.887705, 0.917371, 0.900671
2.923, 19.1905, 0.401107, 0.4, -0.00117815, 0.912753, 0.887688, 0.91735, 0.90065
2.924, 19.1693, 0.400762, 0.4, -0.00117821, 0.912746, 0.887671, 0.917329, 0.90063
2.925, 19.1481, 0.400416, 0.4, -0.00117822, 0.91274, 0.887653, 0.917308, 0.900609
2.926, 19.1269, 0.400071, 0.4, -0.00117819, 0.912733, 0.887636, 0.917287, 0.900588
2.927, 19.1056, 0.399727, 0.4, -0.00117813, 0.912727, 0.887618, 0.917266, 0.900568
2.928, 19.0844, 0.399383, 0.4, -0.00117802, 0.91272, 0.887601, 0.917245, 0.900547
2.929, 19.0632, 0.399039, 0.4, -0.00117787, 0.912714, 0.887583, 0.917224, 0.900527
2.93, 19.042, 0.398697, 0.4, -0.00117768, 0.912707, 0.887566, 0.917203, 0.900506
2.931, 19.0208, 0.398354, 0.4, -0.00117746, 0.9127, 0.887548, 0.917182, 0.900485
2.932, 18.9996, 0.398012, 0.4, -0.00117719, 0.912693, 0.88753, 0.917161, 0.900465
2.933, 18.9785, 0.397671, 0.4, -0.00117688, 0.912687, 0.887513, 0.91714, 0.900444
2.934, 18.9573, 0.39733, 0.4, -0.00117654, 0.91268, 0.887495, 0.917119, 0.900423
2.935, 18.9361, 0.39699, 0.4, -0.00117615, 0.912673, 0.887477, 0.917098, 0.900402
2.936, 18.9149, 0.39665, 0.4, -0.00117572, 0.912666, 0.88746, 0.917076, 0.900382
2.937, 18.8938, 0.396311, 0.4, -0.00117526, 0.912659, 0.887442, 0.917055, 0.900361
2.938, 18.8726, 0.395972, 0.4, -0.00117475, 0.912651, 0.887424, 0.917034, 0.90034
2.939, 18.8515, 0.395634, 0.4, -0.0011742, 0.912644, 0.887406, 0.917013, 0.900319
2.94, 18.8304, 0.395297, 0.4, -0.00117362, 0.912637, 0.887388, 0.916992, 0.900299
2.941, 18.8092, 0.39496, 0.4, -0.001173, 0.91263, 0.887371, 0.916971, 0.900278
2.942, 18.7881, 0.394624, 0.4, -0.00117233, 0.912623, 0.887353, 0.91695, 0.900257
2.943, 18.767, 0.394289, 0.4, -0.00117163, 0.912615, 0.887335, 0.916928, 0.900236
2.944, 18.7459, 0.393954, 0.4, -0.00117089, 0.912608, 0.887317, 0.916907, 0.900215
2.945, 18.7249, 0.39362, 0.4, -0.00117011, 0.9126, 0.887299, 0.916886, 0.900195
2.946, 18.7038, 0.393286, 0.4, -0.00116929, 0.912593, 0.887281, 0.916865, 0.900174
2.947, 18.6828, 0.392953, 0.4, -0.00116843, 0.912585, 0.887263, 0.916844, 0.900153
2.948, 18.6618, 0.392621, 0.4, -0.00116753, 0.912578, 0.887245, 0.916823, 0.900132
2.949, 18.6408, 0.39229, 0.4, -0.0011666, 0.91257, 0.887227, 0.916802, 0.900111
2.95, 18.6198, 0.391959, 0.4, -0.00116562, 0.912562, 0.887209, 0.916781, 0.90009
2.951, 18.5988, 0.391629, 0.4, -0.00116461, 0.912554, 0.887191, 0.916759, 0.90007
2.952, 18.5778, 0.3913, 0.4, -0.00116356, 0.912547, 0.887173, 0.916738, 0.900049
2.953, 18.5569, 0.390971, 0.4, -0.00116247, 0.912539, 0.887155, 0.916717, 0.900028
2.954, 18.536, 0.390644, 0.4, -0.00116134, 0.912531, 0.887137, 0.916696, 0.900007
2.955, 18.5151, 0.390317, 0.4, -0.00116017, 0.912523, 0.887119, 0.916675, 0.899986
2.956, 18.4942, 0.389991, 0.4, -0.00115897, 0.912515, 0.887101, 0.916654, 0.899965
2.957, 18.4734, 0.389665, 0.4, -0.00115772, 0.912507, 0.887083, 0.916633, 0.899945
2.958, 18.4525, 0.38934, 0.4, -0.00115644, 0.912499, 0.887065, 0.916612, 0.899924
2.959, 18.4317, 0.389017, 0.4, -0.00115513, 0.91249, 0.887047, 0.916591, 0.899903
2.96, 18.411, 0.388694, 0.4, -0.00115377, 0.912482, 0.887029, 0.91657, 0.899882
2.961, 18.3902, 0.388372, 0.4, -0.00115238, 0.912474, 0.887011, 0.916549, 0.899861
2.962, 18.3695, 0.38805, 0.4, -0.00115095, 0.912466, 0.886993, 0.916528, 0.89984
2.963, 18.3488, 0.38773, 0.4, -0.00114948, 0.912457, 0.886975, 0.916507, 0.89982
2.964, 18.3281, 0.38741, 0.4, -0.00114797, 0.912449, 0.886957, 0.916486, 0.899799
2.965, 18.3074, 0.387091, 0.4, -0.00114643, 0.912441, 0.886938, 0.916465, 0.899778
2.966, 18.2868, 0.386773, 0.4, -0.00114485, 0.912432, 0.88692, 0.916444, 0.899757
2.967, 18.2662, 0.386456, 0.4, -0.00114323, 0.912424, 0.886902, 0.916423, 0.899737
2.968, 18.2457, 0.38614, 0.4, -0.00114158, 0.912415, 0.886884, 0.916402, 0.899716
2.969, 18.2251, 0.385825, 0.4, -0.00113988, 0.912406, 0.886866, 0.916381, 0.899695
2.97, 18.2046, 0.38551, 0.4, -0.00113816, 0.912398, 0.886848, 0.916361, 0.899674
2.971, 18.1842, 0.385197, 0.4, -0.00113639, 0.912389, 0.88683, 0.91634, 0.899653
2.972, 18.1637, 0.384884, 0.4, -0.00113459, 0.91238, 0.886811, 0.916319, 0.899633
2.973, 18.1433, 0.384573, 0.4, -0.00113275, 0.912372, 0.886793, 0.916298, 0.899612
2.974, 18.1229, 0.384262, 0.4, -0.00113088, 0.912363, 0.886775, 0.916277, 0.899591
2.975, 18.1026, 0.383953, 0.4, -0.00112897, 0.912354, 0.886757, 0.916257, 0.899571
2.976, 18.0823, 0.383644, 0.4, -0.00112703, 0.912345, 0.886739, 0.916236, 0.89955
2.977, 18.062, 0.383336, 0.4, -0.00112505, 0.912336, 0.886721, 0.916215, 0.899529
2.978, 18.0418, 0.383029, 0.4, -0.00112303, 0.912327, 0.886703, 0.916195, 0.899509
2.979, 18.0216, 0.382723, 0.4, -0.00112097, 0.912318, 0.886684, 0.916174, 0.899488
2.98, 18.0014, 0.382418, 0.4, -0.00111889, 0.912309, 0.886666, 0.916153, 0.899468
2.981, 17.9813, 0.382115, 0.4, -0.00111676, 0.9123, 0.886648, 0.916133, 0.899447
2.982, 17.9612, 0.381812, 0.4, -0.0011146, 0.912291, 0.88663, 0.916112, 0.899426
2.983, 17.9412, 0.38151, 0.4, -0.00111241, 0.912281, 0.886612, 0.916092, 0.899406
2.984, 17.9212, 0.381209, 0.4, -0.00111018, 0.912272, 0.886594, 0.916071, 0.899385
2.985, 17.9012, 0.38091, 0.4, -0.00110791, 0.912263, 0.886576, 0.916051, 0.899365
2.986, 17.8813, 0.380611, 0.4, -0.00110561, 0.912253, 0.886557, 0.91603, 0.899344
2.987, 17.8614, 0.380313, 0.4, -0.00110328, 0.912244, 0.886539, 0.91601, 0.899324
2.988, 17.8416, 0.380017, 0.4, -0.00110091, 0.912235, 0.886521, 0.915989, 0.899304
2.989, 17.8218, 0.379721, 0.4, -0.00109851, 0.912225, 0.886503, 0.915969, 0.899283
2.99, 17.802, 0.379427, 0.4, -0.00109607, 0.912216, 0.886485, 0.915949, 0.899263
2.991, 17.7823, 0.379133, 0.4, -0.0010936, 0.912206, 0.886467, 0.915928, 0.899242
2.992, 17.7627, 0.378841, 0.4, -0.00109109, 0.912197, 0.886449, 0.915908, 0.899222
2.993, 17.743, 0.37855, 0.4, -0.00108855, 0.912187, 0.886431, 0.915888, 0.899202
2.994, 17.7235, 0.37826, 0.4, -0.00108598, 0.912178, 0.886413, 0.915868, 0.899182
2.995, 17.7039, 0.377971, 0.4, -0.00108337, 0.912168, 0.886395, 0.915848, 0.899161
2.996, 17.6845, 0.377683, 0.4, -0.00108073, 0.912158, 0.886377, 0.915827, 0.899141
2.997, 17.665, 0.377397, 0.4, -0.00107806, 0.912148, 0.886359, 0.915807, 0.899121
2.998, 17.6457, 0.377111, 0.4, -0.00107535, 0.912139, 0.886341, 0.915787, 0.899101
2.999, 17.6263, 0.376827, 0.4, -0.00107261, 0.912129, 0.886323, 0.915767, 0.899081
3, 17.607, 0.376544, 0.4, -0.00106983, 0.912119, 0.886305, 0.915747, 0.899061
3.001, 17.5878, 0.376262, 0.4, -0.00106703, 0.912109, 0.886287, 0.915727, 0.899041
3.002, 17.5686, 0.375981, 0.4, -0.00106419, 0.912099, 0.886269, 0.915708, 0.899021
3.003, 17.5495, 0.375702, 0.4, -0.00106132, 0.912089, 0.886252, 0.915688, 0.899001
3.004, 17.5304, 0.375423, 0.4, -0.00105841, 0.912079, 0.886234, 0.915668, 0.898981
3.005, 17.5114, 0.375146, 0.4, -0.00105547, 0.912069, 0.886216, 0.915648, 0.898961
3.006, 17.4924, 0.37487, 0.4, -0.00105251, 0.912059, 0.886198, 0.915629, 0.898941
3.007, 17.4735, 0.374595, 0.4, -0.0010495, 0.912049, 0.88618, 0.915609, 0.898921
3.008, 17.4546, 0.374321, 0.4, -0.00104647, 0.912039, 0.886163, 0.915589, 0.898901
3.009, 17.4358, 0.374049, 0.4, -0.00104341, 0.912029, 0.886145, 0.91557, 0.898882
3.01, 17.4171, 0.373778, 0.4, -0.00104031, 0.912019, 0.886127, 0.91555, 0.898862
3.011, 17.3984, 0.373508, 0.4, -0.00103718, 0.912009, 0.886109, 0.915531, 0.898842
3.012, 17.3797, 0.373239, 0.4, -0.00103402, 0.911998, 0.886092, 0.915511, 0.898823
3.013, 17.3612, 0.372972, 0.4, -0.00103083, 0.911988, 0.886074, 0.915492, 0.898803
3.014, 17.3426, 0.372706, 0.4, -0.00102761, 0.911978, 0.886057, 0.915473, 0.898784
3.015, 17.3242, 0.372441, 0.4, -0.00102436, 0.911968, 0.886039, 0.915454, 0.898764
3.016, 17.3058, 0.372177, 0.4, -0.00102108, 0.911957, 0.886021, 0.915434, 0.898745
3.017, 17.2874, 0.371915, 0.4, -0.00101776, 0.911947, 0.886004, 0.915415, 0.898725
3.018, 17.2691, 0.371654, 0.4, -0.00101442, 0.911937, 0.885987, 0.915396, 0.898706
3.019, 17.2509, 0.371395, 0.4, -0.00101105, 0.911926, 0.885969, 0.915377, 0.898687
3.02, 17.2327, 0.371136, 0.4, -0.00100764, 0.911916, 0.885952, 0.915358, 0.898667
3.021, 17.2146, 0.370879, 0.4, -0.00100421, 0.911905, 0.885934, 0.915339, 0.898648
3.022, 17.1966, 0.370623, 0.4, -0.00100074, 0.911895, 0.885917, 0.91532, 0.898629
3.023, 17.1786, 0.370369, 0.4, -0.00099725, 0.911884, 0.885899, 0.915301, 0.89861
3.024, 17.1607, 0.370116, 0.4, -0.000993727, 0.911874, 0.885882, 0.915283, 0.898591
3.025, 17.1428, 0.369864, 0.4, -0.000990175, 0.911863, 0.885865, 0.915264, 0.898572
3.026, 17.125, 0.369614, 0.4, -0.000986593, 0.911853, 0.885848, 0.915245, 0.898553
3.027, 17.1073, 0.369365, 0.4, -0.000982983, 0.911842, 0.88583, 0.915227, 0.898534
3.028, 17.0896, 0.369117, 0.4, -0.000979343, 0.911831, 0.885813, 0.915208, 0.898515
3.029, 17.072, 0.368871, 0.4, -0.000975675, 0.911821, 0.885796, 0.91519, 0.898496
3.03, 17.0545, 0.368626, 0.4, -0.000971979, 0.91181, 0.885779, 0.915172, 0.898478
3.031, 17.037, 0.368382, 0.4, -0.000968254, 0.911799, 0.885762, 0.915153, 0.898459
3.032, 17.0197, 0.36814, 0.4, -0.000964501, 0.911789, 0.885745, 0.915135, 0.89844
3.033, 17.0023, 0.367899, 0.4, -0.00096072, 0.911778, 0.885728, 0.915117, 0.898422
3.034, 16.9851, 0.36766, 0.4, -0.000956911, 0.911767, 0.885711, 0.915098, 0.898403
3.035, 16.9679, 0.367422, 0.4, -0.000953074, 0.911756, 0.885694, 0.91508, 0.898385
3.036, 16.9508, 0.367185, 0.4, -0.00094921, 0.911746, 0.885677, 0.915062, 0.898366
3.037, 16.9337, 0.36695, 0.4, -0.000945318, 0.911735, 0.885661, 0.915044, 0.898348
3.038, 16.9167, 0.366716, 0.4, -0.000941399, 0.911724, 0.885644, 0.915027, 0.89833
3.039, 16.8998, 0.366484, 0.4, -0.000937453, 0.911713, 0.885627, 0.915009, 0.898311
3.03999, 16.883, 0.366253, 0.4, -0.00093348, 0.911702, 0.885611, 0.914991, 0.898293
3.04099, 16.8662, 0.366023, 0.4, -0.000929481, 0.911692, 0.885594, 0.914973, 0.898275
3.04199, 16.8495, 0.365795, 0.4, -0.000925455, 0.911681, 0.885577, 0.914956, 0.898257
3.04299, 16.8329, 0.365568, 0.4, -0.000921402, 0.91167, 0.885561, 0.914938, 0.898239
3.04399, 16.8163, 0.365343, 0.4, -0.000917324, 0.911659, 0.885544, 0.914921, 0.898221
3.04499, 16.7999, 0.36512, 0.4, -0.000913219, 0.911648, 0.885528, 0.914903, 0.898203
3.04599, 16.7835, 0.364897, 0.4, -0.000909089, 0.911637, 0.885511, 0.914886, 0.898186
3.04699, 16.7671, 0.364676, 0.4, -0.000904932, 0.911626, 0.885495, 0.914869, 0.898168
3.04799, 16.7509, 0.364457, 0.4, -0.000900751, 0.911615, 0.885479, 0.914851, 0.89815
3.04899, 16.7347, 0.364239, 0.4, -0.000896544, 0.911604, 0.885462, 0.914834, 0.898133
3.04999, 16.7186, 0.364023, 0.4, -0.000892311, 0.911593, 0.885446, 0.914817, 0.898115
3.05099, 16.7026, 0.363808, 0.4, -0.000888054, 0.911582, 0.88543, 0.9148, 0.898098
3.05199, 16.6866, 0.363595, 0.4, -0.000883772, 0.911571, 0.885414, 0.914783, 0.89808
3.05299, 16.6708, 0.363383, 0.4, -0.000879466, 0.91156, 0.885398, 0.914767, 0.898063
3.05399, 16.655, 0.363173, 0.4, -0.000875134, 0.911549, 0.885382, 0.91475, 0.898046
3.05499, 16.6393, 0.362964, 0.4, -0.000870779, 0.911538, 0.885366, 0.914733, 0.898029
3.05599, 16.6236, 0.362756, 0.4, -0.0008664, 0.911527, 0.88535, 0.914717, 0.898012
3.05699, 16.6081, 0.36255, 0.4, -0.000861996, 0.911516, 0.885334, 0.9147, 0.897995
3.05799, 16.5926, 0.362346, 0.4, -0.000857569, 0.911505, 0.885319, 0.914684, 0.897977
3.05899, 16.5772, 0.362143, 0.4, -0.000853118, 0.911494, 0.885303, 0.914667, 0.897961
3.05999, 16.5619, 0.361942, 0.4, -0.000848644, 0.911483, 0.885287, 0.914651, 0.897944
3.06099, 16.5467, 0.361742, 0.4, -0.000844147, 0.911472, 0.885272, 0.914635, 0.897927
3.06199, 16.5315, 0.361544, 0.4, -0.000839626, 0.911461, 0.885256, 0.914619, 0.89791
3.06299, 16.5164, 0.361348, 0.4, -0.000835083, 0.911449, 0.885241, 0.914603, 0.897894
3.06399, 16.5014, 0.361152, 0.4, -0.000830517, 0.911438, 0.885225, 0.914587, 0.897877
3.06499, 16.4865, 0.360959, 0.4, -0.000825929, 0.911427, 0.88521, 0.914571, 0.897861
3.06599, 16.4717, 0.360767, 0.4, -0.000821318, 0.911416, 0.885194, 0.914555, 0.897845
3.06699, 16.457, 0.360576, 0.4, -0.000816685, 0.911405, 0.885179, 0.914539, 0.897828
3.06799, 16.4423, 0.360387, 0.4, -0.00081203, 0.911394, 0.885164, 0.914524, 0.897812
3.06899, 16.4277, 0.3602, 0.4, -0.000807354, 0.911383, 0.885149, 0.914508, 0.897796
3.06999, 16.4132, 0.360014, 0.4, -0.000802656, 0.911372, 0.885134, 0.914493, 0.89778
3.07099, 16.3988, 0.35983, 0.4, -0.000797936, 0.911361, 0.885119, 0.914477, 0.897764
3.07199, 16.3845, 0.359648, 0.4, -0.000793195, 0.911349, 0.885104, 0.914462, 0.897748
3.07299, 16.3703, 0.359467, 0.4, -0.000788434, 0.911338, 0.885089, 0.914447, 0.897732
3.07399, 16.3561, 0.359287, 0.4, -0.000783651, 0.911327, 0.885074, 0.914432, 0.897717
3.07499, 16.3421, 0.359109, 0.4, -0.000778848, 0.911316, 0.885059, 0.914417, 0.897701
3.07599, 16.3281, 0.358933, 0.4, -0.000774024, 0.911305, 0.885045, 0.914402, 0.897685
3.07699, 16.3142, 0.358759, 0.4, -0.00076918, 0.911294, 0.88503, 0.914387, 0.89767
3.07799, 16.3004, 0.358586, 0.4, -0.000764316, 0.911283, 0.885015, 0.914372, 0.897654
3.07899, 16.2867, 0.358414, 0.4, -0.000759433, 0.911272, 0.885001, 0.914357, 0.897639
3.07999, 16.2731, 0.358244, 0.4, -0.000754529, 0.91126, 0.884986, 0.914343, 0.897624
3.08099, 16.2595, 0.358076, 0.4, -0.000749606, 0.911249, 0.884972, 0.914328, 0.897609
3.08199, 16.2461, 0.35791, 0.4, -0.000744663, 0.911238, 0.884958, 0.914314, 0.897594
3.08299, 16.2327, 0.357744, 0.4, -0.000739702, 0.911227, 0.884944, 0.9143, 0.897579
3.08399, 16.2194, 0.357581, 0.4, -0.000734721, 0.911216, 0.884929, 0.914285, 0.897564
3.08499, 16.2063, 0.357419, 0.4, -0.000729722, 0.911205, 0.884915, 0.914271, 0.897549
3.08599, 16.1932, 0.357259, 0.4, -0.000724704, 0.911194, 0.884901, 0.914257, 0.897534
3.08699, 16.1802, 0.357101, 0.4, -0.000719668, 0.911183, 0.884887, 0.914243, 0.89752
3.08799, 16.1673, 0.356944, 0.4, -0.000714614, 0.911171, 0.884873, 0.914229, 0.897505
3.08899, 16.1544, 0.356789, 0.4, -0.000709541, 0.91116, 0.88486, 0.914216, 0.897491
3.08999, 16.1417, 0.356635, 0.4, -0.000704451, 0.911149, 0.884846, 0.914202, 0.897476
3.09099, 16.1291, 0.356483, 0.4, -0.000699343, 0.911138, 0.884832, 0.914188, 0.897462
3.09199, 16.1165, 0.356333, 0.4, -0.000694218, 0.911127, 0.884819, 0.914175, 0.897448
3.09299, 16.1041, 0.356184, 0.4, -0.000689076, 0.911116, 0.884805, 0.914162, 0.897434
3.09399, 16.0917, 0.356037, 0.4, -0.000683916, 0.911105, 0.884792, 0.914148, 0.89742
3.09499, 16.0795, 0.355892, 0.4, -0.00067874, 0.911094, 0.884778, 0.914135, 0.897406
3.09599, 16.0673, 0.355748, 0.4, -0.000673547, 0.911083, 0.884765, 0.914122, 0.897392
3.09699, 16.0552, 0.355606, 0.4, -0.000668337, 0.911072, 0.884752, 0.914109, 0.897379
3.09799, 16.0432, 0.355466, 0.4, -0.000663112, 0.911061, 0.884739, 0.914096, 0.897365
3.09899, 16.0314, 0.355326, 0.4, -0.00065787, 0.91105, 0.884726, 0.914083, 0.897351
3.09999, 16.0196, 0.355189, 0.4, -0.000652612, 0.911039, 0.884713, 0.914071, 0.897338
3.10099, 16.0079, 0.355054, 0.4, -0.000647339, 0.911028, 0.8847, 0.914058, 0.897325
3.10199, 15.9963, 0.35492, 0.4, -0.00064205, 0.911017, 0.884687, 0.914045, 0.897311
3.10299, 15.9847, 0.354788, 0.4, -0.000636746, 0.911006, 0.884674, 0.914033, 0.897298
3.10399, 15.9733, 0.354658, 0.4, -0.000631427, 0.910995, 0.884661, 0.914021, 0.897285
3.10499, 15.962, 0.354529, 0.4, -0.000626093, 0.910984, 0.884649, 0.914008, 0.897272
3.10599, 15.9508, 0.354402, 0.4, -0.000620744, 0.910973, 0.884636, 0.913996, 0.897259
3.10699, 15.9397, 0.354276, 0.4, -0.000615381, 0.910962, 0.884624, 0.913984, 0.897247
3.10799, 15.9286, 0.354153, 0.4, -0.000610004, 0.910951, 0.884611, 0.913973, 0.897234
3.10899, 15.9177, 0.35403, 0.4, -0.000604612, 0.91094, 0.884599, 0.913961, 0.897221
3.10999, 15.9069, 0.35391, 0.4, -0.000599206, 0.91093, 0.884587, 0.913949, 0.897209
3.11099, 15.8961, 0.353792, 0.4, -0.000593787, 0.910919, 0.884575, 0.913937, 0.897197
3.11199, 15.8855, 0.353675, 0.4, -0.000588354, 0.910908, 0.884563, 0.913926, 0.897184
3.11299, 15.875, 0.353559, 0.4, -0.000582908, 0.910897, 0.884551, 0.913915, 0.897172
3.11399, 15.8645, 0.353446, 0.4, -0.000577449, 0.910886, 0.884539, 0.913903, 0.89716
3.11499, 15.8542, 0.353334, 0.4, -0.000571977, 0.910875, 0.884527, 0.913892, 0.897148
3.11599, 15.8439, 0.353223, 0.4, -0.000566492, 0.910865, 0.884516, 0.913881, 0.897136
3.11699, 15.8338, 0.353115, 0.4, -0.000560995, 0.910854, 0.884504, 0.91387, 0.897124
3.11799, 15.8237, 0.353008, 0.4, -0.000555485, 0.910843, 0.884492, 0.913859, 0.897113
3.11899, 15.8138, 0.352903, 0.4, -0.000549964, 0.910832, 0.884481, 0.913848, 0.897101
3.11999, 15.8039, 0.352799, 0.4, -0.00054443, 0.910822, 0.884469, 0.913838, 0.89709
3.12099, 15.7942, 0.352698, 0.4, -0.000538884, 0.910811, 0.884458, 0.913827, 0.897078
3.12199, 15.7845, 0.352597, 0.4, -0.000533327, 0.9108, 0.884447, 0.913817, 0.897067
3.12299, 15.775, 0.352499, 0.4, -0.000527759, 0.91079, 0.884436, 0.913806, 0.897056
3.12399, 15.7655, 0.352402, 0.4, -0.000522179, 0.910779, 0.884425, 0.913796, 0.897045
3.12499, 15.7562, 0.352307, 0.4, -0.000516589, 0.910768, 0.884414, 0.913786, 0.897034
3.12599, 15.7469, 0.352214, 0.4, -0.000510988, 0.910758, 0.884403, 0.913776, 0.897023
3.12699, 15.7378, 0.352122, 0.4, -0.000505376, 0.910747, 0.884392, 0.913766, 0.897012
3.12799, 15.7287, 0.352033, 0.4, -0.000499754, 0.910737, 0.884381, 0.913756, 0.897002
3.12899, 15.7198, 0.351944, 0.4, -0.000494122, 0.910726, 0.884371, 0.913746, 0.896991
3.12999, 15.711, 0.351858, 0.4, -0.00048848, 0.910716, 0.88436, 0.913737, 0.89698
3.13099, 15.7022, 0.351773, 0.4, -0.000482828, 0.910705, 0.88435, 0.913727, 0.89697
3.13199, 15.6936, 0.35169, 0.4, -0.000477167, 0.910695, 0.88434, 0.913718, 0.89696
3.13299, 15.685, 0.351608, 0.4, -0.000471496, 0.910684, 0.884329, 0.913708, 0.89695
3.13399, 15.6766, 0.351529, 0.4, -0.000465816, 0.910674, 0.884319, 0.913699, 0.89694
3.13499, 15.6683, 0.351451, 0.4, -0.000460127, 0.910663, 0.884309, 0.91369, 0.89693
3.13599, 15.66, 0.351374, 0.4, -0.000454429, 0.910653, 0.884299, 0.913681, 0.89692
3.13699, 15.6519, 0.3513, 0.4, -0.000448723, 0.910643, 0.884289, 0.913672, 0.89691
3.13799, 15.6439, 0.351227, 0.4, -0.000443009, 0.910632, 0.884279, 0.913664, 0.896901
3.13899, 15.636, 0.351156, 0.4, -0.000437286, 0.910622, 0.88427, 0.913655, 0.896891
3.13999, 15.6281, 0.351086, 0.4, -0.000431556, 0.910612, 0.88426, 0.913646, 0.896882
3.14099, 15.6204, 0.351018, 0.4, -0.000425817, 0.910602, 0.88425, 0.913638, 0.896873
3.14199, 15.6128, 0.350952, 0.4, -0.000420071, 0.910591, 0.884241, 0.91363, 0.896863
3.14299, 15.6053, 0.350888, 0.4, -0.000414318, 0.910581, 0.884232, 0.913622, 0.896854
3.14399, 15.5979, 0.350825, 0.4, -0.000408558, 0.910571, 0.884222, 0.913613, 0.896845
3.14499, 15.5906, 0.350764, 0.4, -0.00040279, 0.910561, 0.884213, 0.913605, 0.896836
3.14599, 15.5834, 0.350705, 0.4, -0.000397016, 0.910551, 0.884204, 0.913598, 0.896828
3.14699, 15.5763, 0.350647, 0.4, -0.000391235, 0.910541, 0.884195, 0.91359, 0.896819
3.14799, 15.5693, 0.350591, 0.4, -0.000385448, 0.910531, 0.884186, 0.913582, 0.89681
3.14899, 15.5624, 0.350537, 0.4, -0.000379655, 0.91052, 0.884177, 0.913575, 0.896802
3.14999, 15.5556, 0.350484, 0.4, -0.000373856, 0.91051, 0.884168, 0.913567, 0.896794
3.15099, 15.549, 0.350433, 0.4, -0.000368051, 0.9105, 0.88416, 0.91356, 0.896785
3.15199, 15.5424, 0.350384, 0.4, -0.000362241, 0.91049, 0.884151, 0.913553, 0.896777
3.15299, 15.5359, 0.350337, 0.4, -0.000356425, 0.910481, 0.884143, 0.913546, 0.896769
3.15399, 15.5296, 0.350291, 0.4, -0.000350604, 0.910471, 0.884134, 0.913538, 0.896761
3.15499, 15.5233, 0.350247, 0.4, -0.000344778, 0.910461, 0.884126, 0.913532, 0.896754
3.15599, 15.5171, 0.350205, 0.4, -0.000338947, 0.910451, 0.884118, 0.913525, 0.896746
3.15699, 15.5111, 0.350164, 0.4, -0.000333111, 0.910441, 0.88411, 0.913518, 0.896739
3.15799, 15.5052, 0.350125, 0.4, -0.000327272, 0.910432, 0.884102, 0.913512, 0.896731
3.15899, 15.4993, 0.350088, 0.4, -0.000321428, 0.910422, 0.884094, 0.913505, 0.896724
3.15999, 15.4936, 0.350052, 0.4, -0.00031558, 0.910412, 0.884086, 0.913499, 0.896717
3.16099, 15.488, 0.350018, 0.4, -0.000309728, 0.910402, 0.884079, 0.913493, 0.89671
3.16199, 15.4824, 0.349986, 0.4, -0.000303873, 0.910393, 0.884071, 0.913487, 0.896703
3.16299, 15.477, 0.349956, 0.4, -0.000298014, 0.910383, 0.884064, 0.913481, 0.896696
3.16399, 15.4717, 0.349927, 0.4, -0.000292152, 0.910374, 0.884056, 0.913475, 0.896689
3.16499, 15.4665, 0.3499, 0.4, -0.000286287, 0.910364, 0.884049, 0.913469, 0.896682
3.16599, 15.4614, 0.349874, 0.4, -0.00028042, 0.910354, 0.884042, 0.913463, 0.896676
3.16699, 15.4564, 0.34985, 0.4, -0.00027455, 0.910345, 0.884034, 0.913458, 0.896669
3.16799, 15.4515, 0.349828, 0.4, -0.000268677, 0.910335, 0.884027, 0.913452, 0.896663
3.16899, 15.4467, 0.349808, 0.4, -0.000262802, 0.910326, 0.88402, 0.913447, 0.896656
3.16999, 15.4421, 0.349789, 0.4, -0.000256925, 0.910317, 0.884014, 0.913442, 0.89665
3.17099, 15.4375, 0.349772, 0.4, -0.000251046, 0.910307, 0.884007, 0.913437, 0.896644
3.17199, 15.433, 0.349757, 0.4, -0.000245166, 0.910298, 0.884, 0.913432, 0.896638
3.17299, 15.4287, 0.349743, 0.4, -0.000239284, 0.910288, 0.883993, 0.913427, 0.896632
3.17399, 15.4244, 0.349731, 0.4, -0.000233401, 0.910279, 0.883987, 0.913422, 0.896627
3.17499, 15.4203, 0.34972, 0.4, -0.000227517, 0.91027, 0.88398, 0.913417, 0.896621
3.17599, 15.4162, 0.349712, 0.4, -0.000221632, 0.910261, 0.883974, 0.913413, 0.896616
3.17699, 15.4123, 0.349704, 0.4, -0.000215747, 0.910252, 0.883968, 0.913408, 0.89661
3.17798, 15.4084, 0.349699, 0.4, -0.000209861, 0.910242, 0.883962, 0.913404, 0.896605
3.17898, 15.4047, 0.349695, 0.4, -0.000203974, 0.910233, 0.883956, 0.9134, 0.8966
3.17998, 15.4011, 0.349693, 0.4, -0.000198088, 0.910224, 0.88395, 0.913396, 0.896595
3.18098, 15.3976, 0.349692, 0.4, -0.000192202, 0.910215, 0.883944, 0.913392, 0.89659
3.18198, 15.3942, 0.349693, 0.4, -0.000186316, 0.910206, 0.883938, 0.913388, 0.896585
3.18298, 15.3909, 0.349696, 0.4, -0.00018043, 0.910197, 0.883933, 0.913384, 0.89658
3.18398, 15.3877, 0.349701, 0.4, -0.000174545, 0.910188, 0.883927, 0.913381, 0.896576
3.18498, 15.3846, 0.349707, 0.4, -0.000168662, 0.910179, 0.883922, 0.913377, 0.896571
3.18598, 15.3816, 0.349714, 0.4, -0.000162779, 0.91017, 0.883916, 0.913374, 0.896567
3.18698, 15.3787, 0.349724, 0.4, -0.000156897, 0.910162, 0.883911, 0.91337, 0.896563
3.18798, 15.376, 0.349735, 0.4, -0.000151017, 0.910153, 0.883906, 0.913367, 0.896558
3.18898, 15.3733, 0.349747, 0.4, -0.000145139, 0.910144, 0.883901, 0.913364, 0.896554
3.18998, 15.3707, 0.349762, 0.4, -0.000139262, 0.910136, 0.883896, 0.913361, 0.89655
3.19098, 15.3683, 0.349777, 0.4, -0.000133388, 0.910127, 0.883891, 0.913358, 0.896546
3.19198, 15.3659, 0.349795, 0.4, -0.000127516, 0.910118, 0.883886, 0.913355, 0.896543
3.19298, 15.3637, 0.349814, 0.4, -0.000121646, 0.910109, 0.883881, 0.913353, 0.896539
3.19398, 15.3616, 0.349835, 0.4, -0.000115778, 0.910101, 0.883877, 0.91335, 0.896536
3.19498, 15.3595, 0.349857, 0.4, -0.000109914, 0.910092, 0.883872, 0.913348, 0.896532
3.19598, 15.3576, 0.349881, 0.4, -0.000104052, 0.910084, 0.883868, 0.913345, 0.896529
3.19698, 15.3558, 0.349907, 0.4, -9.8194e-05, 0.910075, 0.883864, 0.913343, 0.896526
3.19798, 15.3541, 0.349934, 0.4, -9.2339e-05, 0.910067, 0.883859, 0.913341, 0.896523
3.19898, 15.3525, 0.349962, 0.4, -8.64876e-05, 0.910059, 0.883855, 0.913339, 0.89652
3.19998, 15.351, 0.349993, 0.4, -8.06399e-05, 0.91005, 0.883851, 0.913337, 0.896517
3.20098, 15.3496, 0.350025, 0.4, -7.47961e-05, 0.910042, 0.883847, 0.913335, 0.896514
3.20198, 15.3483, 0.350058, 0.4, -6.89564e-05, 0.910034, 0.883843, 0.913334, 0.896511
3.20298, 15.3471, 0.350094, 0.4, -6.31209e-05, 0.910025, 0.883839, 0.913332, 0.896509
3.20398, 15.346, 0.35013, 0.4, -5.729e-05, 0.910017, 0.883836, 0.91333, 0.896506
3.20498, 15.345, 0.350169, 0.4, -5.14637e-05, 0.910009, 0.883832, 0.913329, 0.896504
3.20598, 15.3441, 0.350209, 0.4, -4.56423e-05, 0.910001, 0.883829, 0.913328, 0.896502
3.20698, 15.3434, 0.35025, 0.4, -3.98259e-05, 0.909993, 0.883826, 0.913327, 0.8965
3.20798, 15.3427, 0.350293, 0.4, -3.40147e-05, 0.909985, 0.883822, 0.913326, 0.896498
3.20898, 15.3422, 0.350338, 0.4, -2.82089e-05, 0.909977, 0.883819, 0.913325, 0.896496
3.20998, 15.3417, 0.350384, 0.4, -2.24087e-05, 0.909969, 0.883816, 0.913324, 0.896494
3.21098, 15.3413, 0.350432, 0.4, -1.66143e-05, 0.909961, 0.883813, 0.913324, 0.896493
3.21198, 15.3411, 0.350481, 0.4, -1.08258e-05, 0.909953, 0.88381, 0.913323, 0.896491
3.21298, 15.341, 0.350532, 0.4, -5.04341e-06, 0.909945, 0.883807, 0.913322, 0.89649
3.21398, 15.3409, 0.350585, 0.4, 7.32671e-07, 0.909938, 0.883805, 0.913322, 0.896488
3.21498, 15.341, 0.350639, 0.4, 6.50227e-06, 0.90993, 0.883802, 0.913322, 0.896487
3.21598, 15.3412, 0.350694, 0.4, 1.22652e-05, 0.909922, 0.883799, 0.913322, 0.896486
3.21698, 15.3414, 0.350751, 0.4, 1.80213e-05, 0.909914, 0.883797, 0.913322, 0.896485
3.21798, 15.3418, 0.35081, 0.4, 2.37704e-05, 0.909907, 0.883795, 0.913322, 0.896484
3.21898, 15.3423, 0.35087, 0.4, 2.95122e-05, 0.909899, 0.883792, 0.913322, 0.896483
3.21998, 15.3429, 0.350932, 0.4, 3.52467e-05, 0.909891, 0.88379, 0.913322, 0.896482
3.22098, 15.3436, 0.350995, 0.4, 4.09736e-05, 0.909884, 0.883788, 0.913322, 0.896482
3.22198, 15.3443, 0.351059, 0.4, 4.66928e-05, 0.909876, 0.883786, 0.913323, 0.896481
3.22298, 15.3452, 0.351126, 0.4, 5.24041e-05, 0.909869, 0.883784, 0.913324, 0.896481
3.22398, 15.3462, 0.351193, 0.4, 5.81072e-05, 0.909862, 0.883783, 0.913324, 0.896481
3.22498, 15.3473, 0.351263, 0.4, 6.38022e-05, 0.909854, 0.883781, 0.913325, 0.89648
3.22598, 15.3485, 0.351333, 0.4, 6.94886e-05, 0.909847, 0.883779, 0.913326, 0.89648
3.22698, 15.3498, 0.351405, 0.4, 7.51665e-05, 0.90984, 0.883778, 0.913327, 0.89648
3.22798, 15.3512, 0.351479, 0.4, 8.08356e-05, 0.909832, 0.883776, 0.913328, 0.89648
3.22898, 15.3527, 0.351554, 0.4, 8.64957e-05, 0.909825, 0.883775, 0.913329, 0.896481
3.22998, 15.3543, 0.351631, 0.4, 9.21467e-05, 0.909818, 0.883773, 0.91333, 0.896481
3.23098, 15.3561, 0.351709, 0.4, 9.77883e-05, 0.909811, 0.883772, 0.913332, 0.896481
3.23198, 15.3579, 0.351789, 0.4, 0.000103421, 0.909804, 0.883771, 0.913333, 0.896482
3.23298, 15.3598, 0.35187, 0.4, 0.000109043, 0.909797, 0.88377, 0.913335, 0.896482
3.23398, 15.3618, 0.351952, 0.4, 0.000114656, 0.90979, 0.883769, 0.913337, 0.896483
3.23498, 15.3639, 0.352036, 0.4, 0.000120259, 0.909783, 0.883768, 0.913339, 0.896484
3.23598, 15.3661, 0.352122, 0.4, 0.000125851, 0.909776, 0.883768, 0.91334, 0.896485
3.23698, 15.3684, 0.352209, 0.4, 0.000131433, 0.909769, 0.883767, 0.913342, 0.896486
3.23798, 15.3709, 0.352297, 0.4, 0.000137005, 0.909762, 0.883767, 0.913345, 0.896487
3.23898, 15.3734, 0.352387, 0.4, 0.000142566, 0.909755, 0.883766, 0.913347, 0.896488
3.23998, 15.376, 0.352478, 0.4, 0.000148116, 0.909748, 0.883766, 0.913349, 0.896489
3.24098, 15.3787, 0.352571, 0.4, 0.000153656, 0.909741, 0.883765, 0.913351, 0.896491
3.24198, 15.3815, 0.352665, 0.4, 0.000159184, 0.909735, 0.883765, 0.913354, 0.896492
3.24298, 15.3844, 0.352761, 0.4, 0.0001647, 0.909728, 0.883765, 0.913357, 0.896494
3.24398, 15.3874, 0.352858, 0.4, 0.000170206, 0.909721, 0.883765, 0.913359, 0.896496
3.24498, 15.3906, 0.352956, 0.4, 0.000175699, 0.909715, 0.883765, 0.913362, 0.896497
3.24598, 15.3938, 0.353056, 0.4, 0.000181181, 0.909708, 0.883765, 0.913365, 0.896499
3.24698, 15.3971, 0.353157, 0.4, 0.000186651, 0.909702, 0.883765, 0.913368, 0.896501
3.24798, 15.4005, 0.35326, 0.4, 0.000192108, 0.909695, 0.883766, 0.913371, 0.896504
3.24898, 15.404, 0.353363, 0.4, 0.000197553, 0.909689, 0.883766, 0.913374, 0.896506
3.24998, 15.4076, 0.353469, 0.4, 0.000202986, 0.909682, 0.883766, 0.913378, 0.896508
3.25098, 15.4113, 0.353576, 0.4, 0.000208406, 0.909676, 0.883767, 0.913381, 0.89651
3.25198, 15.4151, 0.353684, 0.4, 0.000213814, 0.90967, 0.883768, 0.913384, 0.896513
3.25298, 15.419, 0.353793, 0.4, 0.000219208, 0.909663, 0.883768, 0.913388, 0.896515
3.25398, 15.423, 0.353904, 0.4, 0.000224589, 0.909657, 0.883769, 0.913392, 0.896518
3.25498, 15.4271, 0.354016, 0.4, 0.000229957, 0.909651, 0.88377, 0.913395, 0.896521
3.25598, 15.4313, 0.35413, 0.4, 0.000235312, 0.909645, 0.883771, 0.913399, 0.896524
3.25698, 15.4356, 0.354245, 0.4, 0.000240652, 0.909639, 0.883772, 0.913403, 0.896527
3.25798, 15.4399, 0.354361, 0.4, 0.00024598, 0.909633, 0.883773, 0.913407, 0.89653
3.25898, 15.4444, 0.354478, 0.4, 0.000251293, 0.909626, 0.883774, 0.913411, 0.896533
3.25998, 15.449, 0.354598, 0.4, 0.000256592, 0.90962, 0.883776, 0.913416, 0.896536
3.26098, 15.4536, 0.354718, 0.4, 0.000261877, 0.909614, 0.883777, 0.91342, 0.896539
3.26198, 15.4584, 0.354839, 0.4, 0.000267148, 0.909608, 0.883779, 0.913424, 0.896543
3.26298, 15.4633, 0.354962, 0.4, 0.000272404, 0.909603, 0.88378, 0.913429, 0.896546
3.26398, 15.4682, 0.355087, 0.4, 0.000277645, 0.909597, 0.883782, 0.913433, 0.89655
3.26498, 15.4733, 0.355212, 0.4, 0.000282872, 0.909591, 0.883783, 0.913438, 0.896554
3.26598, 15.4784, 0.355339, 0.4, 0.000288083, 0.909585, 0.883785, 0.913443, 0.896557
3.26698, 15.4836, 0.355467, 0.4, 0.00029328, 0.909579, 0.883787, 0.913448, 0.896561
3.26798, 15.489, 0.355596, 0.4, 0.000298461, 0.909574, 0.883789, 0.913453, 0.896565
3.26898, 15.4944, 0.355727, 0.4, 0.000303627, 0.909568, 0.883791, 0.913458, 0.896569
3.26998, 15.4999, 0.355859, 0.4, 0.000308777, 0.909562, 0.883793, 0.913463, 0.896573
3.27098, 15.5055, 0.355992, 0.4, 0.000313911, 0.909557, 0.883795, 0.913468, 0.896578
3.27198, 15.5112, 0.356126, 0.4, 0.00031903, 0.909551, 0.883797, 0.913473, 0.896582
3.27298, 15.517, 0.356262, 0.4, 0.000324132, 0.909546, 0.8838, 0.913479, 0.896586
3.27398, 15.5229, 0.356399, 0.4, 0.000329219, 0.90954, 0.883802, 0.913484, 0.896591
3.27498, 15.5288, 0.356537, 0.4, 0.000334289, 0.909535, 0.883804, 0.91349, 0.896595
3.27598, 15.5349, 0.356676, 0.4, 0.000339342, 0.909529, 0.883807, 0.913496, 0.8966
3.27698, 15.5411, 0.356817, 0.4, 0.000344379, 0.909524, 0.88381, 0.913501, 0.896605
3.27798, 15.5473, 0.356959, 0.4, 0.0003494, 0.909518, 0.883812, 0.913507, 0.896609
3.27898, 15.5536, 0.357102, 0.4, 0.000354403, 0.909513, 0.883815, 0.913513, 0.896614
3.27998, 15.5601, 0.357246, 0.4, 0.00035939, 0.909508, 0.883818, 0.913519, 0.896619
3.28098, 15.5666, 0.357392, 0.4, 0.000364359, 0.909503, 0.883821, 0.913525, 0.896624
3.28198, 15.5732, 0.357538, 0.4, 0.000369311, 0.909497, 0.883824, 0.913531, 0.896629
3.28298, 15.5799, 0.357687, 0.4, 0.000374245, 0.909492, 0.883827, 0.913537, 0.896635
3.28398, 15.5866, 0.357836, 0.4, 0.000379162, 0.909487, 0.88383, 0.913544, 0.89664
3.28498, 15.5935, 0.357986, 0.4, 0.000384061, 0.909482, 0.883833, 0.91355, 0.896645
3.28598, 15.6005, 0.358137, 0.4, 0.000388943, 0.909477, 0.883836, 0.913557, 0.896651
3.28698, 15.6075, 0.35829, 0.4, 0.000393806, 0.909472, 0.88384, 0.913563, 0.896656
3.28798, 15.6146, 0.358444, 0.4, 0.000398651, 0.909467, 0.883843, 0.91357, 0.896662
3.28898, 15.6219, 0.358599, 0.4, 0.000403478, 0.909462, 0.883846, 0.913576, 0.896668
3.28998, 15.6292, 0.358755, 0.4, 0.000408287, 0.909457, 0.88385, 0.913583, 0.896674
3.29098, 15.6366, 0.358912, 0.4, 0.000413077, 0.909452, 0.883854, 0.91359, 0.896679
3.29198, 15.644, 0.35907, 0.4, 0.000417849, 0.909447, 0.883857, 0.913597, 0.896685
3.29298, 15.6516, 0.35923, 0.4, 0.000422601, 0.909442, 0.883861, 0.913604, 0.896691
3.29398, 15.6593, 0.35939, 0.4, 0.000427335, 0.909438, 0.883865, 0.913611, 0.896697
3.29498, 15.667, 0.359552, 0.4, 0.00043205, 0.909433, 0.883869, 0.913618, 0.896704
3.29598, 15.6748, 0.359715, 0.4, 0.000436745, 0.909428, 0.883873, 0.913626, 0.89671
3.29698, 15.6827, 0.359879, 0.4, 0.000441421, 0.909423, 0.883877, 0.913633, 0.896716
3.29798, 15.6907, 0.360044, 0.4, 0.000446078, 0.909419, 0.883881, 0.91364, 0.896722
3.29898, 15.6988, 0.36021, 0.4, 0.000450715, 0.909414, 0.883885, 0.913648, 0.896729
3.29998, 15.7069, 0.360377, 0.4, 0.000455333, 0.90941, 0.883889, 0.913655, 0.896736
3.30098, 15.7152, 0.360546, 0.4, 0.00045993, 0.909405, 0.883893, 0.913663, 0.896742
3.30198, 15.7235, 0.360715, 0.4, 0.000464508, 0.9094, 0.883898, 0.913671, 0.896749
3.30298, 15.7319, 0.360885, 0.4, 0.000469066, 0.909396, 0.883902, 0.913678, 0.896756
3.30398, 15.7404, 0.361057, 0.4, 0.000473603, 0.909392, 0.883907, 0.913686, 0.896762
3.30498, 15.7489, 0.361229, 0.4, 0.00047812, 0.909387, 0.883911, 0.913694, 0.896769
3.30598, 15.7576, 0.361403, 0.4, 0.000482617, 0.909383, 0.883916, 0.913702, 0.896776
3.30698, 15.7663, 0.361577, 0.4, 0.000487093, 0.909378, 0.88392, 0.91371, 0.896783
3.30798, 15.7751, 0.361753, 0.4, 0.000491549, 0.909374, 0.883925, 0.913718, 0.89679
3.30898, 15.784, 0.36193, 0.4, 0.000495984, 0.90937, 0.88393, 0.913726, 0.896798
3.30998, 15.793, 0.362107, 0.4, 0.000500398, 0.909365, 0.883935, 0.913735, 0.896805
3.31098, 15.802, 0.362286, 0.4, 0.000504791, 0.909361, 0.883939, 0.913743, 0.896812
3.31198, 15.8111, 0.362466, 0.4, 0.000509162, 0.909357, 0.883944, 0.913751, 0.89682
3.31298, 15.8204, 0.362646, 0.4, 0.000513513, 0.909353, 0.883949, 0.91376, 0.896827
3.31398, 15.8296, 0.362828, 0.4, 0.000517842, 0.909349, 0.883954, 0.913768, 0.896834
3.31498, 15.839, 0.36301, 0.4, 0.00052215, 0.909344, 0.88396, 0.913777, 0.896842
3.31597, 15.8484, 0.363194, 0.4, 0.000526436, 0.90934, 0.883965, 0.913786, 0.89685
3.31697, 15.8579, 0.363378, 0.4, 0.0005307, 0.909336, 0.88397, 0.913794, 0.896857
3.31797, 15.8675, 0.363564, 0.4, 0.000534943, 0.909332, 0.883975, 0.913803, 0.896865
3.31897, 15.8772, 0.363751, 0.4, 0.000539163, 0.909328, 0.883981, 0.913812, 0.896873
3.31997, 15.8869, 0.363938, 0.4, 0.000543362, 0.909324, 0.883986, 0.913821, 0.896881
3.32097, 15.8968, 0.364126, 0.4, 0.000547538, 0.909321, 0.883991, 0.91383, 0.896889
3.32197, 15.9067, 0.364315, 0.4, 0.000551693, 0.909317, 0.883997, 0.913839, 0.896897
3.32297, 15.9166, 0.364505, 0.4, 0.000555824, 0.909313, 0.884003, 0.913848, 0.896905
3.32397, 15.9267, 0.364696, 0.4, 0.000559934, 0.909309, 0.884008, 0.913857, 0.896913
3.32497, 15.9368, 0.364888, 0.4, 0.000564021, 0.909305, 0.884014, 0.913866, 0.896921
3.32597, 15.947, 0.365081, 0.4, 0.000568085, 0.909301, 0.884019, 0.913875, 0.89693
3.32697, 15.9572, 0.365275, 0.4, 0.000572126, 0.909297, 0.884025, 0.913885, 0.896938
3.32797, 15.9676, 0.365469, 0.4, 0.000576145, 0.909294, 0.884031, 0.913894, 0.896946
3.32897, 15.978, 0.365665, 0.4, 0.000580141, 0.90929, 0.884037, 0.913904, 0.896955
3.32997, 15.9885, 0.365861, 0.4, 0.000584113, 0.909286, 0.884043, 0.913913, 0.896963
3.33097, 15.999, 0.366059, 0.4, 0.000588062, 0.909283, 0.884049, 0.913923, 0.896972
3.33197, 16.0096, 0.366257, 0.4, 0.000591988, 0.909279, 0.884055, 0.913932, 0.89698
3.33297, 16.0203, 0.366455, 0.4, 0.000595891, 0.909275, 0.884061, 0.913942, 0.896989
3.33397, 16.0311, 0.366655, 0.4, 0.00059977, 0.909272, 0.884067, 0.913952, 0.896998
3.33497, 16.0419, 0.366856, 0.4, 0.000603626, 0.909268, 0.884073, 0.913961, 0.897006
3.33597, 16.0528, 0.367057, 0.4, 0.000607458, 0.909265, 0.884079, 0.913971, 0.897015
3.33697, 16.0638, 0.367259, 0.4, 0.000611266, 0.909261, 0.884086, 0.913981, 0.897024
3.33797, 16.0748, 0.367462, 0.4, 0.000615051, 0.909258, 0.884092, 0.913991, 0.897033
3.33897, 16.0859, 0.367666, 0.4, 0.000618811, 0.909254, 0.884098, 0.914001, 0.897042
3.33997, 16.0971, 0.367871, 0.4, 0.000622548, 0.909251, 0.884105, 0.914011, 0.897051
3.34097, 16.1083, 0.368076, 0.4, 0.00062626, 0.909248, 0.884111, 0.914021, 0.89706
3.34197, 16.1196, 0.368282, 0.4, 0.000629948, 0.909244, 0.884118, 0.914031, 0.897069
3.34297, 16.131, 0.368489, 0.4, 0.000633612, 0.909241, 0.884124, 0.914042, 0.897079
3.34397, 16.1424, 0.368697, 0.4, 0.000637251, 0.909238, 0.884131, 0.914052, 0.897088
3.34497, 16.154, 0.368905, 0.4, 0.000640866, 0.909234, 0.884138, 0.914062, 0.897097
3.34597, 16.1655, 0.369114, 0.4, 0.000644457, 0.909231, 0.884144, 0.914072, 0.897106
3.34697, 16.1772, 0.369324, 0.4, 0.000648022, 0.909228, 0.884151, 0.914083, 0.897116
3.34797, 16.1889, 0.369535, 0.4, 0.000651563, 0.909225, 0.884158, 0.914093, 0.897125
3.34897, 16.2006, 0.369746, 0.4, 0.00065508, 0.909221, 0.884164, 0.914104, 0.897135
3.34997, 16.2124, 0.369958, 0.4, 0.000658571, 0.909218, 0.884171, 0.914114, 0.897144
3.35097, 16.2243, 0.370171, 0.4, 0.000662037, 0.909215, 0.884178, 0.914125, 0.897154
3.35197, 16.2363, 0.370384, 0.4, 0.000665479, 0.909212, 0.884185, 0.914135, 0.897163
3.35297, 16.2483, 0.370598, 0.4, 0.000668895, 0.909209, 0.884192, 0.914146, 0.897173
3.35397, 16.2603, 0.370813, 0.4, 0.000672286, 0.909206, 0.884199, 0.914157, 0.897183
3.35497, 16.2725, 0.371029, 0.4, 0.000675651, 0.909203, 0.884206, 0.914167, 0.897192
3.35597, 16.2847, 0.371245, 0.4, 0.000678992, 0.9092, 0.884213, 0.914178, 0.897202
3.35697, 16.2969, 0.371462, 0.4, 0.000682306, 0.909197, 0.88422, 0.914189, 0.897212
3.35797, 16.3092, 0.371679, 0.4, 0.000685596, 0.909194, 0.884227, 0.9142, 0.897222
3.35897, 16.3216, 0.371897, 0.4, 0.000688859, 0.909191, 0.884234, 0.914211, 0.897232
3.35997, 16.334, 0.372116, 0.4, 0.000692098, 0.909188, 0.884242, 0.914222, 0.897242
3.36097, 16.3465, 0.372335, 0.4, 0.00069531, 0.909185, 0.884249, 0.914233, 0.897252
3.36197, 16.3591, 0.372555, 0.4, 0.000698496, 0.909182, 0.884256, 0.914244, 0.897262
3.36297, 16.3717, 0.372776, 0.4, 0.000701657, 0.909179, 0.884264, 0.914255, 0.897272
3.36397, 16.3843, 0.372997, 0.4, 0.000704792, 0.909176, 0.884271, 0.914266, 0.897282
3.36497, 16.397, 0.373219, 0.4, 0.0007079, 0.909173, 0.884278, 0.914277, 0.897292
3.36597, 16.4098, 0.373441, 0.4, 0.000710983, 0.909171, 0.884286, 0.914288, 0.897302
3.36697, 16.4226, 0.373664, 0.4, 0.000714039, 0.909168, 0.884293, 0.914299, 0.897312
3.36797, 16.4355, 0.373888, 0.4, 0.000717069, 0.909165, 0.884301, 0.914311, 0.897323
3.36897, 16.4484, 0.374112, 0.4, 0.000720073, 0.909162, 0.884308, 0.914322, 0.897333
3.36997, 16.4614, 0.374337, 0.4, 0.000723051, 0.90916, 0.884316, 0.914333, 0.897343
3.37097, 16.4745, 0.374562, 0.4, 0.000726002, 0.909157, 0.884323, 0.914345, 0.897353
3.37197, 16.4876, 0.374788, 0.4, 0.000728926, 0.909154, 0.884331, 0.914356, 0.897364
3.37297, 16.5007, 0.375014, 0.4, 0.000731824, 0.909151, 0.884338, 0.914367, 0.897374
3.37397, 16.5139, 0.375241, 0.4, 0.000734696, 0.909149, 0.884346, 0.914379, 0.897385
3.37497, 16.5272, 0.375468, 0.4, 0.000737541, 0.909146, 0.884354, 0.91439, 0.897395
3.37597, 16.5405, 0.375696, 0.4, 0.000740359, 0.909144, 0.884361, 0.914402, 0.897406
3.37697, 16.5538, 0.375924, 0.4, 0.00074315, 0.909141, 0.884369, 0.914413, 0.897416
3.37797, 16.5672, 0.376153, 0.4, 0.000745915, 0.909138, 0.884377, 0.914425, 0.897427
3.37897, 16.5807, 0.376382, 0.4, 0.000748652, 0.909136, 0.884385, 0.914437, 0.897437
3.37997, 16.5942, 0.376612, 0.4, 0.000751363, 0.909133, 0.884392, 0.914448, 0.897448
3.38097, 16.6077, 0.376842, 0.4, 0.000754047, 0.909131, 0.8844, 0.91446, 0.897459
3.38197, 16.6213, 0.377073, 0.4, 0.000756703, 0.909128, 0.884408, 0.914472, 0.897469
3.38297, 16.635, 0.377304, 0.4, 0.000759333, 0.909126, 0.884416, 0.914483, 0.89748
3.38397, 16.6487, 0.377535, 0.4, 0.000761935, 0.909123, 0.884424, 0.914495, 0.897491
3.38497, 16.6624, 0.377767, 0.4, 0.000764511, 0.909121, 0.884432, 0.914507, 0.897501
3.38597, 16.6762, 0.378, 0.4, 0.000767059, 0.909118, 0.88444, 0.914518, 0.897512
3.38697, 16.69, 0.378233, 0.4, 0.000769579, 0.909116, 0.884448, 0.91453, 0.897523
3.38797, 16.7039, 0.378466, 0.4, 0.000772073, 0.909113, 0.884456, 0.914542, 0.897534
3.38897, 16.7178, 0.378699, 0.4, 0.000774539, 0.909111, 0.884464, 0.914554, 0.897545
3.38997, 16.7318, 0.378933, 0.4, 0.000776977, 0.909109, 0.884472, 0.914566, 0.897556
3.39097, 16.7458, 0.379168, 0.4, 0.000779388, 0.909106, 0.88448, 0.914578, 0.897566
3.39197, 16.7598, 0.379403, 0.4, 0.000781772, 0.909104, 0.884488, 0.91459, 0.897577
3.39297, 16.7739, 0.379638, 0.4, 0.000784128, 0.909101, 0.884496, 0.914602, 0.897588
3.39397, 16.7881, 0.379873, 0.4, 0.000786456, 0.909099, 0.884504, 0.914614, 0.897599
3.39497, 16.8022, 0.380109, 0.4, 0.000788757, 0.909097, 0.884512, 0.914626, 0.89761
3.39597, 16.8165, 0.380345, 0.4, 0.00079103, 0.909094, 0.88452, 0.914638, 0.897621
3.39697, 16.8307, 0.380582, 0.4, 0.000793275, 0.909092, 0.884529, 0.91465, 0.897632
3.39797, 16.845, 0.380819, 0.4, 0.000795493, 0.90909, 0.884537, 0.914662, 0.897643
3.39897, 16.8594, 0.381056, 0.4, 0.000797682, 0.909088, 0.884545, 0.914674, 0.897654
3.39997, 16.8737, 0.381293, 0.4, 0.000799845, 0.909085, 0.884553, 0.914686, 0.897665
3.40097, 16.8881, 0.381531, 0.4, 0.000801979, 0.909083, 0.884561, 0.914698, 0.897677
3.40197, 16.9026, 0.381769, 0.4, 0.000804085, 0.909081, 0.88457, 0.91471, 0.897688
3.40297, 16.9171, 0.382008, 0.4, 0.000806163, 0.909079, 0.884578, 0.914722, 0.897699
3.40397, 16.9316, 0.382246, 0.4, 0.000808213, 0.909077, 0.884586, 0.914734, 0.89771
3.40497, 16.9462, 0.382485, 0.4, 0.000810236, 0.909074, 0.884594, 0.914746, 0.897721
3.40597, 16.9608, 0.382724, 0.4, 0.00081223, 0.909072, 0.884603, 0.914759, 0.897732
3.40697, 16.9754, 0.382964, 0.4, 0.000814196, 0.90907, 0.884611, 0.914771, 0.897743
3.40797, 16.9901, 0.383204, 0.4, 0.000816134, 0.909068, 0.884619, 0.914783, 0.897755
3.40897, 17.0048, 0.383444, 0.4, 0.000818044, 0.909066, 0.884628, 0.914795, 0.897766
3.40997, 17.0196, 0.383684, 0.4, 0.000819926, 0.909064, 0.884636, 0.914807, 0.897777
3.41097, 17.0343, 0.383924, 0.4, 0.00082178, 0.909062, 0.884644, 0.91482, 0.897788
3.41197, 17.0491, 0.384165, 0.4, 0.000823606, 0.909059, 0.884653, 0.914832, 0.897799
3.41297, 17.064, 0.384406, 0.4, 0.000825403, 0.909057, 0.884661, 0.914844, 0.897811
3.41397, 17.0788, 0.384647, 0.4, 0.000827172, 0.909055, 0.884669, 0.914856, 0.897822
3.41497, 17.0938, 0.384888, 0.4, 0.000828913, 0.909053, 0.884678, 0.914869, 0.897833
3.41597, 17.1087, 0.385129, 0.4, 0.000830626, 0.909051, 0.884686, 0.914881, 0.897844
3.41697, 17.1237, 0.385371, 0.4, 0.00083231, 0.909049, 0.884695, 0.914893, 0.897856
3.41797, 17.1387, 0.385612, 0.4, 0.000833966, 0.909047, 0.884703, 0.914905, 0.897867
3.41897, 17.1537, 0.385854, 0.4, 0.000835594, 0.909045, 0.884712, 0.914918, 0.897878
3.41997, 17.1687, 0.386096, 0.4, 0.000837193, 0.909043, 0.88472, 0.91493, 0.89789
3.42097, 17.1838, 0.386338, 0.4, 0.000838764, 0.909041, 0.884728, 0.914942, 0.897901
3.42197, 17.1989, 0.386581, 0.4, 0.000840307, 0.909039, 0.884737, 0.914955, 0.897912
3.42297, 17.2141, 0.386823, 0.4, 0.000841821, 0.909037, 0.884745, 0.914967, 0.897924
3.42397, 17.2292, 0.387066, 0.4, 0.000843307, 0.909035, 0.884754, 0.914979, 0.897935
3.42497, 17.2444, 0.387308, 0.4, 0.000844764, 0.909033, 0.884762, 0.914992, 0.897946
3.42597, 17.2597, 0.387551, 0.4, 0.000846193, 0.909031, 0.884771, 0.915004, 0.897958
3.42697, 17.2749, 0.387794, 0.4, 0.000847594, 0.909029, 0.884779, 0.915016, 0.897969
3.42797, 17.2902, 0.388037, 0.4, 0.000848966, 0.909027, 0.884788, 0.915029, 0.89798
3.42897, 17.3055, 0.38828, 0.4, 0.00085031, 0.909025, 0.884796, 0.915041, 0.897992
3.42997, 17.3208, 0.388523, 0.4, 0.000851625, 0.909024, 0.884805, 0.915053, 0.898003
3.43097, 17.3361, 0.388766, 0.4, 0.000852912, 0.909022, 0.884813, 0.915066, 0.898014
3.43197, 17.3515, 0.389009, 0.4, 0.00085417, 0.90902, 0.884821, 0.915078, 0.898026
3.43297, 17.3669, 0.389252, 0.4, 0.0008554, 0.909018, 0.88483, 0.91509, 0.898037
3.43397, 17.3823, 0.389496, 0.4, 0.000856601, 0.909016, 0.884838, 0.915103, 0.898049
3.43497, 17.3977, 0.389739, 0.4, 0.000857774, 0.909014, 0.884847, 0.915115, 0.89806
3.43597, 17.4132, 0.389982, 0.4, 0.000858919, 0.909012, 0.884855, 0.915127, 0.898071
3.43697, 17.4286, 0.390225, 0.4, 0.000860035, 0.90901, 0.884864, 0.91514, 0.898082
3.43797, 17.4441, 0.390469, 0.4, 0.000861122, 0.909008, 0.884872, 0.915152, 0.898094
3.43897, 17.4596, 0.390712, 0.4, 0.000862181, 0.909006, 0.884881, 0.915164, 0.898105
3.43997, 17.4752, 0.390956, 0.4, 0.000863212, 0.909005, 0.884889, 0.915177, 0.898117
3.44097, 17.4907, 0.391199, 0.4, 0.000864214, 0.909003, 0.884898, 0.915189, 0.898128
3.44197, 17.5063, 0.391442, 0.4, 0.000865187, 0.909001, 0.884906, 0.915202, 0.898139
3.44297, 17.5218, 0.391685, 0.4, 0.000866133, 0.908999, 0.884915, 0.915214, 0.898151
3.44397, 17.5374, 0.391929, 0.4, 0.000867049, 0.908997, 0.884923, 0.915226, 0.898162
3.44497, 17.5531, 0.392172, 0.4, 0.000867937, 0.908996, 0.884932, 0.915238, 0.898173
3.44597, 17.5687, 0.392415, 0.4, 0.000868797, 0.908994, 0.88494, 0.915251, 0.898185
3.44697, 17.5843, 0.392658, 0.4, 0.000869629, 0.908992, 0.884948, 0.915263, 0.898196
3.44797, 17.6, 0.392901, 0.4, 0.000870431, 0.90899, 0.884957, 0.915275, 0.898207
3.44897, 17.6157, 0.393144, 0.4, 0.000871206, 0.908988, 0.884965, 0.915288, 0.898219
3.44997, 17.6314, 0.393386, 0.4, 0.000871952, 0.908987, 0.884974, 0.9153, 0.89823
3.45097, 17.6471, 0.393629, 0.4, 0.00087267, 0.908985, 0.884982, 0.915312, 0.898241
3.45197, 17.6628, 0.393872, 0.4, 0.000873359, 0.908983, 0.884991, 0.915324, 0.898252
3.45297, 17.6785, 0.394114, 0.4, 0.00087402, 0.908981, 0.884999, 0.915337, 0.898264
3.45396, 17.6942, 0.394356, 0.4, 0.000874653, 0.90898, 0.885007, 0.915349, 0.898275
3.45496, 17.71, 0.394599, 0.4, 0.000875257, 0.908978, 0.885016, 0.915361, 0.898286
3.45596, 17.7257, 0.394841, 0.4, 0.000875833, 0.908976, 0.885024, 0.915373, 0.898297
3.45696, 17.7415, 0.395083, 0.4, 0.000876381, 0.908974, 0.885033, 0.915385, 0.898309
3.45796, 17.7573, 0.395324, 0.4, 0.0008769, 0.908973, 0.885041, 0.915398, 0.89832
3.45896, 17.7731, 0.395566, 0.4, 0.000877391, 0.908971, 0.885049, 0.91541, 0.898331
3.45996, 17.7889, 0.395807, 0.4, 0.000877854, 0.908969, 0.885058, 0.915422, 0.898342
3.46096, 17.8047, 0.396049, 0.4, 0.000878289, 0.908967, 0.885066, 0.915434, 0.898353
3.46196, 17.8205, 0.39629, 0.4, 0.000878695, 0.908966, 0.885074, 0.915446, 0.898364
3.46296, 17.8363, 0.396531, 0.4, 0.000879074, 0.908964, 0.885083, 0.915458, 0.898376
3.46396, 17.8522, 0.396771, 0.4, 0.000879424, 0.908962, 0.885091, 0.915471, 0.898387
3.46496, 17.868, 0.397012, 0.4, 0.000879746, 0.908961, 0.885099, 0.915483, 0.898398
3.46596, 17.8838, 0.397252, 0.4, 0.00088004, 0.908959, 0.885108, 0.915495, 0.898409
3.46696, 17.8997, 0.397492, 0.4, 0.000880306, 0.908957, 0.885116, 0.915507, 0.89842
3.46796, 17.9155, 0.397732, 0.4, 0.000880543, 0.908955, 0.885124, 0.915519, 0.898431
3.46896, 17.9314, 0.397972, 0.4, 0.000880753, 0.908954, 0.885132, 0.915531, 0.898442
3.46996, 17.9472, 0.398211, 0.4, 0.000880935, 0.908952, 0.885141, 0.915543, 0.898453
3.47096, 17.9631, 0.39845, 0.4, 0.000881089, 0.90895, 0.885149, 0.915555, 0.898464
3.47196, 17.9789, 0.398689, 0.4, 0.000881215, 0.908949, 0.885157, 0.915567, 0.898475
3.47296, 17.9948, 0.398928, 0.4, 0.000881313, 0.908947, 0.885165, 0.915579, 0.898486
3.47396, 18.0107, 0.399166, 0.4, 0.000881383, 0.908945, 0.885173, 0.915591, 0.898497
3.47496, 18.0265, 0.399404, 0.4, 0.000881425, 0.908944, 0.885182, 0.915603, 0.898508
3.47596, 18.0424, 0.399642, 0.4, 0.00088144, 0.908942, 0.88519, 0.915614, 0.898519
3.47696, 18.0583, 0.399879, 0.4, 0.000881427, 0.90894, 0.885198, 0.915626, 0.89853
3.47796, 18.0741, 0.400116, 0.4, 0.000881386, 0.908939, 0.885206, 0.915638, 0.898541
3.47896, 18.09, 0.400353, 0.4, 0.000881317, 0.908937, 0.885214, 0.91565, 0.898552
3.47996, 18.1059, 0.40059, 0.4, 0.000881221, 0.908935, 0.885222, 0.915662, 0.898563
3.48096, 18.1217, 0.400826, 0.4, 0.000881097, 0.908934, 0.88523, 0.915674, 0.898573
3.48196, 18.1376, 0.401062, 0.4, 0.000880946, 0.908932, 0.885238, 0.915685, 0.898584
3.48296, 18.1534, 0.401297, 0.4, 0.000880767, 0.90893, 0.885246, 0.915697, 0.898595
3.48396, 18.1693, 0.401532, 0.4, 0.00088056, 0.908929, 0.885254, 0.915709, 0.898606
3.48496, 18.1851, 0.401767, 0.4, 0.000880326, 0.908927, 0.885262, 0.915721, 0.898616
3.48596, 18.201, 0.402002, 0.4, 0.000880065, 0.908925, 0.88527, 0.915732, 0.898627
3.48696, 18.2168, 0.402236, 0.4, 0.000879777, 0.908924, 0.885278, 0.915744, 0.898638
3.48796, 18.2326, 0.40247, 0.4, 0.000879461, 0.908922, 0.885286, 0.915756, 0.898649
3.48896, 18.2485, 0.402703, 0.4, 0.000879117, 0.90892, 0.885294, 0.915767, 0.898659
3.48996, 18.2643, 0.402936, 0.4, 0.000878747, 0.908919, 0.885302, 0.915779, 0.89867
3.49096, 18.2801, 0.403169, 0.4, 0.000878349, 0.908917, 0.88531, 0.91579, 0.898681
3.49196, 18.2959, 0.403401, 0.4, 0.000877925, 0.908915, 0.885318, 0.915802, 0.898691
3.49296, 18.3117, 0.403633, 0.4, 0.000877473, 0.908914, 0.885326, 0.915813, 0.898702
3.49396, 18.3275, 0.403864, 0.4, 0.000876994, 0.908912, 0.885333, 0.915825, 0.898712
3.49496, 18.3433, 0.404095, 0.4, 0.000876488, 0.908911, 0.885341, 0.915836, 0.898723
3.49596, 18.3591, 0.404325, 0.4, 0.000875955, 0.908909, 0.885349, 0.915848, 0.898733
3.49696, 18.3748, 0.404555, 0.4, 0.000875396, 0.908907, 0.885357, 0.915859, 0.898744
3.49796, 18.3906, 0.404785, 0.4, 0.000874809, 0.908906, 0.885365, 0.91587, 0.898754
3.49896, 18.4063, 0.405014, 0.4, 0.000874196, 0.908904, 0.885372, 0.915882, 0.898764
3.49996, 18.422, 0.405243, 0.4, 0.000873556, 0.908902, 0.88538, 0.915893, 0.898775
3.50096, 18.4378, 0.405471, 0.4, 0.00087289, 0.908901, 0.885388, 0.915904, 0.898785
3.50196, 18.4535, 0.405699, 0.4, 0.000872196, 0.908899, 0.885395, 0.915916, 0.898795
3.50296, 18.4692, 0.405926, 0.4, 0.000871477, 0.908898, 0.885403, 0.915927, 0.898806
3.50396, 18.4848, 0.406153, 0.4, 0.00087073, 0.908896, 0.885411, 0.915938, 0.898816
3.50496, 18.5005, 0.406379, 0.4, 0.000869958, 0.908894, 0.885418, 0.915949, 0.898826
3.50596, 18.5162, 0.406605, 0.4, 0.000869159, 0.908893, 0.885426, 0.91596, 0.898837
3.50696, 18.5318, 0.40683, 0.4, 0.000868334, 0.908891, 0.885433, 0.915971, 0.898847
3.50796, 18.5474, 0.407055, 0.4, 0.000867482, 0.908889, 0.885441, 0.915982, 0.898857
3.50896, 18.563, 0.407279, 0.4, 0.000866604, 0.908888, 0.885448, 0.915993, 0.898867
3.50996, 18.5786, 0.407503, 0.4, 0.0008657, 0.908886, 0.885456, 0.916004, 0.898877
3.51096, 18.5942, 0.407726, 0.4, 0.00086477, 0.908885, 0.885463, 0.916015, 0.898887
3.51196, 18.6098, 0.407949, 0.4, 0.000863814, 0.908883, 0.885471, 0.916026, 0.898897
3.51296, 18.6253, 0.408171, 0.4, 0.000862832, 0.908881, 0.885478, 0.916037, 0.898907
3.51396, 18.6408, 0.408392, 0.4, 0.000861825, 0.90888, 0.885485, 0.916048, 0.898917
3.51496, 18.6563, 0.408613, 0.4, 0.000860791, 0.908878, 0.885493, 0.916059, 0.898927
3.51596, 18.6718, 0.408834, 0.4, 0.000859732, 0.908877, 0.8855, 0.91607, 0.898937
3.51696, 18.6873, 0.409054, 0.4, 0.000858647, 0.908875, 0.885507, 0.91608, 0.898947
3.51796, 18.7027, 0.409273, 0.4, 0.000857536, 0.908873, 0.885515, 0.916091, 0.898956
3.51896, 18.7181, 0.409491, 0.4, 0.0008564, 0.908872, 0.885522, 0.916102, 0.898966
3.51996, 18.7336, 0.409709, 0.4, 0.000855239, 0.90887, 0.885529, 0.916113, 0.898976
3.52096, 18.7489, 0.409927, 0.4, 0.000854052, 0.908869, 0.885536, 0.916123, 0.898986
3.52196, 18.7643, 0.410144, 0.4, 0.00085284, 0.908867, 0.885543, 0.916134, 0.898995
3.52296, 18.7796, 0.41036, 0.4, 0.000851602, 0.908865, 0.88555, 0.916144, 0.899005
3.52396, 18.795, 0.410576, 0.4, 0.000850339, 0.908864, 0.885558, 0.916155, 0.899015
3.52496, 18.8102, 0.410791, 0.4, 0.000849052, 0.908862, 0.885565, 0.916165, 0.899024
3.52596, 18.8255, 0.411005, 0.4, 0.000847739, 0.90886, 0.885572, 0.916176, 0.899034
3.52696, 18.8408, 0.411219, 0.4, 0.000846401, 0.908859, 0.885579, 0.916186, 0.899043
3.52796, 18.856, 0.411432, 0.4, 0.000845039, 0.908857, 0.885586, 0.916196, 0.899053
3.52896, 18.8712, 0.411644, 0.4, 0.000843651, 0.908855, 0.885593, 0.916207, 0.899062
3.52996, 18.8864, 0.411856, 0.4, 0.000842239, 0.908854, 0.8856, 0.916217, 0.899072
3.53096, 18.9015, 0.412068, 0.4, 0.000840802, 0.908852, 0.885607, 0.916227, 0.899081
3.53196, 18.9166, 0.412278, 0.4, 0.000839341, 0.908851, 0.885613, 0.916238, 0.89909
3.53296, 18.9317, 0.412488, 0.4, 0.000837855, 0.908849, 0.88562, 0.916248, 0.8991
3.53396, 18.9468, 0.412697, 0.4, 0.000836345, 0.908847, 0.885627, 0.916258, 0.899109
3.53496, 18.9618, 0.412905, 0.4, 0.000834811, 0.908846, 0.885634, 0.916268, 0.899118
3.53596, 18.9768, 0.413113, 0.4, 0.000833252, 0.908844, 0.885641, 0.916278, 0.899127
3.53696, 18.9918, 0.41332, 0.4, 0.000831669, 0.908843, 0.885647, 0.916288, 0.899136
3.53796, 19.0068, 0.413527, 0.4, 0.000830062, 0.908841, 0.885654, 0.916298, 0.899146
3.53896, 19.0217, 0.413732, 0.4, 0.000828431, 0.908839, 0.885661, 0.916308, 0.899155
3.53996, 19.0366, 0.413937, 0.4, 0.000826776, 0.908838, 0.885667, 0.916318, 0.899164
3.54096, 19.0515, 0.414142, 0.4, 0.000825097, 0.908836, 0.885674, 0.916328, 0.899173
3.54196, 19.0663, 0.414345, 0.4, 0.000823395, 0.908835, 0.88568, 0.916337, 0.899182
3.54296, 19.0811, 0.414548, 0.4, 0.000821669, 0.908833, 0.885687, 0.916347, 0.899191
3.54396, 19.0959, 0.41475, 0.4, 0.000819919, 0.908831, 0.885693, 0.916357, 0.899199
3.54496, 19.1106, 0.414951, 0.4, 0.000818146, 0.90883, 0.8857, 0.916367, 0.899208
3.54596, 19.1253, 0.415152, 0.4, 0.000816349, 0.908828, 0.885706, 0.916376, 0.899217
3.54696, 19.14, 0.415351, 0.4, 0.000814529, 0.908827, 0.885713, 0.916386, 0.899226
3.54796, 19.1547, 0.415551, 0.4, 0.000812686, 0.908825, 0.885719, 0.916395, 0.899234
3.54896, 19.1693, 0.415749, 0.4, 0.00081082, 0.908823, 0.885726, 0.916405, 0.899243
3.54996, 19.1839, 0.415946, 0.4, 0.000808931, 0.908822, 0.885732, 0.916414, 0.899252
3.55096, 19.1984, 0.416143, 0.4, 0.000807019, 0.90882, 0.885738, 0.916424, 0.89926
3.55196, 19.2129, 0.416339, 0.4, 0.000805084, 0.908818, 0.885744, 0.916433, 0.899269
3.55296, 19.2274, 0.416534, 0.4, 0.000803126, 0.908817, 0.885751, 0.916442, 0.899277
3.55396, 19.2418, 0.416728, 0.4, 0.000801146, 0.908815, 0.885757, 0.916452, 0.899286
3.55496, 19.2562, 0.416922, 0.4, 0.000799143, 0.908814, 0.885763, 0.916461, 0.899294
3.55596, 19.2706, 0.417115, 0.4, 0.000797117, 0.908812, 0.885769, 0.91647, 0.899303
3.55696, 19.2849, 0.417307, 0.4, 0.00079507, 0.908811, 0.885775, 0.916479, 0.899311
3.55796, 19.2992, 0.417498, 0.4, 0.000792999, 0.908809, 0.885781, 0.916489, 0.899319
3.55896, 19.3135, 0.417688, 0.4, 0.000790907, 0.908807, 0.885787, 0.916498, 0.899328
3.55996, 19.3277, 0.417878, 0.4, 0.000788793, 0.908806, 0.885793, 0.916507, 0.899336
3.56096, 19.3419, 0.418067, 0.4, 0.000786656, 0.908804, 0.885799, 0.916516, 0.899344
3.56196, 19.356, 0.418254, 0.4, 0.000784498, 0.908803, 0.885805, 0.916524, 0.899352
3.56296, 19.3701, 0.418441, 0.4, 0.000782318, 0.908801, 0.885811, 0.916533, 0.89936
3.56396, 19.3842, 0.418627, 0.4, 0.000780116, 0.908799, 0.885817, 0.916542, 0.899368
3.56496, 19.3982, 0.418813, 0.4, 0.000777893, 0.908798, 0.885823, 0.916551, 0.899376
3.56596, 19.4122, 0.418997, 0.4, 0.000775648, 0.908796, 0.885828, 0.91656, 0.899384
3.56696, 19.4261, 0.419181, 0.4, 0.000773382, 0.908795, 0.885834, 0.916568, 0.899392
3.56796, 19.44, 0.419364, 0.4, 0.000771094, 0.908793, 0.88584, 0.916577, 0.8994
3.56896, 19.4539, 0.419545, 0.4, 0.000768786, 0.908791, 0.885846, 0.916586, 0.899408
3.56996, 19.4677, 0.419727, 0.4, 0.000766456, 0.90879, 0.885851, 0.916594, 0.899415
3.57096, 19.4815, 0.419907, 0.4, 0.000764105, 0.908788, 0.885857, 0.916603, 0.899423
3.57196, 19.4952, 0.420086, 0.4, 0.000761733, 0.908787, 0.885862, 0.916611, 0.899431
3.57296, 19.5089, 0.420264, 0.4, 0.000759341, 0.908785, 0.885868, 0.91662, 0.899439
3.57396, 19.5225, 0.420442, 0.4, 0.000756928, 0.908783, 0.885873, 0.916628, 0.899446
3.57496, 19.5361, 0.420618, 0.4, 0.000754494, 0.908782, 0.885879, 0.916636, 0.899454
3.57596, 19.5497, 0.420794, 0.4, 0.00075204, 0.90878, 0.885884, 0.916645, 0.899461
3.57696, 19.5632, 0.420969, 0.4, 0.000749566, 0.908778, 0.88589, 0.916653, 0.899469
3.57796, 19.5767, 0.421143, 0.4, 0.000747071, 0.908777, 0.885895, 0.916661, 0.899476
3.57896, 19.5901, 0.421315, 0.4, 0.000744556, 0.908775, 0.8859, 0.916669, 0.899483
3.57996, 19.6035, 0.421487, 0.4, 0.000742021, 0.908774, 0.885906, 0.916677, 0.899491
3.58096, 19.6168, 0.421659, 0.4, 0.000739466, 0.908772, 0.885911, 0.916685, 0.899498
3.58196, 19.6301, 0.421829, 0.4, 0.000736892, 0.908771, 0.885916, 0.916693, 0.899505
3.58296, 19.6434, 0.421998, 0.4, 0.000734297, 0.908769, 0.885921, 0.916701, 0.899512
3.58396, 19.6565, 0.422166, 0.4, 0.000731683, 0.908767, 0.885926, 0.916709, 0.899519
3.58496, 19.6697, 0.422333, 0.4, 0.00072905, 0.908766, 0.885931, 0.916717, 0.899526
3.58596, 19.6828, 0.4225, 0.4, 0.000726397, 0.908764, 0.885936, 0.916724, 0.899534
3.58696, 19.6958, 0.422665, 0.4, 0.000723725, 0.908763, 0.885942, 0.916732, 0.899541
3.58796, 19.7088, 0.42283, 0.4, 0.000721034, 0.908761, 0.885947, 0.91674, 0.899547
3.58896, 19.7218, 0.422993, 0.4, 0.000718323, 0.908759, 0.885951, 0.916747, 0.899554
3.58996, 19.7347, 0.423156, 0.4, 0.000715594, 0.908758, 0.885956, 0.916755, 0.899561
3.59096, 19.7476, 0.423317, 0.4, 0.000712846, 0.908756, 0.885961, 0.916762, 0.899568
3.59195, 19.7604, 0.423478, 0.4, 0.00071008, 0.908755, 0.885966, 0.91677, 0.899575
3.59295, 19.7731, 0.423638, 0.4, 0.000707294, 0.908753, 0.885971, 0.916777, 0.899581
3.59395, 19.7858, 0.423796, 0.4, 0.000704491, 0.908752, 0.885976, 0.916785, 0.899588
3.59495, 19.7985, 0.423954, 0.4, 0.000701669, 0.90875, 0.88598, 0.916792, 0.899595
3.59595, 19.8111, 0.424111, 0.4, 0.000698828, 0.908748, 0.885985, 0.916799, 0.899601
3.59695, 19.8236, 0.424267, 0.4, 0.00069597, 0.908747, 0.88599, 0.916806, 0.899608
3.59795, 19.8361, 0.424421, 0.4, 0.000693093, 0.908745, 0.885994, 0.916814, 0.899614
3.59895, 19.8486, 0.424575, 0.4, 0.000690199, 0.908744, 0.885999, 0.916821, 0.899621
3.59995, 19.861, 0.424728, 0.4, 0.000687287, 0.908742, 0.886003, 0.916828, 0.899627
3.60095, 19.8733, 0.424879, 0.4, 0.000684357, 0.908741, 0.886008, 0.916835, 0.899633
3.60195, 19.8856, 0.42503, 0.4, 0.00068141, 0.908739, 0.886012, 0.916842, 0.899639
3.60295, 19.8979, 0.42518, 0.4, 0.000678446, 0.908737, 0.886017, 0.916849, 0.899646
3.60395, 19.9101, 0.425329, 0.4, 0.000675464, 0.908736, 0.886021, 0.916855, 0.899652
3.60495, 19.9222, 0.425476, 0.4, 0.000672465, 0.908734, 0.886026, 0.916862, 0.899658
3.60595, 19.9343, 0.425623, 0.4, 0.000669448, 0.908733, 0.88603, 0.916869, 0.899664
3.60695, 19.9463, 0.425768, 0.4, 0.000666415, 0.908731, 0.886034, 0.916876, 0.89967
3.60795, 19.9583, 0.425913, 0.4, 0.000663365, 0.90873, 0.886038, 0.916882, 0.899676
3.60895, 19.9702, 0.426057, 0.4, 0.000660299, 0.908728, 0.886043, 0.916889, 0.899682
3.60995, 19.982, 0.426199, 0.4, 0.000657216, 0.908727, 0.886047, 0.916895, 0.899688
3.61095, 19.9938, 0.426341, 0.4, 0.000654116, 0.908725, 0.886051, 0.916902, 0.899694
3.61195, 20.0056, 0.426481, 0.4, 0.000651, 0.908723, 0.886055, 0.916908, 0.899699
3.61295, 20.0173, 0.426621, 0.4, 0.000647868, 0.908722, 0.886059, 0.916914, 0.899705
3.61395, 20.0289, 0.426759, 0.4, 0.00064472, 0.90872, 0.886063, 0.916921, 0.899711
3.61495, 20.0405, 0.426896, 0.4, 0.000641556, 0.908719, 0.886067, 0.916927, 0.899716
3.61595, 20.052, 0.427033, 0.4, 0.000638376, 0.908717, 0.886071, 0.916933, 0.899722
3.61695, 20.0635, 0.427168, 0.4, 0.00063518, 0.908716, 0.886075, 0.916939, 0.899727
3.61795, 20.0749, 0.427302, 0.4, 0.000631969, 0.908714, 0.886079, 0.916945, 0.899733
3.61895, 20.0862, 0.427435, 0.4, 0.000628742, 0.908713, 0.886083, 0.916951, 0.899738
3.61995, 20.0975, 0.427567, 0.4, 0.0006255, 0.908711, 0.886086, 0.916957, 0.899744
3.62095, 20.1087, 0.427698, 0.4, 0.000622243, 0.90871, 0.88609, 0.916963, 0.899749
3.62195, 20.1199, 0.427827, 0.4, 0.00061897, 0.908708, 0.886094, 0.916969, 0.899754
3.62295, 20.131, 0.427956, 0.4, 0.000615683, 0.908707, 0.886097, 0.916975, 0.899759
3.62395, 20.1421, 0.428084, 0.4, 0.000612381, 0.908705, 0.886101, 0.916981, 0.899765
3.62495, 20.153, 0.42821, 0.4, 0.000609064, 0.908704, 0.886105, 0.916986, 0.89977
3.62595, 20.164, 0.428336, 0.4, 0.000605733, 0.908702, 0.886108, 0.916992, 0.899775
3.62695, 20.1749, 0.42846, 0.4, 0.000602387, 0.908701, 0.886112, 0.916998, 0.89978
3.62795, 20.1857, 0.428583, 0.4, 0.000599027, 0.908699, 0.886115, 0.917003, 0.899785
3.62895, 20.1964, 0.428706, 0.4, 0.000595653, 0.908698, 0.886119, 0.917009, 0.89979
3.62995, 20.2071, 0.428827, 0.4, 0.000592264, 0.908696, 0.886122, 0.917014, 0.899794
3.63095, 20.2177, 0.428947, 0.4, 0.000588862, 0.908695, 0.886125, 0.91702, 0.899799
3.63195, 20.2283, 0.429066, 0.4, 0.000585446, 0.908693, 0.886129, 0.917025, 0.899804
3.63295, 20.2388, 0.429183, 0.4, 0.000582016, 0.908691, 0.886132, 0.91703, 0.899809
3.63395, 20.2493, 0.4293, 0.4, 0.000578573, 0.90869, 0.886135, 0.917035, 0.899813
3.63495, 20.2596, 0.429416, 0.4, 0.000575116, 0.908689, 0.886138, 0.91704, 0.899818
3.63595, 20.27, 0.42953, 0.4, 0.000571647, 0.908687, 0.886141, 0.917046, 0.899822
3.63695, 20.2802, 0.429644, 0.4, 0.000568163, 0.908686, 0.886145, 0.917051, 0.899827
3.63795, 20.2904, 0.429756, 0.4, 0.000564667, 0.908684, 0.886148, 0.917056, 0.899831
3.63895, 20.3006, 0.429867, 0.4, 0.000561158, 0.908683, 0.886151, 0.91706, 0.899836
3.63995, 20.3106, 0.429977, 0.4, 0.000557637, 0.908681, 0.886154, 0.917065, 0.89984
3.64095, 20.3206, 0.430086, 0.4, 0.000554102, 0.90868, 0.886157, 0.91707, 0.899844
3.64195, 20.3306, 0.430194, 0.4, 0.000550555, 0.908678, 0.886159, 0.917075, 0.899849
3.64295, 20.3404, 0.4303, 0.4, 0.000546996, 0.908677, 0.886162, 0.91708, 0.899853
3.64395, 20.3503, 0.430406, 0.4, 0.000543425, 0.908675, 0.886165, 0.917084, 0.899857
3.64495, 20.36, 0.43051, 0.4, 0.000539841, 0.908674, 0.886168, 0.917089, 0.899861
3.64595, 20.3697, 0.430613, 0.4, 0.000536246, 0.908672, 0.886171, 0.917093, 0.899865
3.64695, 20.3793, 0.430715, 0.4, 0.000532638, 0.908671, 0.886173, 0.917098, 0.899869
3.64795, 20.3889, 0.430816, 0.4, 0.000529019, 0.908669, 0.886176, 0.917102, 0.899873
3.64895, 20.3984, 0.430916, 0.4, 0.000525389, 0.908668, 0.886179, 0.917107, 0.899877
3.64995, 20.4078, 0.431015, 0.4, 0.000521747, 0.908666, 0.886181, 0.917111, 0.89988
3.65095, 20.4171, 0.431112, 0.4, 0.000518094, 0.908665, 0.886184, 0.917115, 0.899884
3.65195, 20.4264, 0.431209, 0.4, 0.000514429, 0.908663, 0.886186, 0.917119, 0.899888
3.65295, 20.4357, 0.431304, 0.4, 0.000510754, 0.908662, 0.886189, 0.917123, 0.899892
3.65395, 20.4448, 0.431398, 0.4, 0.000507067, 0.908661, 0.886191, 0.917127, 0.899895
3.65495, 20.4539, 0.431491, 0.4, 0.00050337, 0.908659, 0.886194, 0.917132, 0.899899
3.65595, 20.4629, 0.431583, 0.4, 0.000499662, 0.908658, 0.886196, 0.917135, 0.899902
3.65695, 20.4719, 0.431674, 0.4, 0.000495944, 0.908656, 0.886198, 0.917139, 0.899906
3.65795, 20.4808, 0.431763, 0.4, 0.000492216, 0.908655, 0.886201, 0.917143, 0.899909
3.65895, 20.4896, 0.431851, 0.4, 0.000488477, 0.908653, 0.886203, 0.917147, 0.899912
3.65995, 20.4984, 0.431939, 0.4, 0.000484728, 0.908652, 0.886205, 0.917151, 0.899916
3.66095, 20.5071, 0.432025, 0.4, 0.000480969, 0.908651, 0.886207, 0.917154, 0.899919
3.66195, 20.5157, 0.432109, 0.4, 0.000477201, 0.908649, 0.886209, 0.917158, 0.899922
3.66295, 20.5243, 0.432193, 0.4, 0.000473422, 0.908648, 0.886211, 0.917162, 0.899925
3.66395, 20.5327, 0.432276, 0.4, 0.000469635, 0.908646, 0.886213, 0.917165, 0.899928
3.66495, 20.5412, 0.432357, 0.4, 0.000465837, 0.908645, 0.886215, 0.917168, 0.899931
3.66595, 20.5495, 0.432437, 0.4, 0.000462031, 0.908643, 0.886217, 0.917172, 0.899934
3.66695, 20.5578, 0.432516, 0.4, 0.000458215, 0.908642, 0.886219, 0.917175, 0.899937
3.66795, 20.566, 0.432594, 0.4, 0.000454391, 0.908641, 0.886221, 0.917179, 0.89994
3.66895, 20.5742, 0.432671, 0.4, 0.000450557, 0.908639, 0.886223, 0.917182, 0.899943
3.66995, 20.5822, 0.432747, 0.4, 0.000446715, 0.908638, 0.886225, 0.917185, 0.899946
3.67095, 20.5902, 0.432821, 0.4, 0.000442865, 0.908637, 0.886226, 0.917188, 0.899948
3.67195, 20.5982, 0.432894, 0.4, 0.000439005, 0.908635, 0.886228, 0.917191, 0.899951
3.67295, 20.606, 0.432966, 0.4, 0.000435138, 0.908634, 0.88623, 0.917194, 0.899954
3.67395, 20.6138, 0.433037, 0.4, 0.000431262, 0.908632, 0.886231, 0.917197, 0.899956
3.67495, 20.6216, 0.433107, 0.4, 0.000427379, 0.908631, 0.886233, 0.9172, 0.899959
3.67595, 20.6292, 0.433175, 0.4, 0.000423487, 0.90863, 0.886235, 0.917203, 0.899961
3.67695, 20.6368, 0.433243, 0.4, 0.000419588, 0.908628, 0.886236, 0.917205, 0.899963
3.67795, 20.6443, 0.433309, 0.4, 0.000415681, 0.908627, 0.886238, 0.917208, 0.899966
3.67895, 20.6518, 0.433374, 0.4, 0.000411766, 0.908626, 0.886239, 0.917211, 0.899968
3.67995, 20.6592, 0.433438, 0.4, 0.000407845, 0.908624, 0.88624, 0.917213, 0.89997
3.68095, 20.6665, 0.4335, 0.4, 0.000403916, 0.908623, 0.886242, 0.917216, 0.899972
3.68195, 20.6737, 0.433562, 0.4, 0.00039998, 0.908622, 0.886243, 0.917218, 0.899975
3.68295, 20.6809, 0.433622, 0.4, 0.000396037, 0.90862, 0.886244, 0.917221, 0.899976
3.68395, 20.6879, 0.433681, 0.4, 0.000392087, 0.908619, 0.886246, 0.917223, 0.899979
3.68495, 20.695, 0.433739, 0.4, 0.000388131, 0.908618, 0.886247, 0.917225, 0.899981
3.68595, 20.7019, 0.433796, 0.4, 0.000384168, 0.908616, 0.886248, 0.917228, 0.899982
3.68695, 20.7088, 0.433852, 0.4, 0.000380198, 0.908615, 0.886249, 0.91723, 0.899984
3.68795, 20.7156, 0.433906, 0.4, 0.000376223, 0.908614, 0.88625, 0.917232, 0.899986
3.68895, 20.7223, 0.433959, 0.4, 0.000372241, 0.908612, 0.886251, 0.917234, 0.899988
3.68995, 20.729, 0.434011, 0.4, 0.000368254, 0.908611, 0.886252, 0.917236, 0.89999
3.69095, 20.7356, 0.434062, 0.4, 0.00036426, 0.90861, 0.886253, 0.917238, 0.899991
3.69195, 20.7421, 0.434112, 0.4, 0.000360261, 0.908608, 0.886254, 0.91724, 0.899993
3.69295, 20.7486, 0.43416, 0.4, 0.000356256, 0.908607, 0.886255, 0.917242, 0.899994
3.69395, 20.7549, 0.434208, 0.4, 0.000352246, 0.908606, 0.886256, 0.917244, 0.899996
3.69495, 20.7613, 0.434254, 0.4, 0.000348231, 0.908604, 0.886257, 0.917245, 0.899997
3.69595, 20.7675, 0.434299, 0.4, 0.000344211, 0.908603, 0.886257, 0.917247, 0.899999
3.69695, 20.7736, 0.434342, 0.4, 0.000340185, 0.908602, 0.886258, 0.917249, 0.9
3.69795, 20.7797, 0.434385, 0.4, 0.000336155, 0.908601, 0.886259, 0.91725, 0.900001
3.69895, 20.7857, 0.434426, 0.4, 0.00033212, 0.908599, 0.886259, 0.917251, 0.900002
3.69995, 20.7917, 0.434466, 0.4, 0.00032808, 0.908598, 0.88626, 0.917253, 0.900003
3.70095, 20.7976, 0.434506, 0.4, 0.000324036, 0.908597, 0.88626, 0.917254, 0.900005
3.70195, 20.8034, 0.434543, 0.4, 0.000319988, 0.908595, 0.886261, 0.917256, 0.900006
3.70295, 20.8091, 0.43458, 0.4, 0.000315935, 0.908594, 0.886261, 0.917257, 0.900007
3.70395, 20.8147, 0.434616, 0.4, 0.000311879, 0.908593, 0.886262, 0.917258, 0.900008
3.70495, 20.8203, 0.43465, 0.4, 0.000307818, 0.908592, 0.886262, 0.917259, 0.900008
3.70595, 20.8258, 0.434683, 0.4, 0.000303754, 0.90859, 0.886263, 0.91726, 0.900009
3.70695, 20.8312, 0.434715, 0.4, 0.000299686, 0.908589, 0.886263, 0.917261, 0.90001
3.70795, 20.8366, 0.434746, 0.4, 0.000295615, 0.908588, 0.886263, 0.917262, 0.900011
3.70895, 20.8419, 0.434776, 0.4, 0.00029154, 0.908587, 0.886264, 0.917263, 0.900012
3.70995, 20.8471, 0.434804, 0.4, 0.000287463, 0.908585, 0.886264, 0.917264, 0.900012
3.71095, 20.8522, 0.434831, 0.4, 0.000283382, 0.908584, 0.886264, 0.917265, 0.900013
3.71195, 20.8573, 0.434857, 0.4, 0.000279298, 0.908583, 0.886264, 0.917266, 0.900013
3.71295, 20.8623, 0.434882, 0.4, 0.000275211, 0.908582, 0.886264, 0.917266, 0.900014
3.71395, 20.8672, 0.434906, 0.4, 0.000271122, 0.90858, 0.886264, 0.917267, 0.900014
3.71495, 20.872, 0.434929, 0.4, 0.00026703, 0.908579, 0.886264, 0.917268, 0.900015
3.71595, 20.8768, 0.43495, 0.4, 0.000262936, 0.908578, 0.886264, 0.917268, 0.900015
3.71695, 20.8815, 0.43497, 0.4, 0.00025884, 0.908577, 0.886264, 0.917269, 0.900015
3.71795, 20.8861, 0.434989, 0.4, 0.000254741, 0.908575, 0.886264, 0.917269, 0.900015
3.71895, 20.8907, 0.435007, 0.4, 0.000250641, 0.908574, 0.886264, 0.917269, 0.900016
3.71995, 20.8952, 0.435024, 0.4, 0.000246539, 0.908573, 0.886264, 0.91727, 0.900016
3.72095, 20.8996, 0.43504, 0.4, 0.000242435, 0.908572, 0.886263, 0.91727, 0.900016
3.72195, 20.9039, 0.435054, 0.4, 0.000238329, 0.908571, 0.886263, 0.91727, 0.900016
3.72295, 20.9081, 0.435067, 0.4, 0.000234222, 0.908569, 0.886263, 0.91727, 0.900016
3.72395, 20.9123, 0.435079, 0.4, 0.000230114, 0.908568, 0.886263, 0.91727, 0.900016
3.72495, 20.9164, 0.43509, 0.4, 0.000226005, 0.908567, 0.886262, 0.91727, 0.900016
3.72595, 20.9205, 0.4351, 0.4, 0.000221894, 0.908566, 0.886262, 0.91727, 0.900015
3.72695, 20.9244, 0.435109, 0.4, 0.000217783, 0.908565, 0.886261, 0.91727, 0.900015
3.72795, 20.9283, 0.435116, 0.4, 0.000213671, 0.908563, 0.886261, 0.91727, 0.900015
3.72895, 20.9321, 0.435123, 0.4, 0.000209558, 0.908562, 0.88626, 0.91727, 0.900015
3.72994, 20.9358, 0.435128, 0.4, 0.000205445, 0.908561, 0.88626, 0.91727, 0.900014
3.73094, 20.9395, 0.435131, 0.4, 0.000201331, 0.90856, 0.886259, 0.917269, 0.900014
3.73194, 20.9431, 0.435134, 0.4, 0.000197218, 0.908559, 0.886259, 0.917269, 0.900013
3.73294, 20.9466, 0.435136, 0.4, 0.000193104, 0.908558, 0.886258, 0.917269, 0.900013
3.73394, 20.95, 0.435136, 0.4, 0.00018899, 0.908556, 0.886257, 0.917268, 0.900012
3.73494, 20.9534, 0.435135, 0.4, 0.000184877, 0.908555, 0.886256, 0.917268, 0.900011
3.73594, 20.9567, 0.435133, 0.4, 0.000180764, 0.908554, 0.886256, 0.917267, 0.900011
3.73694, 20.9599, 0.43513, 0.4, 0.000176651, 0.908553, 0.886255, 0.917266, 0.90001
3.73794, 20.963, 0.435126, 0.4, 0.000172539, 0.908552, 0.886254, 0.917266, 0.900009
3.73894, 20.9661, 0.435121, 0.4, 0.000168428, 0.908551, 0.886253, 0.917265, 0.900008
3.73994, 20.9691, 0.435114, 0.4, 0.000164318, 0.908549, 0.886252, 0.917264, 0.900007
3.74094, 20.972, 0.435107, 0.4, 0.000160208, 0.908548, 0.886251, 0.917263, 0.900006
3.74194, 20.9749, 0.435098, 0.4, 0.0001561, 0.908547, 0.88625, 0.917262, 0.900005
3.74294, 20.9777, 0.435089, 0.4, 0.000151993, 0.908546, 0.886249, 0.917261, 0.900004
3.74394, 20.9804, 0.435078, 0.4, 0.000147887, 0.908545, 0.886248, 0.91726, 0.900003
3.74494, 20.983, 0.435066, 0.4, 0.000143783, 0.908544, 0.886246, 0.917259, 0.900002
3.74594, 20.9855, 0.435052, 0.4, 0.000139681, 0.908542, 0.886245, 0.917258, 0.900001
3.74694, 20.988, 0.435038, 0.4, 0.000135581, 0.908541, 0.886244, 0.917257, 0.899999
3.74794, 20.9904, 0.435023, 0.4, 0.000131482, 0.90854, 0.886243, 0.917256, 0.899998
3.74894, 20.9927, 0.435006, 0.4, 0.000127385, 0.908539, 0.886241, 0.917254, 0.899997
3.74994, 20.995, 0.434988, 0.4, 0.000123291, 0.908538, 0.88624, 0.917253, 0.899995
3.75094, 20.9972, 0.434969, 0.4, 0.000119199, 0.908537, 0.886239, 0.917251, 0.899994
3.75194, 20.9993, 0.434949, 0.4, 0.000115109, 0.908536, 0.886237, 0.91725, 0.899992
3.75294, 21.0013, 0.434928, 0.4, 0.000111022, 0.908534, 0.886236, 0.917248, 0.899991
3.75394, 21.0033, 0.434906, 0.4, 0.000106938, 0.908533, 0.886234, 0.917247, 0.899989
3.75494, 21.0052, 0.434883, 0.4, 0.000102857, 0.908532, 0.886233, 0.917245, 0.899987
3.75594, 21.007, 0.434858, 0.4, 9.87783e-05, 0.908531, 0.886231, 0.917243, 0.899986
3.75694, 21.0087, 0.434833, 0.4, 9.47029e-05, 0.90853, 0.88623, 0.917242, 0.899984
3.75794, 21.0104, 0.434806, 0.4, 9.06309e-05, 0.908529, 0.886228, 0.91724, 0.899982
3.75894, 21.012, 0.434778, 0.4, 8.65622e-05, 0.908528, 0.886226, 0.917238, 0.89998
3.75994, 21.0135, 0.434749, 0.4, 8.2497e-05, 0.908526, 0.886224, 0.917236, 0.899978
3.76094, 21.015, 0.43472, 0.4, 7.84354e-05, 0.908525, 0.886223, 0.917234, 0.899976
3.76194, 21.0163, 0.434688, 0.4, 7.43776e-05, 0.908524, 0.886221, 0.917232, 0.899974
3.76294, 21.0176, 0.434656, 0.4, 7.03236e-05, 0.908523, 0.886219, 0.91723, 0.899972
3.76394, 21.0189, 0.434623, 0.4, 6.62737e-05, 0.908522, 0.886217, 0.917228, 0.89997
3.76494, 21.02, 0.434588, 0.4, 6.22279e-05, 0.908521, 0.886215, 0.917226, 0.899968
3.76594, 21.0211, 0.434553, 0.4, 5.81864e-05, 0.90852, 0.886213, 0.917223, 0.899965
3.76694, 21.0221, 0.434516, 0.4, 5.41493e-05, 0.908518, 0.886211, 0.917221, 0.899963
3.76794, 21.0231, 0.434479, 0.4, 5.01167e-05, 0.908517, 0.886209, 0.917219, 0.899961
3.76894, 21.0239, 0.43444, 0.4, 4.60887e-05, 0.908516, 0.886207, 0.917216, 0.899958
3.76994, 21.0247, 0.4344, 0.4, 4.20655e-05, 0.908515, 0.886205, 0.917214, 0.899956
3.77094, 21.0254, 0.43436, 0.4, 3.80472e-05, 0.908514, 0.886203, 0.917211, 0.899953
3.77194, 21.0261, 0.434318, 0.4, 3.4034e-05, 0.908513, 0.8862, 0.917209, 0.899951
3.77294, 21.0267, 0.434275, 0.4, 3.00259e-05, 0.908512, 0.886198, 0.917206, 0.899948
3.77394, 21.0272, 0.434231, 0.4, 2.6023e-05, 0.908511, 0.886196, 0.917204, 0.899946
3.77494, 21.0276, 0.434185, 0.4, 2.20255e-05, 0.908509, 0.886193, 0.917201, 0.899943
3.77594, 21.028, 0.434139, 0.4, 1.80336e-05, 0.908508, 0.886191, 0.917198, 0.89994
3.77694, 21.0282, 0.434092, 0.4, 1.40474e-05, 0.908507, 0.886189, 0.917195, 0.899937
3.77794, 21.0285, 0.434044, 0.4, 1.00669e-05, 0.908506, 0.886186, 0.917192, 0.899934
3.77894, 21.0286, 0.433994, 0.4, 6.09232e-06, 0.908505, 0.886184, 0.917189, 0.899931
3.77994, 21.0287, 0.433944, 0.4, 2.12374e-06, 0.908504, 0.886181, 0.917186, 0.899929
3.78094, 21.0287, 0.433892, 0.4, -1.83872e-06, 0.908502, 0.886179, 0.917183, 0.899926
3.78194, 21.0286, 0.43384, 0.4, -5.7949e-06, 0.908501, 0.886176, 0.91718, 0.899922
3.78294, 21.0285, 0.433786, 0.4, -9.74474e-06, 0.9085, 0.886173, 0.917177, 0.899919
3.78394, 21.0283, 0.433732, 0.4, -1.36881e-05, 0.908499, 0.886171, 0.917174, 0.899916
3.78494, 21.028, 0.433676, 0.4, -1.76248e-05, 0.908498, 0.886168, 0.91717, 0.899913
3.78594, 21.0276, 0.43362, 0.4, -2.15547e-05, 0.908497, 0.886165, 0.917167, 0.89991
3.78694, 21.0272, 0.433562, 0.4, -2.54778e-05, 0.908495, 0.886162, 0.917164, 0.899907
3.78794, 21.0267, 0.433503, 0.4, -2.93939e-05, 0.908494, 0.88616, 0.91716, 0.899903
3.78894, 21.0261, 0.433443, 0.4, -3.3303e-05, 0.908493, 0.886157, 0.917157, 0.8999
3.78994, 21.0255, 0.433383, 0.4, -3.72048e-05, 0.908492, 0.886154, 0.917153, 0.899896
3.79094, 21.0248, 0.433321, 0.4, -4.10993e-05, 0.908491, 0.886151, 0.91715, 0.899893
3.79194, 21.024, 0.433258, 0.4, -4.49863e-05, 0.90849, 0.886148, 0.917146, 0.899889
3.79294, 21.0232, 0.433195, 0.4, -4.88657e-05, 0.908489, 0.886145, 0.917142, 0.899886
3.79394, 21.0223, 0.43313, 0.4, -5.27375e-05, 0.908487, 0.886142, 0.917139, 0.899882
3.79494, 21.0213, 0.433064, 0.4, -5.66015e-05, 0.908486, 0.886139, 0.917135, 0.899879
3.79594, 21.0202, 0.432997, 0.4, -6.04576e-05, 0.908485, 0.886136, 0.917131, 0.899875
3.79694, 21.0191, 0.43293, 0.4, -6.43056e-05, 0.908484, 0.886133, 0.917127, 0.899871
3.79794, 21.0179, 0.432861, 0.4, -6.81454e-05, 0.908483, 0.886129, 0.917123, 0.899867
3.79894, 21.0167, 0.432791, 0.4, -7.1977e-05, 0.908481, 0.886126, 0.917119, 0.899863
3.79994, 21.0153, 0.43272, 0.4, -7.58002e-05, 0.90848, 0.886123, 0.917115, 0.899859
3.80094, 21.0139, 0.432649, 0.4, -7.9615e-05, 0.908479, 0.88612, 0.917111, 0.899855
3.80194, 21.0125, 0.432576, 0.4, -8.34211e-05, 0.908478, 0.886116, 0.917107, 0.899852
3.80294, 21.0109, 0.432502, 0.4, -8.72184e-05, 0.908477, 0.886113, 0.917103, 0.899847
3.80394, 21.0093, 0.432428, 0.4, -9.1007e-05, 0.908475, 0.886109, 0.917099, 0.899843
3.80494, 21.0077, 0.432352, 0.4, -9.47866e-05, 0.908474, 0.886106, 0.917094, 0.899839
3.80594, 21.0059, 0.432276, 0.4, -9.85571e-05, 0.908473, 0.886103, 0.91709, 0.899835
3.80694, 21.0041, 0.432198, 0.4, -0.000102319, 0.908472, 0.886099, 0.917086, 0.899831
3.80794, 21.0022, 0.43212, 0.4, -0.000106071, 0.908471, 0.886095, 0.917081, 0.899826
3.80894, 21.0003, 0.432041, 0.4, -0.000109813, 0.908469, 0.886092, 0.917077, 0.899822
3.80994, 20.9983, 0.43196, 0.4, -0.000113547, 0.908468, 0.886088, 0.917072, 0.899818
3.81094, 20.9962, 0.431879, 0.4, -0.00011727, 0.908467, 0.886084, 0.917068, 0.899813
3.81194, 20.9941, 0.431797, 0.4, -0.000120984, 0.908466, 0.886081, 0.917063, 0.899809
3.81294, 20.9918, 0.431714, 0.4, -0.000124688, 0.908465, 0.886077, 0.917058, 0.899804
3.81394, 20.9896, 0.43163, 0.4, -0.000128382, 0.908463, 0.886073, 0.917054, 0.8998
3.81494, 20.9872, 0.431545, 0.4, -0.000132066, 0.908462, 0.886069, 0.917049, 0.899795
3.81594, 20.9848, 0.431459, 0.4, -0.00013574, 0.908461, 0.886066, 0.917044, 0.89979
3.81694, 20.9823, 0.431372, 0.4, -0.000139404, 0.90846, 0.886062, 0.917039, 0.899786
3.81794, 20.9798, 0.431284, 0.4, -0.000143057, 0.908458, 0.886058, 0.917034, 0.899781
3.81894, 20.9772, 0.431195, 0.4, -0.0001467, 0.908457, 0.886054, 0.917029, 0.899776
3.81994, 20.9745, 0.431106, 0.4, -0.000150332, 0.908456, 0.88605, 0.917024, 0.899771
3.82094, 20.9718, 0.431015, 0.4, -0.000153953, 0.908455, 0.886046, 0.917019, 0.899766
3.82194, 20.969, 0.430924, 0.4, -0.000157564, 0.908453, 0.886042, 0.917014, 0.899761
3.82294, 20.9661, 0.430832, 0.4, -0.000161164, 0.908452, 0.886038, 0.917009, 0.899756
3.82394, 20.9632, 0.430738, 0.4, -0.000164753, 0.908451, 0.886033, 0.917003, 0.899751
3.82494, 20.9602, 0.430644, 0.4, -0.00016833, 0.908449, 0.886029, 0.916998, 0.899746
3.82594, 20.9571, 0.43055, 0.4, -0.000171897, 0.908448, 0.886025, 0.916993, 0.899741
3.82694, 20.954, 0.430454, 0.4, -0.000175452, 0.908447, 0.886021, 0.916988, 0.899736
3.82794, 20.9508, 0.430357, 0.4, -0.000178996, 0.908446, 0.886016, 0.916982, 0.899731
3.82894, 20.9475, 0.43026, 0.4, -0.000182528, 0.908444, 0.886012, 0.916977, 0.899726
3.82994, 20.9442, 0.430161, 0.4, -0.000186049, 0.908443, 0.886008, 0.916971, 0.89972
3.83094, 20.9408, 0.430062, 0.4, -0.000189558, 0.908442, 0.886003, 0.916966, 0.899715
3.83194, 20.9374, 0.429962, 0.4, -0.000193055, 0.90844, 0.885999, 0.91696, 0.89971
3.83294, 20.9339, 0.429861, 0.4, -0.00019654, 0.908439, 0.885994, 0.916955, 0.899704
3.83394, 20.9303, 0.429759, 0.4, -0.000200013, 0.908438, 0.88599, 0.916949, 0.899699
3.83494, 20.9267, 0.429656, 0.4, -0.000203475, 0.908436, 0.885985, 0.916943, 0.899693
3.83594, 20.923, 0.429553, 0.4, -0.000206923, 0.908435, 0.885981, 0.916937, 0.899688
3.83694, 20.9192, 0.429449, 0.4, -0.00021036, 0.908434, 0.885976, 0.916932, 0.899682
3.83794, 20.9154, 0.429343, 0.4, -0.000213784, 0.908432, 0.885972, 0.916926, 0.899676
3.83894, 20.9115, 0.429237, 0.4, -0.000217196, 0.908431, 0.885967, 0.91692, 0.899671
3.83994, 20.9076, 0.429131, 0.4, -0.000220595, 0.908429, 0.885962, 0.916914, 0.899665
3.84094, 20.9036, 0.429023, 0.4, -0.000223982, 0.908428, 0.885957, 0.916908, 0.899659
3.84194, 20.8995, 0.428915, 0.4, -0.000227355, 0.908427, 0.885953, 0.916902, 0.899653
3.84294, 20.8954, 0.428805, 0.4, -0.000230716, 0.908425, 0.885948, 0.916896, 0.899648
3.84394, 20.8912, 0.428695, 0.4, -0.000234064, 0.908424, 0.885943, 0.916889, 0.899642
3.84494, 20.887, 0.428584, 0.4, -0.000237399, 0.908422, 0.885938, 0.916883, 0.899636
3.84594, 20.8827, 0.428473, 0.4, -0.000240721, 0.908421, 0.885933, 0.916877, 0.89963
3.84694, 20.8783, 0.42836, 0.4, -0.000244029, 0.908419, 0.885928, 0.916871, 0.899624
3.84794, 20.8739, 0.428247, 0.4, -0.000247324, 0.908418, 0.885923, 0.916864, 0.899618
3.84894, 20.8694, 0.428133, 0.4, -0.000250606, 0.908417, 0.885918, 0.916858, 0.899611
3.84994, 20.8649, 0.428019, 0.4, -0.000253874, 0.908415, 0.885913, 0.916852, 0.899605
3.85094, 20.8603, 0.427903, 0.4, -0.000257128, 0.908414, 0.885908, 0.916845, 0.899599
3.85194, 20.8556, 0.427787, 0.4, -0.000260369, 0.908412, 0.885903, 0.916839, 0.899593
3.85294, 20.8509, 0.42767, 0.4, -0.000263596, 0.908411, 0.885898, 0.916832, 0.899587
3.85394, 20.8461, 0.427552, 0.4, -0.00026681, 0.908409, 0.885893, 0.916826, 0.89958
3.85494, 20.8413, 0.427433, 0.4, -0.000270009, 0.908408, 0.885887, 0.916819, 0.899574
3.85594, 20.8364, 0.427314, 0.4, -0.000273194, 0.908406, 0.885882, 0.916812, 0.899567
3.85694, 20.8315, 0.427194, 0.4, -0.000276365, 0.908405, 0.885877, 0.916806, 0.899561
3.85794, 20.8265, 0.427074, 0.4, -0.000279522, 0.908403, 0.885871, 0.916799, 0.899554
3.85894, 20.8214, 0.426952, 0.4, -0.000282665, 0.908401, 0.885866, 0.916792, 0.899548
3.85994, 20.8163, 0.42683, 0.4, -0.000285793, 0.9084, 0.88586, 0.916785, 0.899541
3.86094, 20.8111, 0.426707, 0.4, -0.000288907, 0.908398, 0.885855, 0.916778, 0.899535
3.86194, 20.8059, 0.426583, 0.4, -0.000292006, 0.908397, 0.88585, 0.916772, 0.899528
3.86294, 20.8006, 0.426459, 0.4, -0.000295091, 0.908395, 0.885844, 0.916765, 0.899521
3.86394, 20.7953, 0.426334, 0.4, -0.00029816, 0.908394, 0.885839, 0.916758, 0.899515
3.86494, 20.7899, 0.426208, 0.4, -0.000301216, 0.908392, 0.885833, 0.916751, 0.899508
3.86594, 20.7844, 0.426082, 0.4, -0.000304256, 0.90839, 0.885827, 0.916743, 0.899501
3.86694, 20.7789, 0.425955, 0.4, -0.000307281, 0.908389, 0.885822, 0.916736, 0.899494
3.86793, 20.7734, 0.425827, 0.4, -0.000310291, 0.908387, 0.885816, 0.916729, 0.899487
3.86893, 20.7677, 0.425699, 0.4, -0.000313286, 0.908385, 0.88581, 0.916722, 0.89948
3.86993, 20.7621, 0.425569, 0.4, -0.000316266, 0.908384, 0.885805, 0.916715, 0.899473
3.87093, 20.7564, 0.42544, 0.4, -0.000319231, 0.908382, 0.885799, 0.916707, 0.899466
3.87193, 20.7506, 0.425309, 0.4, -0.00032218, 0.90838, 0.885793, 0.9167, 0.899459
3.87293, 20.7448, 0.425178, 0.4, -0.000325114, 0.908379, 0.885787, 0.916693, 0.899452
3.87393, 20.7389, 0.425046, 0.4, -0.000328033, 0.908377, 0.885781, 0.916685, 0.899445
3.87493, 20.733, 0.424914, 0.4, -0.000330936, 0.908375, 0.885775, 0.916678, 0.899438
3.87593, 20.727, 0.424781, 0.4, -0.000333823, 0.908374, 0.885769, 0.91667, 0.899431
3.87693, 20.7209, 0.424647, 0.4, -0.000336694, 0.908372, 0.885763, 0.916663, 0.899423
3.87793, 20.7148, 0.424513, 0.4, -0.00033955, 0.90837, 0.885757, 0.916655, 0.899416
3.87893, 20.7087, 0.424378, 0.4, -0.00034239, 0.908368, 0.885751, 0.916648, 0.899409
3.87993, 20.7025, 0.424242, 0.4, -0.000345214, 0.908366, 0.885745, 0.91664, 0.899401
3.88093, 20.6963, 0.424106, 0.4, -0.000348022, 0.908365, 0.885739, 0.916632, 0.899394
3.88193, 20.69, 0.423969, 0.4, -0.000350814, 0.908363, 0.885733, 0.916625, 0.899387
3.88293, 20.6837, 0.423832, 0.4, -0.000353589, 0.908361, 0.885727, 0.916617, 0.899379
3.88393, 20.6773, 0.423694, 0.4, -0.000356349, 0.908359, 0.885721, 0.916609, 0.899372
3.88493, 20.6708, 0.423555, 0.4, -0.000359092, 0.908357, 0.885714, 0.916601, 0.899364
3.88593, 20.6643, 0.423416, 0.4, -0.000361819, 0.908355, 0.885708, 0.916593, 0.899356
3.88693, 20.6578, 0.423276, 0.4, -0.000364529, 0.908354, 0.885702, 0.916586, 0.899349
3.88793, 20.6512, 0.423136, 0.4, -0.000367223, 0.908352, 0.885696, 0.916578, 0.899341
3.88893, 20.6446, 0.422995, 0.4, -0.000369901, 0.90835, 0.885689, 0.91657, 0.899333
3.88993, 20.6379, 0.422854, 0.4, -0.000372561, 0.908348, 0.885683, 0.916562, 0.899326
3.89093, 20.6312, 0.422712, 0.4, -0.000375205, 0.908346, 0.885676, 0.916553, 0.899318
3.89193, 20.6244, 0.422569, 0.4, -0.000377833, 0.908344, 0.88567, 0.916546, 0.89931
3.89293, 20.6176, 0.422426, 0.4, -0.000380443, 0.908342, 0.885664, 0.916537, 0.899302
3.89393, 20.6107, 0.422282, 0.4, -0.000383037, 0.90834, 0.885657, 0.916529, 0.899294
3.89493, 20.6038, 0.422138, 0.4, -0.000385614, 0.908338, 0.885651, 0.916521, 0.899287
3.89593, 20.5968, 0.421994, 0.4, -0.000388173, 0.908336, 0.885644, 0.916513, 0.899279
3.89693, 20.5898, 0.421848, 0.4, -0.000390716, 0.908334, 0.885637, 0.916505, 0.899271
3.89793, 20.5827, 0.421702, 0.4, -0.000393242, 0.908332, 0.885631, 0.916496, 0.899263
3.89893, 20.5756, 0.421556, 0.4, -0.00039575, 0.90833, 0.885624, 0.916488, 0.899255
3.89993, 20.5685, 0.421409, 0.4, -0.000398241, 0.908328, 0.885617, 0.916479, 0.899247
3.90093, 20.5613, 0.421262, 0.4, -0.000400715, 0.908326, 0.885611, 0.916471, 0.899238
3.90193, 20.5541, 0.421114, 0.4, -0.000403171, 0.908324, 0.885604, 0.916463, 0.89923
3.90293, 20.5468, 0.420965, 0.4, -0.00040561, 0.908322, 0.885597, 0.916454, 0.899222
3.90393, 20.5395, 0.420817, 0.4, -0.000408032, 0.90832, 0.88559, 0.916446, 0.899214
3.90493, 20.5321, 0.420667, 0.4, -0.000410436, 0.908318, 0.885583, 0.916437, 0.899206
3.90593, 20.5247, 0.420518, 0.4, -0.000412822, 0.908315, 0.885577, 0.916429, 0.899197
3.90693, 20.5172, 0.420367, 0.4, -0.000415191, 0.908313, 0.88557, 0.91642, 0.899189
3.90793, 20.5097, 0.420217, 0.4, -0.000417542, 0.908311, 0.885563, 0.916411, 0.899181
3.90893, 20.5022, 0.420065, 0.4, -0.000419876, 0.908309, 0.885556, 0.916403, 0.899172
3.90993, 20.4946, 0.419914, 0.4, -0.000422191, 0.908307, 0.885549, 0.916394, 0.899164
3.91093, 20.487, 0.419761, 0.4, -0.000424489, 0.908305, 0.885542, 0.916385, 0.899155
3.91193, 20.4793, 0.419609, 0.4, -0.000426769, 0.908302, 0.885535, 0.916377, 0.899147
3.91293, 20.4716, 0.419456, 0.4, -0.000429031, 0.9083, 0.885528, 0.916368, 0.899139
3.91393, 20.4639, 0.419302, 0.4, -0.000431274, 0.908298, 0.885521, 0.916359, 0.89913
3.91493, 20.4561, 0.419148, 0.4, -0.0004335, 0.908296, 0.885514, 0.91635, 0.899121
3.91593, 20.4483, 0.418994, 0.4, -0.000435708, 0.908293, 0.885506, 0.916341, 0.899113
3.91693, 20.4404, 0.418839, 0.4, -0.000437897, 0.908291, 0.885499, 0.916332, 0.899104
3.91793, 20.4325, 0.418684, 0.4, -0.000440069, 0.908289, 0.885492, 0.916323, 0.899095
3.91893, 20.4246, 0.418529, 0.4, -0.000442222, 0.908286, 0.885485, 0.916314, 0.899087
3.91993, 20.4166, 0.418373, 0.4, -0.000444356, 0.908284, 0.885477, 0.916305, 0.899078
3.92093, 20.4086, 0.418216, 0.4, -0.000446473, 0.908282, 0.88547, 0.916296, 0.899069
3.92193, 20.4005, 0.41806, 0.4, -0.000448571, 0.908279, 0.885463, 0.916287, 0.899061
3.92293, 20.3924, 0.417903, 0.4, -0.00045065, 0.908277, 0.885455, 0.916278, 0.899052
3.92393, 20.3843, 0.417745, 0.4, -0.000452711, 0.908274, 0.885448, 0.916269, 0.899043
3.92493, 20.3761, 0.417587, 0.4, -0.000454754, 0.908272, 0.885441, 0.91626, 0.899034
3.92593, 20.3679, 0.417429, 0.4, -0.000456778, 0.90827, 0.885433, 0.916251, 0.899025
3.92693, 20.3597, 0.41727, 0.4, -0.000458784, 0.908267, 0.885426, 0.916241, 0.899016
3.92793, 20.3514, 0.417111, 0.4, -0.00046077, 0.908265, 0.885418, 0.916232, 0.899007
3.92893, 20.3431, 0.416952, 0.4, -0.000462738, 0.908262, 0.885411, 0.916223, 0.898998
3.92993, 20.3348, 0.416792, 0.4, -0.000464688, 0.908259, 0.885403, 0.916214, 0.898989
3.93093, 20.3264, 0.416633, 0.4, -0.000466619, 0.908257, 0.885396, 0.916204, 0.89898
3.93193, 20.318, 0.416472, 0.4, -0.00046853, 0.908254, 0.885388, 0.916195, 0.898971
3.93293, 20.3095, 0.416312, 0.4, -0.000470423, 0.908252, 0.885381, 0.916186, 0.898962
3.93393, 20.301, 0.416151, 0.4, -0.000472297, 0.908249, 0.885373, 0.916176, 0.898953
3.93493, 20.2925, 0.415989, 0.4, -0.000474153, 0.908247, 0.885365, 0.916167, 0.898944
3.93593, 20.284, 0.415828, 0.4, -0.000475989, 0.908244, 0.885358, 0.916157, 0.898934
3.93693, 20.2754, 0.415666, 0.4, -0.000477806, 0.908241, 0.88535, 0.916148, 0.898925
3.93793, 20.2668, 0.415504, 0.4, -0.000479605, 0.908239, 0.885342, 0.916138, 0.898916
3.93893, 20.2581, 0.415341, 0.4, -0.000481384, 0.908236, 0.885334, 0.916129, 0.898907
3.93993, 20.2494, 0.415178, 0.4, -0.000483144, 0.908233, 0.885327, 0.916119, 0.898897
3.94093, 20.2407, 0.415015, 0.4, -0.000484885, 0.908231, 0.885319, 0.91611, 0.898888
3.94193, 20.232, 0.414852, 0.4, -0.000486607, 0.908228, 0.885311, 0.9161, 0.898879
3.94293, 20.2232, 0.414688, 0.4, -0.00048831, 0.908225, 0.885303, 0.91609, 0.898869
3.94393, 20.2144, 0.414525, 0.4, -0.000489993, 0.908222, 0.885295, 0.916081, 0.89886
3.94493, 20.2056, 0.414361, 0.4, -0.000491657, 0.90822, 0.885287, 0.916071, 0.898851
3.94593, 20.1967, 0.414196, 0.4, -0.000493302, 0.908217, 0.885279, 0.916061, 0.898841
3.94693, 20.1878, 0.414032, 0.4, -0.000494928, 0.908214, 0.885271, 0.916052, 0.898832
3.94793, 20.1789, 0.413867, 0.4, -0.000496535, 0.908211, 0.885263, 0.916042, 0.898822
3.94893, 20.1699, 0.413702, 0.4, -0.000498122, 0.908208, 0.885255, 0.916032, 0.898813
3.94993, 20.1609, 0.413536, 0.4, -0.000499689, 0.908205, 0.885247, 0.916022, 0.898803
3.95093, 20.1519, 0.413371, 0.4, -0.000501238, 0.908203, 0.885239, 0.916012, 0.898794
3.95193, 20.1429, 0.413205, 0.4, -0.000502767, 0.9082, 0.885231, 0.916003, 0.898784
3.95293, 20.1338, 0.413039, 0.4, -0.000504276, 0.908197, 0.885223, 0.915993, 0.898774
3.95393, 20.1248, 0.412873, 0.4, -0.000505766, 0.908194, 0.885215, 0.915983, 0.898765
3.95493, 20.1156, 0.412707, 0.4, -0.000507236, 0.908191, 0.885207, 0.915973, 0.898755
3.95593, 20.1065, 0.41254, 0.4, -0.000508687, 0.908188, 0.885199, 0.915963, 0.898745
3.95693, 20.0973, 0.412373, 0.4, -0.000510119, 0.908185, 0.885191, 0.915953, 0.898736
3.95793, 20.0881, 0.412206, 0.4, -0.000511531, 0.908182, 0.885182, 0.915943, 0.898726
3.95893, 20.0789, 0.412039, 0.4, -0.000512923, 0.908179, 0.885174, 0.915933, 0.898716
3.95993, 20.0697, 0.411872, 0.4, -0.000514296, 0.908176, 0.885166, 0.915923, 0.898706
3.96093, 20.0604, 0.411705, 0.4, -0.000515649, 0.908173, 0.885158, 0.915913, 0.898697
3.96193, 20.0511, 0.411537, 0.4, -0.000516982, 0.90817, 0.885149, 0.915903, 0.898687
3.96293, 20.0418, 0.411369, 0.4, -0.000518296, 0.908166, 0.885141, 0.915893, 0.898677
3.96393, 20.0324, 0.411201, 0.4, -0.00051959, 0.908163, 0.885133, 0.915883, 0.898667
3.96493, 20.0231, 0.411033, 0.4, -0.000520864, 0.90816, 0.885124, 0.915873, 0.898657
3.96593, 20.0137, 0.410865, 0.4, -0.000522119, 0.908157, 0.885116, 0.915863, 0.898647
3.96693, 20.0043, 0.410697, 0.4, -0.000523354, 0.908154, 0.885108, 0.915852, 0.898637
3.96793, 19.9948, 0.410528, 0.4, -0.000524569, 0.908151, 0.885099, 0.915842, 0.898628
3.96893, 19.9854, 0.41036, 0.4, -0.000525765, 0.908147, 0.885091, 0.915832, 0.898618
3.96993, 19.9759, 0.410191, 0.4, -0.000526941, 0.908144, 0.885082, 0.915822, 0.898608
3.97093, 19.9664, 0.410022, 0.4, -0.000528097, 0.908141, 0.885074, 0.915812, 0.898598
3.97193, 19.9569, 0.409853, 0.4, -0.000529233, 0.908138, 0.885065, 0.915802, 0.898588
3.97293, 19.9474, 0.409684, 0.4, -0.000530349, 0.908134, 0.885057, 0.915791, 0.898578
3.97393, 19.9378, 0.409515, 0.4, -0.000531446, 0.908131, 0.885048, 0.915781, 0.898568
3.97493, 19.9282, 0.409346, 0.4, -0.000532523, 0.908128, 0.88504, 0.915771, 0.898558
3.97593, 19.9186, 0.409177, 0.4, -0.00053358, 0.908124, 0.885031, 0.915761, 0.898548
3.97693, 19.909, 0.409008, 0.4, -0.000534617, 0.908121, 0.885023, 0.91575, 0.898537
3.97793, 19.8994, 0.408838, 0.4, -0.000535635, 0.908118, 0.885014, 0.91574, 0.898527
3.97893, 19.8897, 0.408669, 0.4, -0.000536632, 0.908114, 0.885005, 0.91573, 0.898517
3.97993, 19.8801, 0.408499, 0.4, -0.00053761, 0.908111, 0.884997, 0.915719, 0.898507
3.98093, 19.8704, 0.40833, 0.4, -0.000538568, 0.908107, 0.884988, 0.915709, 0.898497
3.98193, 19.8607, 0.40816, 0.4, -0.000539506, 0.908104, 0.88498, 0.915698, 0.898487
3.98293, 19.851, 0.40799, 0.4, -0.000540424, 0.9081, 0.884971, 0.915688, 0.898476
3.98393, 19.8412, 0.407821, 0.4, -0.000541322, 0.908097, 0.884962, 0.915678, 0.898466
3.98493, 19.8315, 0.407651, 0.4, -0.0005422, 0.908093, 0.884954, 0.915667, 0.898456
3.98593, 19.8217, 0.407481, 0.4, -0.000543059, 0.90809, 0.884945, 0.915657, 0.898446
3.98693, 19.8119, 0.407311, 0.4, -0.000543898, 0.908086, 0.884936, 0.915646, 0.898436
3.98793, 19.8021, 0.407142, 0.4, -0.000544716, 0.908082, 0.884927, 0.915636, 0.898425
3.98893, 19.7923, 0.406972, 0.4, -0.000545515, 0.908079, 0.884918, 0.915625, 0.898415
3.98993, 19.7825, 0.406802, 0.4, -0.000546294, 0.908075, 0.88491, 0.915615, 0.898405
3.99093, 19.7727, 0.406632, 0.4, -0.000547053, 0.908071, 0.884901, 0.915604, 0.898394
3.99193, 19.7628, 0.406463, 0.4, -0.000547793, 0.908068, 0.884892, 0.915594, 0.898384
3.99293, 19.7529, 0.406293, 0.4, -0.000548512, 0.908064, 0.884883, 0.915583, 0.898374
3.99393, 19.743, 0.406123, 0.4, -0.000549212, 0.90806, 0.884874, 0.915573, 0.898364
3.99493, 19.7332, 0.405954, 0.4, -0.000549891, 0.908057, 0.884866, 0.915562, 0.898353
3.99593, 19.7233, 0.405784, 0.4, -0.000550551, 0.908053, 0.884857, 0.915552, 0.898343
3.99693, 19.7133, 0.405614, 0.4, -0.000551191, 0.908049, 0.884848, 0.915541, 0.898332
3.99793, 19.7034, 0.405445, 0.4, -0.000551812, 0.908046, 0.884839, 0.915531, 0.898322
3.99893, 19.6935, 0.405275, 0.4, -0.000552412, 0.908042, 0.88483, 0.91552, 0.898312
3.99993, 19.6835, 0.405106, 0.4, -0.000552992, 0.908038, 0.884821, 0.91551, 0.898301
4.00093, 19.6736, 0.404936, 0.4, -0.000553553, 0.908034, 0.884812, 0.915499, 0.898291
4.00193, 19.6636, 0.404767, 0.4, -0.000554094, 0.90803, 0.884803, 0.915489, 0.89828
4.00293, 19.6536, 0.404598, 0.4, -0.000554615, 0.908026, 0.884794, 0.915478, 0.89827
4.00393, 19.6436, 0.404429, 0.4, -0.000555116, 0.908022, 0.884785, 0.915467, 0.89826
4.00493, 19.6336, 0.40426, 0.4, -0.000555598, 0.908019, 0.884776, 0.915457, 0.898249
4.00593, 19.6236, 0.404091, 0.4, -0.000556059, 0.908015, 0.884767, 0.915446, 0.898239
4.00693, 19.6136, 0.403922, 0.4, -0.000556502, 0.908011, 0.884758, 0.915436, 0.898228
4.00793, 19.6036, 0.403753, 0.4, -0.000556924, 0.908007, 0.884749, 0.915425, 0.898218
4.00892, 19.5936, 0.403584, 0.4, -0.000557326, 0.908003, 0.88474, 0.915414, 0.898207
4.00992, 19.5835, 0.403415, 0.4, -0.000557709, 0.907999, 0.884731, 0.915404, 0.898197
4.01092, 19.5735, 0.403247, 0.4, -0.000558072, 0.907995, 0.884722, 0.915393, 0.898186
4.01192, 19.5634, 0.403079, 0.4, -0.000558415, 0.907991, 0.884713, 0.915382, 0.898176
4.01292, 19.5534, 0.40291, 0.4, -0.000558739, 0.907987, 0.884704, 0.915372, 0.898165
4.01392, 19.5433, 0.402742, 0.4, -0.000559043, 0.907983, 0.884695, 0.915361, 0.898155
4.01492, 19.5333, 0.402574, 0.4, -0.000559328, 0.907978, 0.884686, 0.91535, 0.898144
4.01592, 19.5232, 0.402406, 0.4, -0.000559592, 0.907974, 0.884677, 0.91534, 0.898134
4.01692, 19.5131, 0.402239, 0.4, -0.000559837, 0.90797, 0.884667, 0.915329, 0.898123
4.01792, 19.503, 0.402071, 0.4, -0.000560063, 0.907966, 0.884658, 0.915318, 0.898113
4.01892, 19.493, 0.401904, 0.4, -0.000560269, 0.907962, 0.884649, 0.915308, 0.898102
4.01992, 19.4829, 0.401737, 0.4, -0.000560455, 0.907958, 0.88464, 0.915297, 0.898091
4.02092, 19.4728, 0.40157, 0.4, -0.000560622, 0.907954, 0.884631, 0.915286, 0.898081
4.02192, 19.4627, 0.401403, 0.4, -0.00056077, 0.907949, 0.884622, 0.915276, 0.89807
4.02292, 19.4526, 0.401236, 0.4, -0.000560898, 0.907945, 0.884613, 0.915265, 0.89806
4.02392, 19.4425, 0.40107, 0.4, -0.000561006, 0.907941, 0.884603, 0.915254, 0.898049
4.02492, 19.4324, 0.400903, 0.4, -0.000561095, 0.907936, 0.884594, 0.915244, 0.898039
4.02592, 19.4223, 0.400737, 0.4, -0.000561165, 0.907932, 0.884585, 0.915233, 0.898028
4.02692, 19.4122, 0.400571, 0.4, -0.000561215, 0.907928, 0.884576, 0.915222, 0.898017
4.02792, 19.4021, 0.400406, 0.4, -0.000561245, 0.907923, 0.884567, 0.915212, 0.898007
4.02892, 19.392, 0.40024, 0.4, -0.000561257, 0.907919, 0.884557, 0.915201, 0.897996
4.02992, 19.3819, 0.400075, 0.4, -0.000561249, 0.907915, 0.884548, 0.91519, 0.897986
4.03092, 19.3718, 0.39991, 0.4, -0.000561222, 0.90791, 0.884539, 0.91518, 0.897975
4.03192, 19.3617, 0.399745, 0.4, -0.000561175, 0.907906, 0.88453, 0.915169, 0.897964
4.03292, 19.3516, 0.39958, 0.4, -0.00056111, 0.907902, 0.884521, 0.915158, 0.897954
4.03392, 19.3415, 0.399416, 0.4, -0.000561025, 0.907897, 0.884511, 0.915148, 0.897943
4.03492, 19.3314, 0.399252, 0.4, -0.000560921, 0.907893, 0.884502, 0.915137, 0.897933
4.03592, 19.3213, 0.399088, 0.4, -0.000560798, 0.907888, 0.884493, 0.915126, 0.897922
4.03692, 19.3112, 0.398924, 0.4, -0.000560655, 0.907884, 0.884484, 0.915116, 0.897911
4.03792, 19.3011, 0.398761, 0.4, -0.000560494, 0.907879, 0.884474, 0.915105, 0.897901
4.03892, 19.291, 0.398598, 0.4, -0.000560313, 0.907875, 0.884465, 0.915094, 0.89789
4.03992, 19.2809, 0.398435, 0.4, -0.000560114, 0.90787, 0.884456, 0.915084, 0.89788
4.04092, 19.2708, 0.398272, 0.4, -0.000559895, 0.907865, 0.884447, 0.915073, 0.897869
4.04192, 19.2608, 0.39811, 0.4, -0.000559658, 0.907861, 0.884437, 0.915062, 0.897859
4.04292, 19.2507, 0.397948, 0.4, -0.000559401, 0.907856, 0.884428, 0.915052, 0.897848
4.04392, 19.2406, 0.397786, 0.4, -0.000559126, 0.907852, 0.884419, 0.915041, 0.897837
4.04492, 19.2306, 0.397624, 0.4, -0.000558832, 0.907847, 0.884409, 0.91503, 0.897827
4.04592, 19.2205, 0.397463, 0.4, -0.000558519, 0.907842, 0.8844, 0.91502, 0.897816
4.04692, 19.2105, 0.397303, 0.4, -0.000558187, 0.907838, 0.884391, 0.915009, 0.897805
4.04792, 19.2004, 0.397142, 0.4, -0.000557836, 0.907833, 0.884382, 0.914998, 0.897795
4.04892, 19.1904, 0.396982, 0.4, -0.000557467, 0.907828, 0.884372, 0.914988, 0.897784
4.04992, 19.1803, 0.396822, 0.4, -0.000557079, 0.907823, 0.884363, 0.914977, 0.897774
4.05092, 19.1703, 0.396662, 0.4, -0.000556672, 0.907819, 0.884354, 0.914967, 0.897763
4.05192, 19.1603, 0.396503, 0.4, -0.000556247, 0.907814, 0.884344, 0.914956, 0.897753
4.05292, 19.1503, 0.396344, 0.4, -0.000555803, 0.907809, 0.884335, 0.914946, 0.897742
4.05392, 19.1403, 0.396185, 0.4, -0.000555341, 0.907804, 0.884326, 0.914935, 0.897732
4.05492, 19.1303, 0.396027, 0.4, -0.00055486, 0.9078, 0.884317, 0.914924, 0.897721
4.05592, 19.1203, 0.395869, 0.4, -0.000554361, 0.907795, 0.884307, 0.914914, 0.897711
4.05692, 19.1103, 0.395712, 0.4, -0.000553843, 0.90779, 0.884298, 0.914903, 0.8977
4.05792, 19.1004, 0.395554, 0.4, -0.000553307, 0.907785, 0.884289, 0.914893, 0.897689
4.05892, 19.0904, 0.395398, 0.4, -0.000552752, 0.90778, 0.88428, 0.914882, 0.897679
4.05992, 19.0805, 0.395241, 0.4, -0.00055218, 0.907775, 0.88427, 0.914872, 0.897668
4.06092, 19.0706, 0.395085, 0.4, -0.000551589, 0.90777, 0.884261, 0.914861, 0.897658
4.06192, 19.0606, 0.394929, 0.4, -0.00055098, 0.907765, 0.884252, 0.914851, 0.897647
4.06292, 19.0507, 0.394774, 0.4, -0.000550352, 0.907761, 0.884242, 0.91484, 0.897637
4.06392, 19.0408, 0.394619, 0.4, -0.000549707, 0.907756, 0.884233, 0.91483, 0.897626
4.06492, 19.0309, 0.394464, 0.4, -0.000549044, 0.907751, 0.884224, 0.914819, 0.897616
4.06592, 19.021, 0.39431, 0.4, -0.000548362, 0.907746, 0.884215, 0.914809, 0.897605
4.06692, 19.0112, 0.394156, 0.4, -0.000547663, 0.907741, 0.884205, 0.914798, 0.897595
4.06792, 19.0013, 0.394002, 0.4, -0.000546946, 0.907736, 0.884196, 0.914788, 0.897584
4.06892, 18.9915, 0.39385, 0.4, -0.000546211, 0.907731, 0.884187, 0.914778, 0.897574
4.06992, 18.9817, 0.393697, 0.4, -0.000545458, 0.907726, 0.884178, 0.914767, 0.897564
4.07092, 18.9719, 0.393545, 0.4, -0.000544687, 0.907721, 0.884168, 0.914757, 0.897553
4.07192, 18.9621, 0.393393, 0.4, -0.000543898, 0.907715, 0.884159, 0.914746, 0.897543
4.07292, 18.9523, 0.393241, 0.4, -0.000543092, 0.90771, 0.88415, 0.914736, 0.897533
4.07392, 18.9425, 0.393091, 0.4, -0.000542268, 0.907705, 0.884141, 0.914726, 0.897522
4.07492, 18.9328, 0.39294, 0.4, -0.000541427, 0.9077, 0.884131, 0.914715, 0.897512
4.07592, 18.923, 0.39279, 0.4, -0.000540568, 0.907695, 0.884122, 0.914705, 0.897501
4.07692, 18.9133, 0.39264, 0.4, -0.000539692, 0.90769, 0.884113, 0.914695, 0.897491
4.07792, 18.9036, 0.392491, 0.4, -0.000538798, 0.907685, 0.884104, 0.914685, 0.897481
4.07892, 18.8939, 0.392342, 0.4, -0.000537887, 0.90768, 0.884095, 0.914674, 0.89747
4.07992, 18.8842, 0.392194, 0.4, -0.000536959, 0.907674, 0.884085, 0.914664, 0.89746
4.08092, 18.8746, 0.392046, 0.4, -0.000536013, 0.907669, 0.884076, 0.914654, 0.89745
4.08192, 18.8649, 0.391899, 0.4, -0.00053505, 0.907664, 0.884067, 0.914644, 0.89744
4.08292, 18.8553, 0.391752, 0.4, -0.00053407, 0.907659, 0.884058, 0.914633, 0.897429
4.08392, 18.8457, 0.391606, 0.4, -0.000533073, 0.907654, 0.884049, 0.914623, 0.897419
4.08492, 18.8361, 0.39146, 0.4, -0.000532059, 0.907648, 0.88404, 0.914613, 0.897409
4.08592, 18.8265, 0.391314, 0.4, -0.000531028, 0.907643, 0.88403, 0.914603, 0.897399
4.08692, 18.817, 0.391169, 0.4, -0.00052998, 0.907638, 0.884021, 0.914593, 0.897388
4.08792, 18.8075, 0.391024, 0.4, -0.000528915, 0.907632, 0.884012, 0.914583, 0.897378
4.08892, 18.798, 0.39088, 0.4, -0.000527833, 0.907627, 0.884003, 0.914573, 0.897368
4.08992, 18.7885, 0.390737, 0.4, -0.000526735, 0.907622, 0.883994, 0.914562, 0.897358
4.09092, 18.779, 0.390594, 0.4, -0.00052562, 0.907617, 0.883985, 0.914552, 0.897348
4.09192, 18.7695, 0.390451, 0.4, -0.000524488, 0.907611, 0.883976, 0.914542, 0.897337
4.09292, 18.7601, 0.390309, 0.4, -0.00052334, 0.907606, 0.883967, 0.914532, 0.897327
4.09392, 18.7507, 0.390168, 0.4, -0.000522175, 0.9076, 0.883958, 0.914522, 0.897317
4.09492, 18.7413, 0.390027, 0.4, -0.000520993, 0.907595, 0.883949, 0.914512, 0.897307
4.09592, 18.7319, 0.389886, 0.4, -0.000519796, 0.90759, 0.883939, 0.914502, 0.897297
4.09692, 18.7226, 0.389746, 0.4, -0.000518582, 0.907584, 0.88393, 0.914492, 0.897287
4.09792, 18.7133, 0.389606, 0.4, -0.000517351, 0.907579, 0.883921, 0.914483, 0.897277
4.09892, 18.704, 0.389467, 0.4, -0.000516105, 0.907573, 0.883912, 0.914473, 0.897267
4.09992, 18.6947, 0.389329, 0.4, -0.000514842, 0.907568, 0.883903, 0.914463, 0.897257
4.10092, 18.6854, 0.389191, 0.4, -0.000513564, 0.907563, 0.883894, 0.914453, 0.897247
4.10192, 18.6762, 0.389054, 0.4, -0.000512269, 0.907557, 0.883885, 0.914443, 0.897237
4.10292, 18.667, 0.388917, 0.4, -0.000510958, 0.907552, 0.883876, 0.914433, 0.897227
4.10392, 18.6578, 0.388781, 0.4, -0.000509632, 0.907546, 0.883867, 0.914423, 0.897217
4.10492, 18.6487, 0.388645, 0.4, -0.000508289, 0.907541, 0.883859, 0.914414, 0.897207
4.10592, 18.6395, 0.38851, 0.4, -0.000506931, 0.907535, 0.88385, 0.914404, 0.897197
4.10692, 18.6304, 0.388376, 0.4, -0.000505557, 0.90753, 0.883841, 0.914394, 0.897188
4.10792, 18.6213, 0.388242, 0.4, -0.000504168, 0.907524, 0.883832, 0.914385, 0.897178
4.10892, 18.6123, 0.388108, 0.4, -0.000502763, 0.907519, 0.883823, 0.914375, 0.897168
4.10992, 18.6032, 0.387975, 0.4, -0.000501342, 0.907513, 0.883814, 0.914365, 0.897158
4.11092, 18.5942, 0.387843, 0.4, -0.000499906, 0.907507, 0.883805, 0.914356, 0.897148
4.11192, 18.5852, 0.387711, 0.4, -0.000498455, 0.907502, 0.883796, 0.914346, 0.897139
4.11292, 18.5763, 0.38758, 0.4, -0.000496989, 0.907496, 0.883787, 0.914337, 0.897129
4.11392, 18.5673, 0.38745, 0.4, -0.000495507, 0.907491, 0.883779, 0.914327, 0.897119
4.11492, 18.5584, 0.38732, 0.4, -0.00049401, 0.907485, 0.88377, 0.914317, 0.89711
4.11592, 18.5495, 0.38719, 0.4, -0.000492498, 0.90748, 0.883761, 0.914308, 0.8971
4.11692, 18.5407, 0.387062, 0.4, -0.000490971, 0.907474, 0.883752, 0.914299, 0.89709
4.11792, 18.5319, 0.386934, 0.4, -0.000489429, 0.907468, 0.883744, 0.914289, 0.897081
4.11892, 18.5231, 0.386806, 0.4, -0.000487872, 0.907463, 0.883735, 0.91428, 0.897071
4.11992, 18.5143, 0.386679, 0.4, -0.000486301, 0.907457, 0.883726, 0.91427, 0.897062
4.12092, 18.5056, 0.386553, 0.4, -0.000484714, 0.907451, 0.883717, 0.914261, 0.897052
4.12192, 18.4969, 0.386427, 0.4, -0.000483113, 0.907446, 0.883709, 0.914252, 0.897043
4.12292, 18.4882, 0.386302, 0.4, -0.000481498, 0.90744, 0.8837, 0.914242, 0.897033
4.12392, 18.4795, 0.386177, 0.4, -0.000479868, 0.907434, 0.883691, 0.914233, 0.897024
4.12492, 18.4709, 0.386054, 0.4, -0.000478223, 0.907429, 0.883683, 0.914224, 0.897014
4.12592, 18.4623, 0.38593, 0.4, -0.000476565, 0.907423, 0.883674, 0.914215, 0.897005
4.12692, 18.4537, 0.385808, 0.4, -0.000474891, 0.907417, 0.883666, 0.914205, 0.896995
4.12792, 18.4452, 0.385686, 0.4, -0.000473204, 0.907412, 0.883657, 0.914196, 0.896986
4.12892, 18.4367, 0.385564, 0.4, -0.000471503, 0.907406, 0.883649, 0.914187, 0.896977
4.12992, 18.4282, 0.385444, 0.4, -0.000469787, 0.9074, 0.88364, 0.914178, 0.896967
4.13092, 18.4198, 0.385324, 0.4, -0.000468058, 0.907394, 0.883631, 0.914169, 0.896958
4.13192, 18.4114, 0.385204, 0.4, -0.000466314, 0.907389, 0.883623, 0.91416, 0.896949
4.13292, 18.403, 0.385085, 0.4, -0.000464557, 0.907383, 0.883615, 0.914151, 0.89694
4.13392, 18.3947, 0.384967, 0.4, -0.000462786, 0.907377, 0.883606, 0.914142, 0.896931
4.13492, 18.3863, 0.38485, 0.4, -0.000461001, 0.907371, 0.883598, 0.914133, 0.896921
4.13592, 18.3781, 0.384733, 0.4, -0.000459203, 0.907366, 0.883589, 0.914124, 0.896912
4.13692, 18.3698, 0.384617, 0.4, -0.000457391, 0.90736, 0.883581, 0.914115, 0.896903
4.13792, 18.3616, 0.384501, 0.4, -0.000455566, 0.907354, 0.883573, 0.914107, 0.896894
4.13892, 18.3534, 0.384386, 0.4, -0.000453727, 0.907348, 0.883564, 0.914098, 0.896885
4.13992, 18.3453, 0.384272, 0.4, -0.000451876, 0.907343, 0.883556, 0.914089, 0.896876
4.14092, 18.3371, 0.384159, 0.4, -0.00045001, 0.907337, 0.883547, 0.91408, 0.896867
4.14192, 18.3291, 0.384046, 0.4, -0.000448132, 0.907331, 0.883539, 0.914072, 0.896858
4.14292, 18.321, 0.383934, 0.4, -0.000446241, 0.907325, 0.883531, 0.914063, 0.896849
4.14392, 18.313, 0.383822, 0.4, -0.000444337, 0.907319, 0.883523, 0.914054, 0.89684
4.14492, 18.305, 0.383711, 0.4, -0.000442419, 0.907313, 0.883514, 0.914046, 0.896831
4.14592, 18.2971, 0.383601, 0.4, -0.000440489, 0.907308, 0.883506, 0.914037, 0.896823
4.14691, 18.2892, 0.383492, 0.4, -0.000438547, 0.907302, 0.883498, 0.914028, 0.896814
4.14791, 18.2813, 0.383383, 0.4, -0.000436591, 0.907296, 0.88349, 0.91402, 0.896805
4.14891, 18.2734, 0.383275, 0.4, -0.000434623, 0.90729, 0.883482, 0.914011, 0.896796
4.14991, 18.2656, 0.383168, 0.4, -0.000432643, 0.907284, 0.883474, 0.914003, 0.896788
4.15091, 18.2579, 0.383061, 0.4, -0.00043065, 0.907279, 0.883466, 0.913995, 0.896779
4.15191, 18.2501, 0.382955, 0.4, -0.000428645, 0.907273, 0.883458, 0.913986, 0.89677
4.15291, 18.2424, 0.38285, 0.4, -0.000426627, 0.907267, 0.88345, 0.913978, 0.896762
4.15391, 18.2348, 0.382745, 0.4, -0.000424598, 0.907261, 0.883442, 0.91397, 0.896753
4.15491, 18.2271, 0.382641, 0.4, -0.000422556, 0.907255, 0.883434, 0.913961, 0.896744
4.15591, 18.2196, 0.382538, 0.4, -0.000420502, 0.907249, 0.883426, 0.913953, 0.896736
4.15691, 18.212, 0.382436, 0.4, -0.000418437, 0.907243, 0.883418, 0.913945, 0.896728
4.15791, 18.2045, 0.382334, 0.4, -0.000416359, 0.907237, 0.88341, 0.913937, 0.896719
4.15891, 18.197, 0.382233, 0.4, -0.00041427, 0.907232, 0.883402, 0.913929, 0.896711
4.15991, 18.1896, 0.382133, 0.4, -0.00041217, 0.907226, 0.883394, 0.913921, 0.896702
4.16091, 18.1822, 0.382033, 0.4, -0.000410057, 0.90722, 0.883386, 0.913913, 0.896694
4.16191, 18.1748, 0.381934, 0.4, -0.000407933, 0.907214, 0.883379, 0.913905, 0.896686
4.16291, 18.1675, 0.381836, 0.4, -0.000405798, 0.907208, 0.883371, 0.913897, 0.896677
4.16391, 18.1602, 0.381739, 0.4, -0.000403651, 0.907202, 0.883363, 0.913889, 0.896669
4.16491, 18.153, 0.381642, 0.4, -0.000401494, 0.907196, 0.883355, 0.913881, 0.896661
4.16591, 18.1458, 0.381546, 0.4, -0.000399325, 0.90719, 0.883348, 0.913873, 0.896653
4.16691, 18.1386, 0.381451, 0.4, -0.000397145, 0.907185, 0.88334, 0.913865, 0.896645
4.16791, 18.1315, 0.381357, 0.4, -0.000394954, 0.907179, 0.883332, 0.913857, 0.896637
4.16891, 18.1244, 0.381263, 0.4, -0.000392752, 0.907173, 0.883325, 0.91385, 0.896629
4.16991, 18.1173, 0.38117, 0.4, -0.000390539, 0.907167, 0.883317, 0.913842, 0.896621
4.17091, 18.1103, 0.381078, 0.4, -0.000388316, 0.907161, 0.88331, 0.913834, 0.896613
4.17191, 18.1033, 0.380986, 0.4, -0.000386081, 0.907155, 0.883302, 0.913827, 0.896605
4.17291, 18.0964, 0.380895, 0.4, -0.000383837, 0.907149, 0.883295, 0.913819, 0.896597
4.17391, 18.0895, 0.380805, 0.4, -0.000381582, 0.907143, 0.883287, 0.913812, 0.896589
4.17491, 18.0827, 0.380716, 0.4, -0.000379316, 0.907137, 0.88328, 0.913804, 0.896581
4.17591, 18.0759, 0.380628, 0.4, -0.000377041, 0.907131, 0.883272, 0.913797, 0.896573
4.17691, 18.0691, 0.38054, 0.4, -0.000374755, 0.907125, 0.883265, 0.913789, 0.896566
4.17791, 18.0624, 0.380453, 0.4, -0.000372459, 0.90712, 0.883258, 0.913782, 0.896558
4.17891, 18.0557, 0.380367, 0.4, -0.000370153, 0.907113, 0.88325, 0.913774, 0.89655
4.17991, 18.049, 0.380281, 0.4, -0.000367837, 0.907108, 0.883243, 0.913767, 0.896542
4.18091, 18.0424, 0.380196, 0.4, -0.000365511, 0.907102, 0.883236, 0.91376, 0.896535
4.18191, 18.0359, 0.380112, 0.4, -0.000363176, 0.907096, 0.883229, 0.913753, 0.896527
4.18291, 18.0294, 0.380029, 0.4, -0.000360831, 0.90709, 0.883221, 0.913746, 0.89652
4.18391, 18.0229, 0.379947, 0.4, -0.000358476, 0.907084, 0.883214, 0.913738, 0.896512
4.18491, 18.0165, 0.379865, 0.4, -0.000356112, 0.907078, 0.883207, 0.913731, 0.896505
4.18591, 18.0101, 0.379784, 0.4, -0.000353738, 0.907072, 0.8832, 0.913724, 0.896497
4.18691, 18.0037, 0.379704, 0.4, -0.000351355, 0.907066, 0.883193, 0.913717, 0.89649
4.18791, 17.9974, 0.379625, 0.4, -0.000348963, 0.907061, 0.883186, 0.91371, 0.896483
4.18891, 17.9912, 0.379546, 0.4, -0.000346562, 0.907055, 0.883179, 0.913703, 0.896476
4.18991, 17.985, 0.379469, 0.4, -0.000344152, 0.907049, 0.883172, 0.913696, 0.896468
4.19091, 17.9788, 0.379391, 0.4, -0.000341733, 0.907043, 0.883165, 0.91369, 0.896461
4.19191, 17.9727, 0.379315, 0.4, -0.000339305, 0.907037, 0.883158, 0.913683, 0.896454
4.19291, 17.9666, 0.37924, 0.4, -0.000336868, 0.907031, 0.883151, 0.913676, 0.896447
4.19391, 17.9605, 0.379165, 0.4, -0.000334423, 0.907025, 0.883144, 0.913669, 0.89644
4.19491, 17.9545, 0.379091, 0.4, -0.000331969, 0.907019, 0.883138, 0.913663, 0.896433
4.19591, 17.9486, 0.379018, 0.4, -0.000329506, 0.907013, 0.883131, 0.913656, 0.896426
4.19691, 17.9427, 0.378946, 0.4, -0.000327036, 0.907007, 0.883124, 0.91365, 0.896419
4.19791, 17.9368, 0.378874, 0.4, -0.000324557, 0.907001, 0.883117, 0.913643, 0.896412
4.19891, 17.931, 0.378803, 0.4, -0.000322069, 0.906996, 0.883111, 0.913637, 0.896405
4.19991, 17.9252, 0.378733, 0.4, -0.000319574, 0.90699, 0.883104, 0.91363, 0.896398
4.20091, 17.9195, 0.378664, 0.4, -0.000317071, 0.906984, 0.883097, 0.913624, 0.896391
4.20191, 17.9138, 0.378596, 0.4, -0.000314559, 0.906978, 0.883091, 0.913617, 0.896384
4.20291, 17.9082, 0.378528, 0.4, -0.00031204, 0.906972, 0.883084, 0.913611, 0.896378
4.20391, 17.9026, 0.378462, 0.4, -0.000309513, 0.906966, 0.883078, 0.913605, 0.896371
4.20491, 17.897, 0.378396, 0.4, -0.000306979, 0.90696, 0.883071, 0.913599, 0.896365
4.20591, 17.8915, 0.37833, 0.4, -0.000304437, 0.906954, 0.883065, 0.913592, 0.896358
4.20691, 17.8861, 0.378266, 0.4, -0.000301887, 0.906948, 0.883058, 0.913586, 0.896351
4.20791, 17.8806, 0.378202, 0.4, -0.00029933, 0.906943, 0.883052, 0.91358, 0.896345
4.20891, 17.8753, 0.378139, 0.4, -0.000296766, 0.906937, 0.883046, 0.913574, 0.896338
4.20991, 17.87, 0.378078, 0.4, -0.000294195, 0.906931, 0.883039, 0.913568, 0.896332
4.21091, 17.8647, 0.378016, 0.4, -0.000291617, 0.906925, 0.883033, 0.913562, 0.896326
4.21191, 17.8595, 0.377956, 0.4, -0.000289031, 0.906919, 0.883027, 0.913556, 0.896319
4.21291, 17.8543, 0.377896, 0.4, -0.000286439, 0.906913, 0.883021, 0.91355, 0.896313
4.21391, 17.8491, 0.377837, 0.4, -0.00028384, 0.906908, 0.883015, 0.913545, 0.896307
4.21491, 17.8441, 0.377779, 0.4, -0.000281234, 0.906902, 0.883008, 0.913539, 0.896301
4.21591, 17.839, 0.377722, 0.4, -0.000278622, 0.906896, 0.883002, 0.913533, 0.896295
4.21691, 17.834, 0.377666, 0.4, -0.000276003, 0.90689, 0.882996, 0.913527, 0.896288
4.21791, 17.8291, 0.37761, 0.4, -0.000273378, 0.906884, 0.88299, 0.913522, 0.896282
4.21891, 17.8242, 0.377556, 0.4, -0.000270746, 0.906878, 0.882984, 0.913516, 0.896276
4.21991, 17.8193, 0.377502, 0.4, -0.000268108, 0.906873, 0.882978, 0.913511, 0.89627
4.22091, 17.8145, 0.377448, 0.4, -0.000265465, 0.906867, 0.882972, 0.913505, 0.896264
4.22191, 17.8098, 0.377396, 0.4, -0.000262815, 0.906861, 0.882967, 0.9135, 0.896259
4.22291, 17.8051, 0.377345, 0.4, -0.000260159, 0.906855, 0.882961, 0.913494, 0.896253
4.22391, 17.8004, 0.377294, 0.4, -0.000257497, 0.906849, 0.882955, 0.913489, 0.896247
4.22491, 17.7958, 0.377244, 0.4, -0.000254829, 0.906844, 0.882949, 0.913484, 0.896241
4.22591, 17.7913, 0.377195, 0.4, -0.000252156, 0.906838, 0.882943, 0.913479, 0.896236
4.22691, 17.7867, 0.377147, 0.4, -0.000249477, 0.906832, 0.882938, 0.913473, 0.89623
4.22791, 17.7823, 0.377099, 0.4, -0.000246793, 0.906826, 0.882932, 0.913468, 0.896224
4.22891, 17.7778, 0.377052, 0.4, -0.000244104, 0.906821, 0.882926, 0.913463, 0.896219
4.22991, 17.7735, 0.377006, 0.4, -0.000241409, 0.906815, 0.882921, 0.913458, 0.896213
4.23091, 17.7692, 0.376961, 0.4, -0.000238709, 0.906809, 0.882915, 0.913453, 0.896208
4.23191, 17.7649, 0.376917, 0.4, -0.000236003, 0.906803, 0.88291, 0.913448, 0.896202
4.23291, 17.7607, 0.376874, 0.4, -0.000233293, 0.906798, 0.882904, 0.913443, 0.896197
4.23391, 17.7565, 0.376831, 0.4, -0.000230578, 0.906792, 0.882899, 0.913438, 0.896192
4.23491, 17.7524, 0.37679, 0.4, -0.000227858, 0.906786, 0.882894, 0.913434, 0.896187
4.23591, 17.7483, 0.376749, 0.4, -0.000225134, 0.906781, 0.882888, 0.913429, 0.896181
4.23691, 17.7443, 0.376708, 0.4, -0.000222405, 0.906775, 0.882883, 0.913424, 0.896176
4.23791, 17.7403, 0.376669, 0.4, -0.000219671, 0.906769, 0.882878, 0.91342, 0.896171
4.23891, 17.7363, 0.376631, 0.4, -0.000216933, 0.906764, 0.882873, 0.913415, 0.896166
4.23991, 17.7325, 0.376593, 0.4, -0.000214191, 0.906758, 0.882867, 0.91341, 0.896161
4.24091, 17.7286, 0.376556, 0.4, -0.000211444, 0.906752, 0.882862, 0.913406, 0.896156
4.24191, 17.7249, 0.37652, 0.4, -0.000208693, 0.906747, 0.882857, 0.913401, 0.896151
4.24291, 17.7211, 0.376485, 0.4, -0.000205938, 0.906741, 0.882852, 0.913397, 0.896146
4.24391, 17.7174, 0.37645, 0.4, -0.00020318, 0.906735, 0.882847, 0.913392, 0.896141
4.24491, 17.7138, 0.376416, 0.4, -0.000200417, 0.90673, 0.882842, 0.913388, 0.896136
4.24591, 17.7102, 0.376384, 0.4, -0.000197651, 0.906724, 0.882837, 0.913384, 0.896131
4.24691, 17.7067, 0.376352, 0.4, -0.000194881, 0.906718, 0.882832, 0.91338, 0.896127
4.24791, 17.7032, 0.37632, 0.4, -0.000192107, 0.906713, 0.882827, 0.913375, 0.896122
4.24891, 17.6998, 0.37629, 0.4, -0.00018933, 0.906707, 0.882822, 0.913371, 0.896117
4.24991, 17.6964, 0.37626, 0.4, -0.00018655, 0.906702, 0.882818, 0.913367, 0.896113
4.25091, 17.6931, 0.376232, 0.4, -0.000183766, 0.906696, 0.882813, 0.913363, 0.896108
4.25191, 17.6898, 0.376204, 0.4, -0.000180979, 0.90669, 0.882808, 0.913359, 0.896104
4.25291, 17.6865, 0.376177, 0.4, -0.000178189, 0.906685, 0.882803, 0.913355, 0.896099
4.25391, 17.6834, 0.37615, 0.4, -0.000175396, 0.906679, 0.882799, 0.913351, 0.896095
4.25491, 17.6802, 0.376125, 0.4, -0.0001726, 0.906674, 0.882794, 0.913347, 0.896091
4.25591, 17.6772, 0.3761, 0.4, -0.000169802, 0.906668, 0.882789, 0.913344, 0.896086
4.25691, 17.6741, 0.376076, 0.4, -0.000167, 0.906662, 0.882785, 0.91334, 0.896082
4.25791, 17.6711, 0.376053, 0.4, -0.000164196, 0.906657, 0.88278, 0.913336, 0.896078
4.25891, 17.6682, 0.376031, 0.4, -0.00016139, 0.906651, 0.882776, 0.913333, 0.896074
4.25991, 17.6653, 0.37601, 0.4, -0.000158581, 0.906646, 0.882771, 0.913329, 0.89607
4.26091, 17.6625, 0.375989, 0.4, -0.00015577, 0.90664, 0.882767, 0.913325, 0.896066
4.26191, 17.6597, 0.375969, 0.4, -0.000152956, 0.906635, 0.882763, 0.913322, 0.896061
4.26291, 17.657, 0.37595, 0.4, -0.000150141, 0.906629, 0.882758, 0.913318, 0.896057
4.26391, 17.6543, 0.375932, 0.4, -0.000147323, 0.906624, 0.882754, 0.913315, 0.896054
4.26491, 17.6517, 0.375915, 0.4, -0.000144504, 0.906618, 0.88275, 0.913312, 0.89605
4.26591, 17.6491, 0.375898, 0.4, -0.000141682, 0.906613, 0.882746, 0.913308, 0.896046
4.26691, 17.6466, 0.375882, 0.4, -0.000138859, 0.906608, 0.882742, 0.913305, 0.896042
4.26791, 17.6441, 0.375867, 0.4, -0.000136034, 0.906602, 0.882737, 0.913302, 0.896038
4.26891, 17.6417, 0.375853, 0.4, -0.000133208, 0.906597, 0.882733, 0.913299, 0.896035
4.26991, 17.6393, 0.37584, 0.4, -0.00013038, 0.906591, 0.882729, 0.913296, 0.896031
4.27091, 17.637, 0.375828, 0.4, -0.000127551, 0.906586, 0.882725, 0.913293, 0.896027
4.27191, 17.6347, 0.375816, 0.4, -0.00012472, 0.906581, 0.882721, 0.91329, 0.896024
4.27291, 17.6325, 0.375805, 0.4, -0.000121888, 0.906575, 0.882718, 0.913287, 0.89602
4.27391, 17.6303, 0.375795, 0.4, -0.000119056, 0.90657, 0.882714, 0.913284, 0.896017
4.27491, 17.6282, 0.375785, 0.4, -0.000116222, 0.906564, 0.88271, 0.913281, 0.896014
4.27591, 17.6262, 0.375777, 0.4, -0.000113387, 0.906559, 0.882706, 0.913278, 0.89601
4.27691, 17.6241, 0.375769, 0.4, -0.000110552, 0.906554, 0.882702, 0.913275, 0.896007
4.27791, 17.6222, 0.375762, 0.4, -0.000107715, 0.906549, 0.882699, 0.913273, 0.896004
4.27891, 17.6203, 0.375756, 0.4, -0.000104878, 0.906543, 0.882695, 0.91327, 0.896001
4.27991, 17.6184, 0.375751, 0.4, -0.000102041, 0.906538, 0.882692, 0.913267, 0.895998
4.28091, 17.6166, 0.375747, 0.4, -9.92032e-05, 0.906533, 0.882688, 0.913265, 0.895994
4.28191, 17.6148, 0.375743, 0.4, -9.6365e-05, 0.906527, 0.882684, 0.913262, 0.895991
4.28291, 17.6131, 0.37574, 0.4, -9.35266e-05, 0.906522, 0.882681, 0.91326, 0.895988
4.28391, 17.6115, 0.375738, 0.4, -9.0688e-05, 0.906517, 0.882677, 0.913258, 0.895985
4.2849, 17.6099, 0.375737, 0.4, -8.78494e-05, 0.906512, 0.882674, 0.913255, 0.895983
4.2859, 17.6083, 0.375736, 0.4, -8.50107e-05, 0.906506, 0.882671, 0.913253, 0.89598
4.2869, 17.6068, 0.375737, 0.4, -8.21723e-05, 0.906501, 0.882667, 0.913251, 0.895977
4.2879, 17.6053, 0.375738, 0.4, -7.9334e-05, 0.906496, 0.882664, 0.913248, 0.895974
4.2889, 17.6039, 0.37574, 0.4, -7.6496e-05, 0.906491, 0.882661, 0.913246, 0.895971
4.2899, 17.6026, 0.375742, 0.4, -7.36585e-05, 0.906486, 0.882658, 0.913244, 0.895969
4.2909, 17.6013, 0.375746, 0.4, -7.08215e-05, 0.90648, 0.882654, 0.913242, 0.895966
4.2919, 17.6, 0.37575, 0.4, -6.7985e-05, 0.906475, 0.882651, 0.91324, 0.895963
4.2929, 17.5988, 0.375755, 0.4, -6.51492e-05, 0.90647, 0.882648, 0.913238, 0.895961
4.2939, 17.5977, 0.375761, 0.4, -6.23142e-05, 0.906465, 0.882645, 0.913236, 0.895958
4.2949, 17.5966, 0.375767, 0.4, -5.948e-05, 0.90646, 0.882642, 0.913234, 0.895956
4.2959, 17.5956, 0.375774, 0.4, -5.66467e-05, 0.906454, 0.882639, 0.913232, 0.895953
4.2969, 17.5946, 0.375783, 0.4, -5.38145e-05, 0.906449, 0.882636, 0.91323, 0.895951
4.2979, 17.5936, 0.375792, 0.4, -5.09834e-05, 0.906444, 0.882633, 0.913229, 0.895949
4.2989, 17.5927, 0.375801, 0.4, -4.81535e-05, 0.906439, 0.88263, 0.913227, 0.895947
4.2999, 17.5919, 0.375812, 0.4, -4.5325e-05, 0.906434, 0.882627, 0.913225, 0.895944
4.3009, 17.5911, 0.375823, 0.4, -4.24978e-05, 0.906429, 0.882625, 0.913224, 0.895942
4.3019, 17.5904, 0.375835, 0.4, -3.96722e-05, 0.906424, 0.882622, 0.913222, 0.89594
4.3029, 17.5897, 0.375848, 0.4, -3.68481e-05, 0.906419, 0.882619, 0.913221, 0.895938
4.3039, 17.589, 0.375862, 0.4, -3.40257e-05, 0.906414, 0.882616, 0.913219, 0.895936
4.3049, 17.5884, 0.375876, 0.4, -3.1205e-05, 0.906409, 0.882614, 0.913218, 0.895934
4.3059, 17.5879, 0.375891, 0.4, -2.83862e-05, 0.906404, 0.882611, 0.913217, 0.895932
4.3069, 17.5874, 0.375907, 0.4, -2.55694e-05, 0.906399, 0.882609, 0.913215, 0.89593
4.3079, 17.587, 0.375924, 0.4, -2.27546e-05, 0.906394, 0.882606, 0.913214, 0.895929
4.3089, 17.5866, 0.375941, 0.4, -1.99419e-05, 0.906389, 0.882604, 0.913213, 0.895927
4.3099, 17.5863, 0.375959, 0.4, -1.71314e-05, 0.906384, 0.882601, 0.913212, 0.895925
4.3109, 17.586, 0.375978, 0.4, -1.43232e-05, 0.906379, 0.882599, 0.913211, 0.895923
4.3119, 17.5857, 0.375998, 0.4, -1.15174e-05, 0.906374, 0.882596, 0.91321, 0.895922
4.3129, 17.5856, 0.376018, 0.4, -8.71415e-06, 0.90637, 0.882594, 0.913209, 0.89592
4.3139, 17.5854, 0.37604, 0.4, -5.91342e-06, 0.906365, 0.882592, 0.913208, 0.895919
4.3149, 17.5854, 0.376061, 0.4, -3.11533e-06, 0.90636, 0.88259, 0.913207, 0.895917
4.3159, 17.5853, 0.376084, 0.4, -3.19971e-07, 0.906355, 0.882588, 0.913206, 0.895916
4.3169, 17.5853, 0.376108, 0.4, 2.47253e-06, 0.90635, 0.882585, 0.913205, 0.895914
4.3179, 17.5854, 0.376132, 0.4, 5.26214e-06, 0.906345, 0.882583, 0.913204, 0.895913
4.3189, 17.5855, 0.376157, 0.4, 8.04874e-06, 0.90634, 0.882581, 0.913204, 0.895912
4.3199, 17.5857, 0.376183, 0.4, 1.08322e-05, 0.906336, 0.882579, 0.913203, 0.89591
4.3209, 17.5859, 0.376209, 0.4, 1.36126e-05, 0.906331, 0.882577, 0.913202, 0.895909
4.3219, 17.5862, 0.376236, 0.4, 1.63897e-05, 0.906326, 0.882575, 0.913202, 0.895908
4.3229, 17.5865, 0.376264, 0.4, 1.91634e-05, 0.906321, 0.882573, 0.913201, 0.895907
4.3239, 17.5869, 0.376293, 0.4, 2.19336e-05, 0.906317, 0.882572, 0.913201, 0.895906
4.3249, 17.5873, 0.376322, 0.4, 2.47004e-05, 0.906312, 0.88257, 0.9132, 0.895905
4.3259, 17.5878, 0.376353, 0.4, 2.74635e-05, 0.906307, 0.882568, 0.9132, 0.895904
4.3269, 17.5883, 0.376383, 0.4, 3.0223e-05, 0.906302, 0.882566, 0.9132, 0.895903
4.3279, 17.5889, 0.376415, 0.4, 3.29787e-05, 0.906298, 0.882564, 0.913199, 0.895902
4.3289, 17.5895, 0.376447, 0.4, 3.57305e-05, 0.906293, 0.882563, 0.913199, 0.895901
4.3299, 17.5901, 0.376481, 0.4, 3.84783e-05, 0.906288, 0.882561, 0.913199, 0.8959
4.3309, 17.5909, 0.376514, 0.4, 4.12221e-05, 0.906284, 0.88256, 0.913199, 0.8959
4.3319, 17.5916, 0.376549, 0.4, 4.39618e-05, 0.906279, 0.882558, 0.913199, 0.895899
4.3329, 17.5924, 0.376584, 0.4, 4.66973e-05, 0.906274, 0.882556, 0.913199, 0.895898
4.3339, 17.5933, 0.37662, 0.4, 4.94286e-05, 0.90627, 0.882555, 0.913199, 0.895898
4.3349, 17.5942, 0.376656, 0.4, 5.21554e-05, 0.906265, 0.882554, 0.913199, 0.895897
4.3359, 17.5952, 0.376694, 0.4, 5.48778e-05, 0.906261, 0.882552, 0.913199, 0.895896
4.3369, 17.5962, 0.376732, 0.4, 5.75957e-05, 0.906256, 0.882551, 0.913199, 0.895896
4.3379, 17.5973, 0.376771, 0.4, 6.03089e-05, 0.906252, 0.882549, 0.913199, 0.895896
4.3389, 17.5984, 0.37681, 0.4, 6.30175e-05, 0.906247, 0.882548, 0.913199, 0.895895
4.3399, 17.5995, 0.376851, 0.4, 6.57212e-05, 0.906243, 0.882547, 0.913199, 0.895895
4.3409, 17.6007, 0.376891, 0.4, 6.84201e-05, 0.906238, 0.882546, 0.9132, 0.895895
4.3419, 17.602, 0.376933, 0.4, 7.11141e-05, 0.906234, 0.882545, 0.9132, 0.895895
4.3429, 17.6033, 0.376976, 0.4, 7.3803e-05, 0.906229, 0.882544, 0.913201, 0.895894
4.3439, 17.6047, 0.377019, 0.4, 7.64867e-05, 0.906225, 0.882543, 0.913201, 0.895894
4.3449, 17.6061, 0.377062, 0.4, 7.91653e-05, 0.90622, 0.882542, 0.913202, 0.895894
4.3459, 17.6075, 0.377107, 0.4, 8.18387e-05, 0.906216, 0.88254, 0.913202, 0.895894
4.3469, 17.609, 0.377152, 0.4, 8.45066e-05, 0.906211, 0.88254, 0.913203, 0.895894
4.3479, 17.6105, 0.377198, 0.4, 8.71692e-05, 0.906207, 0.882539, 0.913203, 0.895894
4.3489, 17.6121, 0.377244, 0.4, 8.98262e-05, 0.906203, 0.882538, 0.913204, 0.895894
4.3499, 17.6138, 0.377291, 0.4, 9.24777e-05, 0.906198, 0.882537, 0.913205, 0.895894
4.3509, 17.6155, 0.377339, 0.4, 9.51234e-05, 0.906194, 0.882536, 0.913205, 0.895894
4.3519, 17.6172, 0.377387, 0.4, 9.77635e-05, 0.90619, 0.882535, 0.913206, 0.895894
4.3529, 17.619, 0.377437, 0.4, 0.000100398, 0.906185, 0.882534, 0.913207, 0.895895
4.3539, 17.6208, 0.377486, 0.4, 0.000103026, 0.906181, 0.882534, 0.913208, 0.895895
4.3549, 17.6227, 0.377537, 0.4, 0.000105648, 0.906177, 0.882533, 0.913209, 0.895895
4.3559, 17.6246, 0.377588, 0.4, 0.000108265, 0.906172, 0.882532, 0.91321, 0.895896
4.3569, 17.6266, 0.37764, 0.4, 0.000110875, 0.906168, 0.882532, 0.913211, 0.895896
4.3579, 17.6286, 0.377692, 0.4, 0.000113479, 0.906164, 0.882531, 0.913212, 0.895896
4.3589, 17.6307, 0.377745, 0.4, 0.000116076, 0.90616, 0.882531, 0.913213, 0.895897
4.3599, 17.6328, 0.377799, 0.4, 0.000118667, 0.906155, 0.88253, 0.913214, 0.895897
4.3609, 17.635, 0.377854, 0.4, 0.000121252, 0.906151, 0.88253, 0.913215, 0.895898
4.3619, 17.6372, 0.377909, 0.4, 0.000123831, 0.906147, 0.882529, 0.913216, 0.895899
4.3629, 17.6394, 0.377965, 0.4, 0.000126402, 0.906143, 0.882529, 0.913218, 0.895899
4.3639, 17.6417, 0.378021, 0.4, 0.000128967, 0.906139, 0.882528, 0.913219, 0.8959
4.3649, 17.6441, 0.378078, 0.4, 0.000131526, 0.906134, 0.882528, 0.91322, 0.895901
4.3659, 17.6464, 0.378136, 0.4, 0.000134077, 0.90613, 0.882528, 0.913222, 0.895901
4.3669, 17.6489, 0.378194, 0.4, 0.000136622, 0.906126, 0.882528, 0.913223, 0.895902
4.3679, 17.6514, 0.378253, 0.4, 0.000139159, 0.906122, 0.882527, 0.913225, 0.895903
4.3689, 17.6539, 0.378313, 0.4, 0.00014169, 0.906118, 0.882527, 0.913226, 0.895904
4.3699, 17.6565, 0.378373, 0.4, 0.000144213, 0.906114, 0.882527, 0.913228, 0.895905
4.3709, 17.6591, 0.378433, 0.4, 0.000146729, 0.90611, 0.882527, 0.913229, 0.895906
4.3719, 17.6617, 0.378495, 0.4, 0.000149238, 0.906106, 0.882527, 0.913231, 0.895907
4.3729, 17.6645, 0.378557, 0.4, 0.00015174, 0.906102, 0.882527, 0.913233, 0.895908
4.3739, 17.6672, 0.37862, 0.4, 0.000154234, 0.906098, 0.882527, 0.913234, 0.895909
4.3749, 17.67, 0.378683, 0.4, 0.000156721, 0.906094, 0.882527, 0.913236, 0.89591
4.3759, 17.6728, 0.378747, 0.4, 0.0001592, 0.90609, 0.882527, 0.913238, 0.895911
4.3769, 17.6757, 0.378811, 0.4, 0.000161672, 0.906086, 0.882527, 0.91324, 0.895912
4.3779, 17.6787, 0.378877, 0.4, 0.000164136, 0.906082, 0.882527, 0.913242, 0.895914
4.3789, 17.6816, 0.378942, 0.4, 0.000166592, 0.906078, 0.882527, 0.913243, 0.895915
4.3799, 17.6847, 0.379009, 0.4, 0.00016904, 0.906074, 0.882527, 0.913245, 0.895916
4.3809, 17.6877, 0.379076, 0.4, 0.000171481, 0.90607, 0.882528, 0.913247, 0.895918
4.3819, 17.6908, 0.379143, 0.4, 0.000173913, 0.906066, 0.882528, 0.913249, 0.895919
4.3829, 17.694, 0.379211, 0.4, 0.000176338, 0.906062, 0.882528, 0.913252, 0.895921
4.3839, 17.6972, 0.37928, 0.4, 0.000178754, 0.906058, 0.882529, 0.913254, 0.895922
4.3849, 17.7004, 0.379349, 0.4, 0.000181162, 0.906054, 0.882529, 0.913256, 0.895924
4.3859, 17.7037, 0.379419, 0.4, 0.000183562, 0.906051, 0.882529, 0.913258, 0.895925
4.3869, 17.707, 0.37949, 0.4, 0.000185954, 0.906047, 0.88253, 0.91326, 0.895927
4.3879, 17.7104, 0.379561, 0.4, 0.000188337, 0.906043, 0.88253, 0.913262, 0.895928
4.3889, 17.7138, 0.379632, 0.4, 0.000190712, 0.906039, 0.882531, 0.913265, 0.89593
4.3899, 17.7173, 0.379704, 0.4, 0.000193078, 0.906035, 0.882531, 0.913267, 0.895932
4.3909, 17.7208, 0.379777, 0.4, 0.000195436, 0.906031, 0.882532, 0.913269, 0.895933
4.3919, 17.7243, 0.37985, 0.4, 0.000197785, 0.906028, 0.882532, 0.913272, 0.895935
4.3929, 17.7279, 0.379924, 0.4, 0.000200125, 0.906024, 0.882533, 0.913274, 0.895937
4.3939, 17.7315, 0.379999, 0.4, 0.000202457, 0.90602, 0.882533, 0.913277, 0.895939
4.3949, 17.7352, 0.380074, 0.4, 0.000204779, 0.906016, 0.882534, 0.913279, 0.895941
4.3959, 17.7389, 0.380149, 0.4, 0.000207093, 0.906013, 0.882535, 0.913282, 0.895943
4.3969, 17.7426, 0.380225, 0.4, 0.000209398, 0.906009, 0.882536, 0.913284, 0.895945
4.3979, 17.7464, 0.380302, 0.4, 0.000211694, 0.906005, 0.882536, 0.913287, 0.895947
4.3989, 17.7502, 0.380379, 0.4, 0.000213981, 0.906002, 0.882537, 0.91329, 0.895949
4.3999, 17.7541, 0.380457, 0.4, 0.000216258, 0.905998, 0.882538, 0.913292, 0.895951
4.4009, 17.758, 0.380535, 0.4, 0.000218527, 0.905994, 0.882539, 0.913295, 0.895953
4.4019, 17.762, 0.380614, 0.4, 0.000220786, 0.905991, 0.88254, 0.913298, 0.895955
4.4029, 17.766, 0.380693, 0.4, 0.000223036, 0.905987, 0.882541, 0.913301, 0.895957
4.4039, 17.77, 0.380773, 0.4, 0.000225276, 0.905984, 0.882542, 0.913303, 0.895959
4.4049, 17.7741, 0.380853, 0.4, 0.000227507, 0.90598, 0.882542, 0.913306, 0.895961
4.4059, 17.7782, 0.380934, 0.4, 0.000229728, 0.905976, 0.882544, 0.913309, 0.895964
4.4069, 17.7824, 0.381015, 0.4, 0.00023194, 0.905973, 0.882545, 0.913312, 0.895966
4.4079, 17.7866, 0.381097, 0.4, 0.000234142, 0.905969, 0.882546, 0.913315, 0.895968
4.4089, 17.7908, 0.38118, 0.4, 0.000236335, 0.905966, 0.882547, 0.913318, 0.895971
4.4099, 17.7951, 0.381263, 0.4, 0.000238518, 0.905962, 0.882548, 0.913321, 0.895973
4.4109, 17.7994, 0.381346, 0.4, 0.00024069, 0.905959, 0.882549, 0.913324, 0.895976
4.4119, 17.8037, 0.38143, 0.4, 0.000242853, 0.905955, 0.88255, 0.913327, 0.895978
4.4129, 17.8081, 0.381514, 0.4, 0.000245007, 0.905952, 0.882551, 0.91333, 0.89598
4.4139, 17.8125, 0.381599, 0.4, 0.00024715, 0.905948, 0.882553, 0.913334, 0.895983
4.4149, 17.817, 0.381685, 0.4, 0.000249283, 0.905945, 0.882554, 0.913337, 0.895986
4.4159, 17.8215, 0.38177, 0.4, 0.000251406, 0.905941, 0.882555, 0.91334, 0.895988
4.4169, 17.8261, 0.381857, 0.4, 0.000253519, 0.905938, 0.882556, 0.913343, 0.895991
4.4179, 17.8307, 0.381943, 0.4, 0.000255621, 0.905934, 0.882558, 0.913347, 0.895993
4.4189, 17.8353, 0.382031, 0.4, 0.000257714, 0.905931, 0.882559, 0.91335, 0.895996
4.4199, 17.8399, 0.382119, 0.4, 0.000259796, 0.905928, 0.88256, 0.913353, 0.895999
4.4209, 17.8446, 0.382207, 0.4, 0.000261867, 0.905924, 0.882562, 0.913357, 0.896002
4.4219, 17.8494, 0.382295, 0.4, 0.000263929, 0.905921, 0.882563, 0.91336, 0.896004
4.42289, 17.8541, 0.382385, 0.4, 0.000265979, 0.905917, 0.882565, 0.913363, 0.896007
4.42389, 17.8589, 0.382474, 0.4, 0.000268019, 0.905914, 0.882566, 0.913367, 0.89601
4.42489, 17.8638, 0.382564, 0.4, 0.000270049, 0.905911, 0.882568, 0.91337, 0.896013
4.42589, 17.8687, 0.382655, 0.4, 0.000272068, 0.905908, 0.882569, 0.913374, 0.896016
4.42689, 17.8736, 0.382746, 0.4, 0.000274076, 0.905904, 0.882571, 0.913378, 0.896019
4.42789, 17.8785, 0.382837, 0.4, 0.000276074, 0.905901, 0.882573, 0.913381, 0.896022
4.42889, 17.8835, 0.382929, 0.4, 0.00027806, 0.905898, 0.882574, 0.913385, 0.896025
4.42989, 17.8885, 0.383021, 0.4, 0.000280036, 0.905894, 0.882576, 0.913388, 0.896027
4.43089, 17.8936, 0.383114, 0.4, 0.000282001, 0.905891, 0.882578, 0.913392, 0.896031
4.43189, 17.8987, 0.383207, 0.4, 0.000283955, 0.905888, 0.882579, 0.913396, 0.896034
4.43289, 17.9038, 0.383301, 0.4, 0.000285898, 0.905885, 0.882581, 0.9134, 0.896037
4.43389, 17.909, 0.383395, 0.4, 0.00028783, 0.905882, 0.882583, 0.913403, 0.89604
4.43489, 17.9142, 0.383489, 0.4, 0.000289751, 0.905878, 0.882585, 0.913407, 0.896043
4.43589, 17.9194, 0.383584, 0.4, 0.000291661, 0.905875, 0.882586, 0.913411, 0.896046
4.43689, 17.9247, 0.383679, 0.4, 0.000293559, 0.905872, 0.882588, 0.913415, 0.896049
4.43789, 17.93, 0.383775, 0.4, 0.000295447, 0.905869, 0.88259, 0.913419, 0.896053
4.43889, 17.9353, 0.383871, 0.4, 0.000297323, 0.905866, 0.882592, 0.913422, 0.896056
4.43989, 17.9407, 0.383967, 0.4, 0.000299187, 0.905863, 0.882594, 0.913426, 0.896059
4.44089, 17.9461, 0.384064, 0.4, 0.000301041, 0.905859, 0.882596, 0.91343, 0.896062
4.44189, 17.9515, 0.384161, 0.4, 0.000302883, 0.905856, 0.882598, 0.913434, 0.896066
4.44289, 17.957, 0.384259, 0.4, 0.000304713, 0.905853, 0.8826, 0.913438, 0.896069
4.44389, 17.9625, 0.384357, 0.4, 0.000306532, 0.90585, 0.882601, 0.913442, 0.896072
4.44489, 17.968, 0.384456, 0.4, 0.000308339, 0.905847, 0.882604, 0.913446, 0.896076
4.44589, 17.9736, 0.384554, 0.4, 0.000310135, 0.905844, 0.882606, 0.91345, 0.896079
4.44689, 17.9792, 0.384653, 0.4, 0.000311919, 0.905841, 0.882608, 0.913455, 0.896083
4.44789, 17.9848, 0.384753, 0.4, 0.000313692, 0.905838, 0.88261, 0.913459, 0.896086
4.44889, 17.9905, 0.384853, 0.4, 0.000315452, 0.905835, 0.882612, 0.913463, 0.89609
4.44989, 17.9962, 0.384953, 0.4, 0.000317201, 0.905832, 0.882614, 0.913467, 0.896093
4.45089, 18.0019, 0.385054, 0.4, 0.000318939, 0.905829, 0.882616, 0.913471, 0.896097
4.45189, 18.0077, 0.385154, 0.4, 0.000320664, 0.905826, 0.882618, 0.913475, 0.8961
4.45289, 18.0134, 0.385256, 0.4, 0.000322377, 0.905823, 0.88262, 0.91348, 0.896104
4.45389, 18.0193, 0.385357, 0.4, 0.000324079, 0.90582, 0.882623, 0.913484, 0.896108
4.45489, 18.0251, 0.385459, 0.4, 0.000325768, 0.905817, 0.882625, 0.913488, 0.896111
4.45589, 18.031, 0.385562, 0.4, 0.000327446, 0.905814, 0.882627, 0.913493, 0.896115
4.45689, 18.0369, 0.385665, 0.4, 0.000329111, 0.905811, 0.882629, 0.913497, 0.896119
4.45789, 18.0428, 0.385768, 0.4, 0.000330764, 0.905808, 0.882632, 0.913501, 0.896122
4.45889, 18.0488, 0.385871, 0.4, 0.000332405, 0.905805, 0.882634, 0.913506, 0.896126
4.45989, 18.0548, 0.385975, 0.4, 0.000334034, 0.905802, 0.882636, 0.91351, 0.89613
4.46089, 18.0608, 0.386079, 0.4, 0.000335651, 0.905799, 0.882638, 0.913515, 0.896134
4.46189, 18.0669, 0.386183, 0.4, 0.000337256, 0.905797, 0.882641, 0.913519, 0.896137
4.46289, 18.073, 0.386287, 0.4, 0.000338848, 0.905794, 0.882643, 0.913523, 0.896141
4.46389, 18.0791, 0.386392, 0.4, 0.000340428, 0.905791, 0.882646, 0.913528, 0.896145
4.46489, 18.0852, 0.386498, 0.4, 0.000341996, 0.905788, 0.882648, 0.913532, 0.896149
4.46589, 18.0914, 0.386603, 0.4, 0.000343551, 0.905785, 0.88265, 0.913537, 0.896153
4.46689, 18.0976, 0.386709, 0.4, 0.000345094, 0.905782, 0.882653, 0.913541, 0.896157
4.46789, 18.1038, 0.386815, 0.4, 0.000346624, 0.90578, 0.882655, 0.913546, 0.896161
4.46889, 18.1101, 0.386922, 0.4, 0.000348142, 0.905777, 0.882658, 0.913551, 0.896165
4.46989, 18.1164, 0.387028, 0.4, 0.000349647, 0.905774, 0.88266, 0.913555, 0.896169
4.47089, 18.1227, 0.387135, 0.4, 0.00035114, 0.905771, 0.882663, 0.91356, 0.896173
4.47189, 18.129, 0.387243, 0.4, 0.00035262, 0.905769, 0.882665, 0.913565, 0.896177
4.47289, 18.1354, 0.38735, 0.4, 0.000354088, 0.905766, 0.882668, 0.913569, 0.896181
4.47389, 18.1417, 0.387458, 0.4, 0.000355543, 0.905763, 0.882671, 0.913574, 0.896185
4.47489, 18.1482, 0.387566, 0.4, 0.000356985, 0.90576, 0.882673, 0.913579, 0.896189
4.47589, 18.1546, 0.387675, 0.4, 0.000358414, 0.905758, 0.882676, 0.913583, 0.896193
4.47689, 18.1611, 0.387783, 0.4, 0.000359831, 0.905755, 0.882678, 0.913588, 0.896197
4.47789, 18.1675, 0.387892, 0.4, 0.000361235, 0.905752, 0.882681, 0.913593, 0.896201
4.47889, 18.1741, 0.388001, 0.4, 0.000362626, 0.905749, 0.882684, 0.913598, 0.896205
4.47989, 18.1806, 0.38811, 0.4, 0.000364005, 0.905747, 0.882686, 0.913602, 0.896209
4.48089, 18.1872, 0.38822, 0.4, 0.00036537, 0.905744, 0.882689, 0.913607, 0.896214
4.48189, 18.1938, 0.38833, 0.4, 0.000366723, 0.905741, 0.882692, 0.913612, 0.896218
4.48289, 18.2004, 0.38844, 0.4, 0.000368063, 0.905739, 0.882694, 0.913617, 0.896222
4.48389, 18.207, 0.388551, 0.4, 0.000369389, 0.905736, 0.882697, 0.913622, 0.896226
4.48489, 18.2137, 0.388661, 0.4, 0.000370703, 0.905734, 0.8827, 0.913626, 0.89623
4.48589, 18.2204, 0.388772, 0.4, 0.000372004, 0.905731, 0.882703, 0.913631, 0.896235
4.48689, 18.2271, 0.388883, 0.4, 0.000373292, 0.905728, 0.882705, 0.913636, 0.896239
4.48789, 18.2338, 0.388994, 0.4, 0.000374567, 0.905726, 0.882708, 0.913641, 0.896243
4.48889, 18.2405, 0.389106, 0.4, 0.000375828, 0.905723, 0.882711, 0.913646, 0.896247
4.48989, 18.2473, 0.389217, 0.4, 0.000377077, 0.905721, 0.882714, 0.913651, 0.896252
4.49089, 18.2541, 0.389329, 0.4, 0.000378312, 0.905718, 0.882717, 0.913656, 0.896256
4.49189, 18.2609, 0.389441, 0.4, 0.000379535, 0.905716, 0.882719, 0.913661, 0.89626
4.49289, 18.2678, 0.389553, 0.4, 0.000380744, 0.905713, 0.882722, 0.913666, 0.896265
4.49389, 18.2746, 0.389666, 0.4, 0.00038194, 0.90571, 0.882725, 0.913671, 0.896269
4.49489, 18.2815, 0.389779, 0.4, 0.000383123, 0.905708, 0.882728, 0.913676, 0.896273
4.49589, 18.2884, 0.389891, 0.4, 0.000384292, 0.905705, 0.882731, 0.913681, 0.896278
4.49689, 18.2954, 0.390004, 0.4, 0.000385449, 0.905703, 0.882734, 0.913686, 0.896282
4.49789, 18.3023, 0.390118, 0.4, 0.000386592, 0.9057, 0.882737, 0.913691, 0.896287
4.49889, 18.3093, 0.390231, 0.4, 0.000387722, 0.905698, 0.88274, 0.913696, 0.896291
4.49989, 18.3163, 0.390344, 0.4, 0.000388838, 0.905695, 0.882743, 0.913701, 0.896296
4.50089, 18.3233, 0.390458, 0.4, 0.000389941, 0.905693, 0.882746, 0.913706, 0.8963
4.50189, 18.3303, 0.390572, 0.4, 0.000391031, 0.90569, 0.882749, 0.913711, 0.896305
4.50289, 18.3374, 0.390686, 0.4, 0.000392108, 0.905688, 0.882751, 0.913716, 0.896309
4.50389, 18.3444, 0.3908, 0.4, 0.000393171, 0.905686, 0.882754, 0.913722, 0.896313
4.50489, 18.3515, 0.390915, 0.4, 0.00039422, 0.905683, 0.882757, 0.913727, 0.896318
4.50589, 18.3586, 0.391029, 0.4, 0.000395257, 0.905681, 0.88276, 0.913732, 0.896322
4.50689, 18.3657, 0.391144, 0.4, 0.000396279, 0.905678, 0.882763, 0.913737, 0.896327
4.50789, 18.3729, 0.391259, 0.4, 0.000397289, 0.905676, 0.882766, 0.913742, 0.896332
4.50889, 18.38, 0.391373, 0.4, 0.000398285, 0.905674, 0.882769, 0.913747, 0.896336
4.50989, 18.3872, 0.391488, 0.4, 0.000399267, 0.905671, 0.882773, 0.913753, 0.896341
4.51089, 18.3944, 0.391604, 0.4, 0.000400236, 0.905669, 0.882776, 0.913758, 0.896345
4.51189, 18.4016, 0.391719, 0.4, 0.000401192, 0.905666, 0.882779, 0.913763, 0.89635
4.51289, 18.4089, 0.391834, 0.4, 0.000402133, 0.905664, 0.882782, 0.913768, 0.896354
4.51389, 18.4161, 0.39195, 0.4, 0.000403062, 0.905662, 0.882785, 0.913773, 0.896359
4.51489, 18.4234, 0.392065, 0.4, 0.000403977, 0.905659, 0.882788, 0.913779, 0.896363
4.51589, 18.4307, 0.392181, 0.4, 0.000404878, 0.905657, 0.882791, 0.913784, 0.896368
4.51689, 18.4379, 0.392297, 0.4, 0.000405766, 0.905655, 0.882794, 0.913789, 0.896373
4.51789, 18.4453, 0.392413, 0.4, 0.00040664, 0.905652, 0.882797, 0.913794, 0.896377
4.51889, 18.4526, 0.392529, 0.4, 0.0004075, 0.90565, 0.8828, 0.9138, 0.896382
4.51989, 18.4599, 0.392645, 0.4, 0.000408347, 0.905648, 0.882803, 0.913805, 0.896387
4.52089, 18.4673, 0.392761, 0.4, 0.000409181, 0.905646, 0.882807, 0.91381, 0.896391
4.52189, 18.4747, 0.392878, 0.4, 0.00041, 0.905643, 0.88281, 0.913815, 0.896396
4.52289, 18.482, 0.392994, 0.4, 0.000410806, 0.905641, 0.882813, 0.913821, 0.896401
4.52389, 18.4895, 0.393111, 0.4, 0.000411599, 0.905639, 0.882816, 0.913826, 0.896405
4.52489, 18.4969, 0.393227, 0.4, 0.000412378, 0.905636, 0.882819, 0.913831, 0.89641
4.52589, 18.5043, 0.393344, 0.4, 0.000413143, 0.905634, 0.882822, 0.913837, 0.896415
4.52689, 18.5117, 0.393461, 0.4, 0.000413894, 0.905632, 0.882825, 0.913842, 0.896419
4.52789, 18.5192, 0.393577, 0.4, 0.000414632, 0.90563, 0.882829, 0.913847, 0.896424
4.52889, 18.5267, 0.393694, 0.4, 0.000415356, 0.905628, 0.882832, 0.913853, 0.896429
4.52989, 18.5341, 0.393811, 0.4, 0.000416067, 0.905625, 0.882835, 0.913858, 0.896434
4.53089, 18.5416, 0.393928, 0.4, 0.000416763, 0.905623, 0.882838, 0.913863, 0.896438
4.53189, 18.5492, 0.394045, 0.4, 0.000417447, 0.905621, 0.882842, 0.913869, 0.896443
4.53289, 18.5567, 0.394162, 0.4, 0.000418116, 0.905619, 0.882845, 0.913874, 0.896448
4.53389, 18.5642, 0.394279, 0.4, 0.000418772, 0.905617, 0.882848, 0.913879, 0.896452
4.53489, 18.5717, 0.394396, 0.4, 0.000419414, 0.905614, 0.882851, 0.913885, 0.896457
4.53589, 18.5793, 0.394513, 0.4, 0.000420042, 0.905612, 0.882854, 0.91389, 0.896462
4.53689, 18.5869, 0.39463, 0.4, 0.000420656, 0.90561, 0.882858, 0.913895, 0.896467
4.53789, 18.5944, 0.394747, 0.4, 0.000421257, 0.905608, 0.882861, 0.913901, 0.896471
4.53889, 18.602, 0.394864, 0.4, 0.000421844, 0.905606, 0.882864, 0.913906, 0.896476
4.53989, 18.6096, 0.394982, 0.4, 0.000422418, 0.905604, 0.882867, 0.913911, 0.896481
4.54089, 18.6172, 0.395099, 0.4, 0.000422977, 0.905601, 0.88287, 0.913917, 0.896486
4.54189, 18.6249, 0.395216, 0.4, 0.000423523, 0.905599, 0.882874, 0.913922, 0.89649
4.54289, 18.6325, 0.395333, 0.4, 0.000424056, 0.905597, 0.882877, 0.913927, 0.896495
4.54389, 18.6401, 0.39545, 0.4, 0.000424574, 0.905595, 0.88288, 0.913933, 0.8965
4.54489, 18.6478, 0.395568, 0.4, 0.000425079, 0.905593, 0.882884, 0.913938, 0.896505
4.54589, 18.6554, 0.395685, 0.4, 0.00042557, 0.905591, 0.882887, 0.913944, 0.896509
4.54689, 18.6631, 0.395802, 0.4, 0.000426047, 0.905589, 0.88289, 0.913949, 0.896514
4.54789, 18.6708, 0.395919, 0.4, 0.000426511, 0.905587, 0.882893, 0.913954, 0.896519
4.54889, 18.6784, 0.396036, 0.4, 0.000426961, 0.905585, 0.882897, 0.91396, 0.896524
4.54989, 18.6861, 0.396153, 0.4, 0.000427397, 0.905583, 0.8829, 0.913965, 0.896529
4.55089, 18.6938, 0.396271, 0.4, 0.00042782, 0.905581, 0.882903, 0.913971, 0.896533
4.55189, 18.7015, 0.396388, 0.4, 0.000428229, 0.905578, 0.882906, 0.913976, 0.896538
4.55289, 18.7093, 0.396505, 0.4, 0.000428624, 0.905577, 0.88291, 0.913981, 0.896543
4.55389, 18.717, 0.396622, 0.4, 0.000429005, 0.905574, 0.882913, 0.913987, 0.896548
4.55489, 18.7247, 0.396739, 0.4, 0.000429373, 0.905572, 0.882916, 0.913992, 0.896552
4.55589, 18.7324, 0.396856, 0.4, 0.000429727, 0.90557, 0.88292, 0.913997, 0.896557
4.55689, 18.7402, 0.396972, 0.4, 0.000430068, 0.905568, 0.882923, 0.914003, 0.896562
4.55789, 18.7479, 0.397089, 0.4, 0.000430394, 0.905566, 0.882926, 0.914008, 0.896567
4.55889, 18.7557, 0.397206, 0.4, 0.000430707, 0.905564, 0.882929, 0.914014, 0.896572
4.55989, 18.7634, 0.397323, 0.4, 0.000431007, 0.905562, 0.882933, 0.914019, 0.896576
4.56088, 18.7712, 0.397439, 0.4, 0.000431293, 0.90556, 0.882936, 0.914024, 0.896581
4.56188, 18.7789, 0.397556, 0.4, 0.000431565, 0.905558, 0.882939, 0.91403, 0.896586
4.56288, 18.7867, 0.397672, 0.4, 0.000431823, 0.905556, 0.882942, 0.914035, 0.896591
4.56388, 18.7945, 0.397789, 0.4, 0.000432068, 0.905554, 0.882946, 0.91404, 0.896595
4.56488, 18.8023, 0.397905, 0.4, 0.0004323, 0.905552, 0.882949, 0.914046, 0.8966
4.56588, 18.8101, 0.398021, 0.4, 0.000432517, 0.90555, 0.882952, 0.914051, 0.896605
4.56688, 18.8178, 0.398138, 0.4, 0.000432722, 0.905549, 0.882956, 0.914057, 0.89661
4.56788, 18.8256, 0.398254, 0.4, 0.000432912, 0.905546, 0.882959, 0.914062, 0.896614
4.56888, 18.8334, 0.39837, 0.4, 0.000433089, 0.905545, 0.882962, 0.914067, 0.896619
4.56988, 18.8412, 0.398486, 0.4, 0.000433253, 0.905543, 0.882966, 0.914073, 0.896624
4.57088, 18.849, 0.398602, 0.4, 0.000433403, 0.905541, 0.882969, 0.914078, 0.896629
4.57188, 18.8568, 0.398717, 0.4, 0.000433539, 0.905539, 0.882972, 0.914083, 0.896633
4.57288, 18.8646, 0.398833, 0.4, 0.000433662, 0.905537, 0.882975, 0.914088, 0.896638
4.57388, 18.8724, 0.398948, 0.4, 0.000433771, 0.905535, 0.882979, 0.914094, 0.896643
4.57488, 18.8802, 0.399064, 0.4, 0.000433867, 0.905533, 0.882982, 0.914099, 0.896648
4.57588, 18.8881, 0.399179, 0.4, 0.000433949, 0.905531, 0.882985, 0.914104, 0.896652
4.57688, 18.8959, 0.399294, 0.4, 0.000434018, 0.905529, 0.882988, 0.91411, 0.896657
4.57788, 18.9037, 0.399409, 0.4, 0.000434074, 0.905527, 0.882992, 0.914115, 0.896662
4.57888, 18.9115, 0.399524, 0.4, 0.000434116, 0.905525, 0.882995, 0.91412, 0.896667
4.57988, 18.9193, 0.399639, 0.4, 0.000434144, 0.905523, 0.882998, 0.914126, 0.896671
4.58088, 18.9271, 0.399753, 0.4, 0.00043416, 0.905522, 0.883001, 0.914131, 0.896676
4.58188, 18.9349, 0.399868, 0.4, 0.000434162, 0.90552, 0.883005, 0.914136, 0.896681
4.58288, 18.9428, 0.399982, 0.4, 0.00043415, 0.905518, 0.883008, 0.914141, 0.896685
4.58388, 18.9506, 0.400096, 0.4, 0.000434125, 0.905516, 0.883011, 0.914147, 0.89669
4.58488, 18.9584, 0.40021, 0.4, 0.000434087, 0.905514, 0.883014, 0.914152, 0.896695
4.58588, 18.9662, 0.400324, 0.4, 0.000434036, 0.905512, 0.883018, 0.914157, 0.896699
4.58688, 18.974, 0.400438, 0.4, 0.000433971, 0.90551, 0.883021, 0.914163, 0.896704
4.58788, 18.9818, 0.400551, 0.4, 0.000433893, 0.905509, 0.883024, 0.914168, 0.896709
4.58888, 18.9896, 0.400665, 0.4, 0.000433801, 0.905507, 0.883027, 0.914173, 0.896713
4.58988, 18.9974, 0.400778, 0.4, 0.000433697, 0.905505, 0.883031, 0.914178, 0.896718
4.59088, 19.0052, 0.400891, 0.4, 0.000433579, 0.905503, 0.883034, 0.914183, 0.896723
4.59188, 19.013, 0.401004, 0.4, 0.000433448, 0.905501, 0.883037, 0.914189, 0.896727
4.59288, 19.0208, 0.401117, 0.4, 0.000433304, 0.9055, 0.88304, 0.914194, 0.896732
4.59388, 19.0286, 0.401229, 0.4, 0.000433147, 0.905498, 0.883043, 0.914199, 0.896737
4.59488, 19.0364, 0.401341, 0.4, 0.000432976, 0.905496, 0.883047, 0.914204, 0.896741
4.59588, 19.0442, 0.401453, 0.4, 0.000432793, 0.905494, 0.88305, 0.914209, 0.896746
4.59688, 19.052, 0.401566, 0.4, 0.000432596, 0.905492, 0.883053, 0.914214, 0.89675
4.59788, 19.0598, 0.401677, 0.4, 0.000432387, 0.90549, 0.883056, 0.91422, 0.896755
4.59888, 19.0676, 0.401789, 0.4, 0.000432164, 0.905489, 0.883059, 0.914225, 0.89676
4.59988, 19.0754, 0.4019, 0.4, 0.000431928, 0.905487, 0.883062, 0.91423, 0.896764
4.60088, 19.0831, 0.402011, 0.4, 0.00043168, 0.905485, 0.883066, 0.914235, 0.896769
4.60188, 19.0909, 0.402122, 0.4, 0.000431418, 0.905483, 0.883069, 0.91424, 0.896773
4.60288, 19.0987, 0.402233, 0.4, 0.000431144, 0.905482, 0.883072, 0.914245, 0.896778
4.60388, 19.1064, 0.402344, 0.4, 0.000430856, 0.90548, 0.883075, 0.91425, 0.896782
4.60488, 19.1142, 0.402454, 0.4, 0.000430556, 0.905478, 0.883078, 0.914255, 0.896787
4.60588, 19.1219, 0.402564, 0.4, 0.000430242, 0.905476, 0.883081, 0.91426, 0.896791
4.60688, 19.1297, 0.402674, 0.4, 0.000429916, 0.905475, 0.883084, 0.914265, 0.896796
4.60788, 19.1374, 0.402783, 0.4, 0.000429578, 0.905473, 0.883088, 0.914271, 0.8968
4.60888, 19.1451, 0.402893, 0.4, 0.000429226, 0.905471, 0.883091, 0.914276, 0.896805
4.60988, 19.1529, 0.403002, 0.4, 0.000428862, 0.905469, 0.883094, 0.914281, 0.896809
4.61088, 19.1606, 0.403111, 0.4, 0.000428484, 0.905468, 0.883097, 0.914286, 0.896814
4.61188, 19.1683, 0.403219, 0.4, 0.000428095, 0.905466, 0.8831, 0.914291, 0.896818
4.61288, 19.176, 0.403328, 0.4, 0.000427692, 0.905464, 0.883103, 0.914296, 0.896823
4.61388, 19.1837, 0.403436, 0.4, 0.000427277, 0.905462, 0.883106, 0.914301, 0.896827
4.61488, 19.1914, 0.403544, 0.4, 0.000426849, 0.905461, 0.883109, 0.914306, 0.896832
4.61588, 19.199, 0.403652, 0.4, 0.000426409, 0.905459, 0.883112, 0.91431, 0.896836
4.61688, 19.2067, 0.403759, 0.4, 0.000425956, 0.905457, 0.883115, 0.914315, 0.89684
4.61788, 19.2144, 0.403866, 0.4, 0.000425491, 0.905456, 0.883118, 0.91432, 0.896845
4.61888, 19.222, 0.403973, 0.4, 0.000425013, 0.905454, 0.883121, 0.914325, 0.896849
4.61988, 19.2297, 0.40408, 0.4, 0.000424523, 0.905452, 0.883124, 0.91433, 0.896854
4.62088, 19.2373, 0.404186, 0.4, 0.00042402, 0.905451, 0.883127, 0.914335, 0.896858
4.62188, 19.2449, 0.404292, 0.4, 0.000423505, 0.905449, 0.88313, 0.91434, 0.896862
4.62288, 19.2526, 0.404398, 0.4, 0.000422978, 0.905447, 0.883133, 0.914345, 0.896867
4.62388, 19.2602, 0.404504, 0.4, 0.000422438, 0.905446, 0.883136, 0.91435, 0.896871
4.62488, 19.2678, 0.404609, 0.4, 0.000421886, 0.905444, 0.883139, 0.914354, 0.896875
4.62588, 19.2754, 0.404714, 0.4, 0.000421322, 0.905442, 0.883142, 0.914359, 0.896879
4.62688, 19.2829, 0.404818, 0.4, 0.000420746, 0.905441, 0.883145, 0.914364, 0.896884
4.62788, 19.2905, 0.404923, 0.4, 0.000420157, 0.905439, 0.883148, 0.914369, 0.896888
4.62888, 19.2981, 0.405027, 0.4, 0.000419556, 0.905437, 0.883151, 0.914374, 0.896892
4.62988, 19.3056, 0.405131, 0.4, 0.000418943, 0.905436, 0.883154, 0.914378, 0.896896
4.63088, 19.3131, 0.405234, 0.4, 0.000418318, 0.905434, 0.883157, 0.914383, 0.896901
4.63188, 19.3207, 0.405337, 0.4, 0.000417681, 0.905432, 0.88316, 0.914388, 0.896905
4.63288, 19.3282, 0.40544, 0.4, 0.000417032, 0.905431, 0.883163, 0.914392, 0.896909
4.63388, 19.3357, 0.405543, 0.4, 0.000416371, 0.905429, 0.883165, 0.914397, 0.896913
4.63488, 19.3432, 0.405645, 0.4, 0.000415698, 0.905427, 0.883168, 0.914402, 0.896917
4.63588, 19.3506, 0.405747, 0.4, 0.000415013, 0.905426, 0.883171, 0.914406, 0.896922
4.63688, 19.3581, 0.405849, 0.4, 0.000414317, 0.905424, 0.883174, 0.914411, 0.896926
4.63788, 19.3656, 0.40595, 0.4, 0.000413608, 0.905423, 0.883177, 0.914416, 0.89693
4.63888, 19.373, 0.406051, 0.4, 0.000412888, 0.905421, 0.88318, 0.91442, 0.896934
4.63988, 19.3804, 0.406151, 0.4, 0.000412156, 0.905419, 0.883183, 0.914425, 0.896938
4.64088, 19.3878, 0.406252, 0.4, 0.000411412, 0.905418, 0.883185, 0.91443, 0.896942
4.64188, 19.3952, 0.406352, 0.4, 0.000410657, 0.905416, 0.883188, 0.914434, 0.896946
4.64288, 19.4026, 0.406451, 0.4, 0.00040989, 0.905415, 0.883191, 0.914439, 0.89695
4.64388, 19.41, 0.406551, 0.4, 0.000409111, 0.905413, 0.883194, 0.914443, 0.896954
4.64488, 19.4174, 0.40665, 0.4, 0.000408321, 0.905411, 0.883196, 0.914448, 0.896958
4.64588, 19.4247, 0.406748, 0.4, 0.000407519, 0.90541, 0.883199, 0.914452, 0.896962
4.64688, 19.432, 0.406847, 0.4, 0.000406706, 0.905408, 0.883202, 0.914457, 0.896966
4.64788, 19.4393, 0.406945, 0.4, 0.000405882, 0.905407, 0.883205, 0.914461, 0.89697
4.64888, 19.4466, 0.407042, 0.4, 0.000405046, 0.905405, 0.883207, 0.914466, 0.896974
4.64988, 19.4539, 0.407139, 0.4, 0.000404198, 0.905403, 0.88321, 0.91447, 0.896978
4.65088, 19.4612, 0.407236, 0.4, 0.00040334, 0.905402, 0.883213, 0.914474, 0.896982
4.65188, 19.4684, 0.407333, 0.4, 0.00040247, 0.9054, 0.883215, 0.914479, 0.896986
4.65288, 19.4757, 0.407429, 0.4, 0.000401589, 0.905399, 0.883218, 0.914483, 0.89699
4.65388, 19.4829, 0.407525, 0.4, 0.000400697, 0.905397, 0.883221, 0.914487, 0.896993
4.65488, 19.4901, 0.40762, 0.4, 0.000399793, 0.905396, 0.883223, 0.914492, 0.896997
4.65588, 19.4973, 0.407715, 0.4, 0.000398879, 0.905394, 0.883226, 0.914496, 0.897001
4.65688, 19.5045, 0.40781, 0.4, 0.000397953, 0.905392, 0.883229, 0.9145, 0.897005
4.65788, 19.5116, 0.407904, 0.4, 0.000397017, 0.905391, 0.883231, 0.914505, 0.897009
4.65888, 19.5188, 0.407998, 0.4, 0.000396069, 0.905389, 0.883234, 0.914509, 0.897012
4.65988, 19.5259, 0.408092, 0.4, 0.000395111, 0.905388, 0.883236, 0.914513, 0.897016
4.66088, 19.533, 0.408185, 0.4, 0.000394142, 0.905386, 0.883239, 0.914517, 0.89702
4.66188, 19.5401, 0.408278, 0.4, 0.000393162, 0.905385, 0.883241, 0.914521, 0.897024
4.66288, 19.5471, 0.40837, 0.4, 0.000392171, 0.905383, 0.883244, 0.914526, 0.897027
4.66388, 19.5542, 0.408462, 0.4, 0.00039117, 0.905382, 0.883246, 0.91453, 0.897031
4.66488, 19.5612, 0.408554, 0.4, 0.000390158, 0.90538, 0.883249, 0.914534, 0.897035
4.66588, 19.5682, 0.408645, 0.4, 0.000389135, 0.905379, 0.883252, 0.914538, 0.897038
4.66688, 19.5752, 0.408736, 0.4, 0.000388101, 0.905377, 0.883254, 0.914542, 0.897042
4.66788, 19.5822, 0.408826, 0.4, 0.000387058, 0.905376, 0.883256, 0.914546, 0.897046
4.66888, 19.5892, 0.408916, 0.4, 0.000386003, 0.905374, 0.883259, 0.91455, 0.897049
4.66988, 19.5961, 0.409006, 0.4, 0.000384938, 0.905373, 0.883261, 0.914554, 0.897053
4.67088, 19.603, 0.409095, 0.4, 0.000383863, 0.905371, 0.883264, 0.914558, 0.897056
4.67188, 19.6099, 0.409184, 0.4, 0.000382778, 0.90537, 0.883266, 0.914562, 0.89706
4.67288, 19.6168, 0.409272, 0.4, 0.000381682, 0.905368, 0.883269, 0.914566, 0.897063
4.67388, 19.6237, 0.40936, 0.4, 0.000380575, 0.905367, 0.883271, 0.91457, 0.897067
4.67488, 19.6305, 0.409447, 0.4, 0.000379459, 0.905365, 0.883273, 0.914574, 0.89707
4.67588, 19.6373, 0.409534, 0.4, 0.000378333, 0.905364, 0.883276, 0.914578, 0.897074
4.67688, 19.6441, 0.409621, 0.4, 0.000377196, 0.905362, 0.883278, 0.914582, 0.897077
4.67788, 19.6509, 0.409707, 0.4, 0.000376049, 0.905361, 0.88328, 0.914586, 0.897081
4.67888, 19.6576, 0.409793, 0.4, 0.000374893, 0.905359, 0.883282, 0.91459, 0.897084
4.67988, 19.6644, 0.409879, 0.4, 0.000373726, 0.905358, 0.883285, 0.914593, 0.897087
4.68088, 19.6711, 0.409964, 0.4, 0.00037255, 0.905356, 0.883287, 0.914597, 0.897091
4.68188, 19.6778, 0.410048, 0.4, 0.000371363, 0.905354, 0.883289, 0.914601, 0.897094
4.68288, 19.6845, 0.410132, 0.4, 0.000370167, 0.905353, 0.883292, 0.914605, 0.897097
4.68388, 19.6911, 0.410216, 0.4, 0.000368961, 0.905352, 0.883294, 0.914608, 0.897101
4.68488, 19.6978, 0.410299, 0.4, 0.000367746, 0.90535, 0.883296, 0.914612, 0.897104
4.68588, 19.7044, 0.410382, 0.4, 0.000366521, 0.905349, 0.883298, 0.914616, 0.897107
4.68688, 19.711, 0.410464, 0.4, 0.000365286, 0.905347, 0.8833, 0.914619, 0.89711
4.68788, 19.7175, 0.410546, 0.4, 0.000364042, 0.905346, 0.883303, 0.914623, 0.897114
4.68888, 19.7241, 0.410628, 0.4, 0.000362788, 0.905344, 0.883305, 0.914627, 0.897117
4.68988, 19.7306, 0.410709, 0.4, 0.000361525, 0.905343, 0.883307, 0.91463, 0.89712
4.69088, 19.7371, 0.410789, 0.4, 0.000360252, 0.905341, 0.883309, 0.914634, 0.897123
4.69188, 19.7435, 0.410869, 0.4, 0.00035897, 0.90534, 0.883311, 0.914637, 0.897126
4.69288, 19.75, 0.410949, 0.4, 0.000357679, 0.905338, 0.883313, 0.914641, 0.897129
4.69388, 19.7564, 0.411028, 0.4, 0.000356378, 0.905337, 0.883315, 0.914644, 0.897132
4.69488, 19.7628, 0.411107, 0.4, 0.000355069, 0.905336, 0.883317, 0.914648, 0.897135
4.69588, 19.7692, 0.411185, 0.4, 0.00035375, 0.905334, 0.883319, 0.914651, 0.897138
4.69688, 19.7756, 0.411263, 0.4, 0.000352422, 0.905333, 0.883321, 0.914655, 0.897141
4.69788, 19.7819, 0.41134, 0.4, 0.000351086, 0.905331, 0.883323, 0.914658, 0.897144
4.69887, 19.7882, 0.411417, 0.4, 0.00034974, 0.90533, 0.883325, 0.914661, 0.897147
4.69987, 19.7945, 0.411494, 0.4, 0.000348385, 0.905328, 0.883327, 0.914665, 0.89715
4.70087, 19.8007, 0.411569, 0.4, 0.000347022, 0.905327, 0.883329, 0.914668, 0.897153
4.70187, 19.807, 0.411645, 0.4, 0.00034565, 0.905325, 0.883331, 0.914671, 0.897156
4.70287, 19.8132, 0.41172, 0.4, 0.000344269, 0.905324, 0.883333, 0.914675, 0.897159
4.70387, 19.8194, 0.411794, 0.4, 0.000342879, 0.905323, 0.883335, 0.914678, 0.897162
4.70487, 19.8255, 0.411868, 0.4, 0.000341481, 0.905321, 0.883337, 0.914681, 0.897165
4.70587, 19.8317, 0.411942, 0.4, 0.000340074, 0.90532, 0.883338, 0.914684, 0.897168
4.70687, 19.8378, 0.412015, 0.4, 0.000338659, 0.905318, 0.88334, 0.914688, 0.89717
4.70787, 19.8439, 0.412087, 0.4, 0.000337236, 0.905317, 0.883342, 0.914691, 0.897173
4.70887, 19.8499, 0.41216, 0.4, 0.000335804, 0.905315, 0.883344, 0.914694, 0.897176
4.70987, 19.8559, 0.412231, 0.4, 0.000334363, 0.905314, 0.883346, 0.914697, 0.897179
4.71087, 19.862, 0.412302, 0.4, 0.000332914, 0.905313, 0.883348, 0.9147, 0.897181
4.71187, 19.8679, 0.412373, 0.4, 0.000331458, 0.905311, 0.883349, 0.914703, 0.897184
4.71287, 19.8739, 0.412443, 0.4, 0.000329993, 0.90531, 0.883351, 0.914706, 0.897187
4.71387, 19.8798, 0.412512, 0.4, 0.00032852, 0.905308, 0.883353, 0.914709, 0.897189
4.71487, 19.8857, 0.412582, 0.4, 0.000327038, 0.905307, 0.883354, 0.914712, 0.897192
4.71587, 19.8916, 0.41265, 0.4, 0.000325549, 0.905306, 0.883356, 0.914715, 0.897194
4.71687, 19.8974, 0.412719, 0.4, 0.000324052, 0.905304, 0.883358, 0.914718, 0.897197
4.71787, 19.9032, 0.412786, 0.4, 0.000322548, 0.905303, 0.883359, 0.914721, 0.897199
4.71887, 19.909, 0.412853, 0.4, 0.000321035, 0.905301, 0.883361, 0.914724, 0.897202
4.71987, 19.9148, 0.41292, 0.4, 0.000319514, 0.9053, 0.883363, 0.914727, 0.897204
4.72087, 19.9205, 0.412986, 0.4, 0.000317986, 0.905299, 0.883364, 0.914729, 0.897207
4.72187, 19.9263, 0.413051, 0.4, 0.000316451, 0.905297, 0.883366, 0.914732, 0.897209
4.72287, 19.9319, 0.413117, 0.4, 0.000314907, 0.905296, 0.883367, 0.914735, 0.897212
4.72387, 19.9376, 0.413181, 0.4, 0.000313357, 0.905294, 0.883369, 0.914738, 0.897214
4.72487, 19.9432, 0.413245, 0.4, 0.000311798, 0.905293, 0.88337, 0.914741, 0.897216
4.72587, 19.9488, 0.413309, 0.4, 0.000310233, 0.905292, 0.883372, 0.914743, 0.897219
4.72687, 19.9544, 0.413372, 0.4, 0.00030866, 0.90529, 0.883373, 0.914746, 0.897221
4.72787, 19.9599, 0.413434, 0.4, 0.00030708, 0.905289, 0.883375, 0.914748, 0.897223
4.72887, 19.9654, 0.413496, 0.4, 0.000305492, 0.905288, 0.883376, 0.914751, 0.897226
4.72987, 19.9709, 0.413558, 0.4, 0.000303898, 0.905286, 0.883378, 0.914754, 0.897228
4.73087, 19.9764, 0.413619, 0.4, 0.000302296, 0.905285, 0.883379, 0.914756, 0.89723
4.73187, 19.9818, 0.413679, 0.4, 0.000300687, 0.905283, 0.88338, 0.914759, 0.897232
4.73287, 19.9872, 0.413739, 0.4, 0.000299072, 0.905282, 0.883382, 0.914761, 0.897234
4.73387, 19.9926, 0.413799, 0.4, 0.000297449, 0.905281, 0.883383, 0.914764, 0.897237
4.73487, 19.9979, 0.413858, 0.4, 0.00029582, 0.905279, 0.883384, 0.914766, 0.897239
4.73587, 20.0032, 0.413916, 0.4, 0.000294184, 0.905278, 0.883386, 0.914769, 0.897241
4.73687, 20.0085, 0.413974, 0.4, 0.000292541, 0.905276, 0.883387, 0.914771, 0.897243
4.73787, 20.0138, 0.414031, 0.4, 0.000290892, 0.905275, 0.883388, 0.914773, 0.897245
4.73887, 20.019, 0.414088, 0.4, 0.000289236, 0.905274, 0.88339, 0.914776, 0.897247
4.73987, 20.0242, 0.414144, 0.4, 0.000287573, 0.905272, 0.883391, 0.914778, 0.897249
4.74087, 20.0293, 0.4142, 0.4, 0.000285904, 0.905271, 0.883392, 0.91478, 0.897251
4.74187, 20.0345, 0.414255, 0.4, 0.000284229, 0.90527, 0.883393, 0.914783, 0.897253
4.74287, 20.0396, 0.41431, 0.4, 0.000282547, 0.905268, 0.883394, 0.914785, 0.897255
4.74387, 20.0446, 0.414364, 0.4, 0.000280859, 0.905267, 0.883396, 0.914787, 0.897256
4.74487, 20.0497, 0.414417, 0.4, 0.000279165, 0.905266, 0.883397, 0.914789, 0.897258
4.74587, 20.0547, 0.41447, 0.4, 0.000277464, 0.905264, 0.883398, 0.914791, 0.89726
4.74687, 20.0597, 0.414523, 0.4, 0.000275758, 0.905263, 0.883399, 0.914794, 0.897262
4.74787, 20.0646, 0.414575, 0.4, 0.000274045, 0.905262, 0.8834, 0.914796, 0.897264
4.74887, 20.0695, 0.414626, 0.4, 0.000272327, 0.90526, 0.883401, 0.914798, 0.897265
4.74987, 20.0744, 0.414677, 0.4, 0.000270603, 0.905259, 0.883402, 0.9148, 0.897267
4.75087, 20.0793, 0.414727, 0.4, 0.000268872, 0.905257, 0.883403, 0.914802, 0.897269
4.75187, 20.0841, 0.414777, 0.4, 0.000267136, 0.905256, 0.883404, 0.914804, 0.897271
4.75287, 20.0889, 0.414826, 0.4, 0.000265395, 0.905255, 0.883405, 0.914806, 0.897272
4.75387, 20.0937, 0.414875, 0.4, 0.000263647, 0.905253, 0.883406, 0.914808, 0.897274
4.75487, 20.0984, 0.414923, 0.4, 0.000261895, 0.905252, 0.883407, 0.91481, 0.897276
4.75587, 20.1031, 0.414971, 0.4, 0.000260136, 0.905251, 0.883408, 0.914812, 0.897277
4.75687, 20.1077, 0.415018, 0.4, 0.000258372, 0.905249, 0.883409, 0.914813, 0.897279
4.75787, 20.1124, 0.415064, 0.4, 0.000256603, 0.905248, 0.88341, 0.914815, 0.89728
4.75887, 20.117, 0.41511, 0.4, 0.000254829, 0.905247, 0.883411, 0.914817, 0.897282
4.75987, 20.1216, 0.415156, 0.4, 0.000253049, 0.905245, 0.883411, 0.914819, 0.897283
4.76087, 20.1261, 0.415201, 0.4, 0.000251264, 0.905244, 0.883412, 0.91482, 0.897285
4.76187, 20.1306, 0.415245, 0.4, 0.000249474, 0.905243, 0.883413, 0.914822, 0.897286
4.76287, 20.1351, 0.415289, 0.4, 0.000247679, 0.905241, 0.883414, 0.914824, 0.897287
4.76387, 20.1395, 0.415332, 0.4, 0.000245879, 0.90524, 0.883415, 0.914825, 0.897289
4.76487, 20.1439, 0.415374, 0.4, 0.000244074, 0.905239, 0.883415, 0.914827, 0.89729
4.76587, 20.1483, 0.415416, 0.4, 0.000242264, 0.905237, 0.883416, 0.914829, 0.897291
4.76687, 20.1526, 0.415458, 0.4, 0.000240449, 0.905236, 0.883416, 0.91483, 0.897292
4.76787, 20.157, 0.415499, 0.4, 0.00023863, 0.905235, 0.883417, 0.914832, 0.897294
4.76887, 20.1612, 0.415539, 0.4, 0.000236805, 0.905233, 0.883418, 0.914833, 0.897295
4.76987, 20.1655, 0.415579, 0.4, 0.000234977, 0.905232, 0.883418, 0.914835, 0.897296
4.77087, 20.1697, 0.415618, 0.4, 0.000233143, 0.905231, 0.883419, 0.914836, 0.897297
4.77187, 20.1739, 0.415657, 0.4, 0.000231306, 0.905229, 0.88342, 0.914838, 0.897299
4.77287, 20.178, 0.415695, 0.4, 0.000229464, 0.905228, 0.88342, 0.914839, 0.8973
4.77387, 20.1821, 0.415733, 0.4, 0.000227617, 0.905227, 0.883421, 0.91484, 0.897301
4.77487, 20.1862, 0.41577, 0.4, 0.000225766, 0.905225, 0.883421, 0.914842, 0.897302
4.77587, 20.1903, 0.415807, 0.4, 0.000223912, 0.905224, 0.883422, 0.914843, 0.897303
4.77687, 20.1943, 0.415842, 0.4, 0.000222052, 0.905223, 0.883422, 0.914844, 0.897304
4.77787, 20.1983, 0.415878, 0.4, 0.000220189, 0.905221, 0.883423, 0.914846, 0.897305
4.77887, 20.2022, 0.415913, 0.4, 0.000218322, 0.90522, 0.883423, 0.914847, 0.897306
4.77987, 20.2061, 0.415947, 0.4, 0.000216451, 0.905219, 0.883424, 0.914848, 0.897307
4.78087, 20.21, 0.415981, 0.4, 0.000214576, 0.905217, 0.883424, 0.914849, 0.897308
4.78187, 20.2138, 0.416014, 0.4, 0.000212697, 0.905216, 0.883425, 0.91485, 0.897309
4.78287, 20.2177, 0.416046, 0.4, 0.000210814, 0.905215, 0.883425, 0.914851, 0.89731
4.78387, 20.2214, 0.416078, 0.4, 0.000208928, 0.905214, 0.883425, 0.914852, 0.89731
4.78487, 20.2252, 0.41611, 0.4, 0.000207038, 0.905212, 0.883426, 0.914853, 0.897311
4.78587, 20.2289, 0.416141, 0.4, 0.000205145, 0.905211, 0.883426, 0.914855, 0.897312
4.78687, 20.2326, 0.416171, 0.4, 0.000203248, 0.905209, 0.883426, 0.914856, 0.897313
4.78787, 20.2362, 0.416201, 0.4, 0.000201348, 0.905208, 0.883426, 0.914856, 0.897313
4.78887, 20.2398, 0.41623, 0.4, 0.000199444, 0.905207, 0.883427, 0.914857, 0.897314
4.78987, 20.2434, 0.416259, 0.4, 0.000197537, 0.905206, 0.883427, 0.914858, 0.897315
4.79087, 20.2469, 0.416286, 0.4, 0.000195627, 0.905204, 0.883427, 0.914859, 0.897315
4.79187, 20.2504, 0.416314, 0.4, 0.000193713, 0.905203, 0.883427, 0.91486, 0.897316
4.79287, 20.2539, 0.416341, 0.4, 0.000191797, 0.905202, 0.883427, 0.914861, 0.897317
4.79387, 20.2573, 0.416367, 0.4, 0.000189877, 0.9052, 0.883428, 0.914862, 0.897317
4.79487, 20.2607, 0.416393, 0.4, 0.000187955, 0.905199, 0.883428, 0.914862, 0.897318
4.79587, 20.2641, 0.416418, 0.4, 0.00018603, 0.905198, 0.883428, 0.914863, 0.897318
4.79687, 20.2674, 0.416443, 0.4, 0.000184102, 0.905196, 0.883428, 0.914864, 0.897319
4.79787, 20.2707, 0.416467, 0.4, 0.000182171, 0.905195, 0.883428, 0.914865, 0.897319
4.79887, 20.274, 0.416491, 0.4, 0.000180237, 0.905194, 0.883428, 0.914865, 0.89732
4.79987, 20.2772, 0.416514, 0.4, 0.000178301, 0.905192, 0.883428, 0.914866, 0.89732
4.80087, 20.2804, 0.416536, 0.4, 0.000176362, 0.905191, 0.883428, 0.914866, 0.89732
4.80187, 20.2836, 0.416558, 0.4, 0.000174421, 0.90519, 0.883428, 0.914867, 0.897321
4.80287, 20.2867, 0.416579, 0.4, 0.000172477, 0.905189, 0.883428, 0.914867, 0.897321
4.80387, 20.2898, 0.4166, 0.4, 0.000170531, 0.905187, 0.883428, 0.914868, 0.897321
4.80487, 20.2928, 0.41662, 0.4, 0.000168583, 0.905186, 0.883428, 0.914868, 0.897322
4.80587, 20.2958, 0.416639, 0.4, 0.000166632, 0.905185, 0.883428, 0.914869, 0.897322
4.80687, 20.2988, 0.416658, 0.4, 0.000164679, 0.905183, 0.883428, 0.914869, 0.897322
4.80787, 20.3018, 0.416677, 0.4, 0.000162725, 0.905182, 0.883427, 0.91487, 0.897322
4.80887, 20.3047, 0.416695, 0.4, 0.000160768, 0.905181, 0.883427, 0.91487, 0.897322
4.80987, 20.3076, 0.416712, 0.4, 0.000158809, 0.905179, 0.883427, 0.91487, 0.897322
4.81087, 20.3104, 0.416729, 0.4, 0.000156848, 0.905178, 0.883427, 0.914871, 0.897323
4.81187, 20.3132, 0.416745, 0.4, 0.000154886, 0.905177, 0.883427, 0.914871, 0.897323
4.81287, 20.316, 0.416761, 0.4, 0.000152921, 0.905176, 0.883426, 0.914871, 0.897323
4.81387, 20.3187, 0.416776, 0.4, 0.000150955, 0.905174, 0.883426, 0.914871, 0.897323
4.81487, 20.3214, 0.41679, 0.4, 0.000148988, 0.905173, 0.883426, 0.914872, 0.897323
4.81587, 20.3241, 0.416804, 0.4, 0.000147018, 0.905171, 0.883425, 0.914872, 0.897323
4.81687, 20.3267, 0.416817, 0.4, 0.000145048, 0.90517, 0.883425, 0.914872, 0.897323
4.81787, 20.3293, 0.41683, 0.4, 0.000143075, 0.905169, 0.883425, 0.914872, 0.897323
4.81887, 20.3319, 0.416842, 0.4, 0.000141102, 0.905168, 0.883424, 0.914872, 0.897322
4.81987, 20.3344, 0.416854, 0.4, 0.000139127, 0.905166, 0.883424, 0.914872, 0.897322
4.82087, 20.3369, 0.416865, 0.4, 0.000137151, 0.905165, 0.883424, 0.914872, 0.897322
4.82187, 20.3393, 0.416876, 0.4, 0.000135174, 0.905164, 0.883423, 0.914872, 0.897322
4.82287, 20.3417, 0.416886, 0.4, 0.000133195, 0.905162, 0.883423, 0.914872, 0.897322
4.82387, 20.3441, 0.416896, 0.4, 0.000131216, 0.905161, 0.883422, 0.914872, 0.897321
4.82487, 20.3465, 0.416904, 0.4, 0.000129236, 0.90516, 0.883422, 0.914872, 0.897321
4.82587, 20.3488, 0.416913, 0.4, 0.000127254, 0.905158, 0.883421, 0.914872, 0.897321
4.82687, 20.351, 0.41692, 0.4, 0.000125272, 0.905157, 0.883421, 0.914871, 0.897321
4.82787, 20.3533, 0.416928, 0.4, 0.000123289, 0.905156, 0.88342, 0.914871, 0.89732
4.82887, 20.3555, 0.416934, 0.4, 0.000121306, 0.905154, 0.883419, 0.914871, 0.89732
4.82987, 20.3576, 0.41694, 0.4, 0.000119321, 0.905153, 0.883419, 0.914871, 0.897319
4.83087, 20.3598, 0.416946, 0.4, 0.000117336, 0.905152, 0.883418, 0.914871, 0.897319
4.83187, 20.3619, 0.416951, 0.4, 0.000115351, 0.905151, 0.883418, 0.91487, 0.897318
4.83287, 20.3639, 0.416955, 0.4, 0.000113365, 0.905149, 0.883417, 0.91487, 0.897318
4.83387, 20.3659, 0.416959, 0.4, 0.000111379, 0.905148, 0.883416, 0.914869, 0.897317
4.83487, 20.3679, 0.416962, 0.4, 0.000109392, 0.905147, 0.883415, 0.914869, 0.897317
4.83587, 20.3699, 0.416965, 0.4, 0.000107406, 0.905145, 0.883415, 0.914869, 0.897316
4.83686, 20.3718, 0.416967, 0.4, 0.000105419, 0.905144, 0.883414, 0.914868, 0.897316
4.83786, 20.3737, 0.416968, 0.4, 0.000103432, 0.905143, 0.883413, 0.914868, 0.897315
4.83886, 20.3755, 0.416969, 0.4, 0.000101444, 0.905141, 0.883412, 0.914867, 0.897314
4.83986, 20.3773, 0.41697, 0.4, 9.94573e-05, 0.90514, 0.883412, 0.914867, 0.897314
4.84086, 20.3791, 0.41697, 0.4, 9.74702e-05, 0.905139, 0.883411, 0.914866, 0.897313
4.84186, 20.3808, 0.416969, 0.4, 9.54833e-05, 0.905137, 0.88341, 0.914865, 0.897312
4.84286, 20.3825, 0.416968, 0.4, 9.34966e-05, 0.905136, 0.883409, 0.914865, 0.897312
4.84386, 20.3842, 0.416966, 0.4, 9.15101e-05, 0.905135, 0.883408, 0.914864, 0.897311
4.84486, 20.3858, 0.416964, 0.4, 8.95239e-05, 0.905133, 0.883407, 0.914863, 0.89731
4.84586, 20.3874, 0.416961, 0.4, 8.75382e-05, 0.905132, 0.883406, 0.914863, 0.897309
4.84686, 20.389, 0.416958, 0.4, 8.55529e-05, 0.905131, 0.883405, 0.914862, 0.897308
4.84786, 20.3905, 0.416954, 0.4, 8.35681e-05, 0.905129, 0.883404, 0.914861, 0.897307
4.84886, 20.392, 0.416949, 0.4, 8.15839e-05, 0.905128, 0.883403, 0.91486, 0.897306
4.84986, 20.3934, 0.416944, 0.4, 7.96004e-05, 0.905127, 0.883402, 0.91486, 0.897305
4.85086, 20.3949, 0.416939, 0.4, 7.76175e-05, 0.905125, 0.883401, 0.914859, 0.897304
4.85186, 20.3962, 0.416933, 0.4, 7.56354e-05, 0.905124, 0.8834, 0.914858, 0.897303
4.85286, 20.3976, 0.416926, 0.4, 7.36542e-05, 0.905123, 0.883399, 0.914857, 0.897302
4.85386, 20.3989, 0.416919, 0.4, 7.16738e-05, 0.905122, 0.883398, 0.914856, 0.897301
4.85486, 20.4002, 0.416911, 0.4, 6.96945e-05, 0.90512, 0.883397, 0.914855, 0.8973
4.85586, 20.4014, 0.416903, 0.4, 6.77161e-05, 0.905119, 0.883395, 0.914854, 0.897299
4.85686, 20.4026, 0.416894, 0.4, 6.57389e-05, 0.905117, 0.883394, 0.914853, 0.897298
4.85786, 20.4038, 0.416885, 0.4, 6.37628e-05, 0.905116, 0.883393, 0.914852, 0.897297
4.85886, 20.4049, 0.416875, 0.4, 6.17878e-05, 0.905115, 0.883392, 0.914851, 0.897296
4.85986, 20.406, 0.416865, 0.4, 5.98142e-05, 0.905113, 0.88339, 0.91485, 0.897294
4.86086, 20.407, 0.416854, 0.4, 5.78418e-05, 0.905112, 0.883389, 0.914848, 0.897293
4.86186, 20.4081, 0.416842, 0.4, 5.58709e-05, 0.905111, 0.883388, 0.914847, 0.897292
4.86286, 20.4091, 0.41683, 0.4, 5.39014e-05, 0.905109, 0.883387, 0.914846, 0.89729
4.86386, 20.41, 0.416818, 0.4, 5.19335e-05, 0.905108, 0.883385, 0.914845, 0.897289
4.86486, 20.4109, 0.416805, 0.4, 4.99671e-05, 0.905107, 0.883384, 0.914844, 0.897288
4.86586, 20.4118, 0.416791, 0.4, 4.80024e-05, 0.905105, 0.883383, 0.914842, 0.897286
4.86686, 20.4127, 0.416777, 0.4, 4.60394e-05, 0.905104, 0.883381, 0.914841, 0.897285
4.86786, 20.4135, 0.416763, 0.4, 4.40782e-05, 0.905103, 0.88338, 0.91484, 0.897284
4.86886, 20.4142, 0.416747, 0.4, 4.21188e-05, 0.905101, 0.883378, 0.914838, 0.897282
4.86986, 20.415, 0.416732, 0.4, 4.01613e-05, 0.9051, 0.883377, 0.914837, 0.897281
4.87086, 20.4157, 0.416715, 0.4, 3.82058e-05, 0.905098, 0.883375, 0.914835, 0.897279
4.87186, 20.4164, 0.416699, 0.4, 3.62522e-05, 0.905097, 0.883374, 0.914834, 0.897278
4.87286, 20.417, 0.416681, 0.4, 3.43008e-05, 0.905096, 0.883372, 0.914832, 0.897276
4.87386, 20.4176, 0.416664, 0.4, 3.23515e-05, 0.905094, 0.883371, 0.914831, 0.897274
4.87486, 20.4182, 0.416646, 0.4, 3.04044e-05, 0.905093, 0.883369, 0.914829, 0.897273
4.87586, 20.4187, 0.416627, 0.4, 2.84595e-05, 0.905091, 0.883368, 0.914828, 0.897271
4.87686, 20.4192, 0.416607, 0.4, 2.65169e-05, 0.90509, 0.883366, 0.914826, 0.897269
4.87786, 20.4196, 0.416588, 0.4, 2.45768e-05, 0.905089, 0.883364, 0.914825, 0.897268
4.87886, 20.4201, 0.416567, 0.4, 2.2639e-05, 0.905087, 0.883363, 0.914823, 0.897266
4.87986, 20.4205, 0.416546, 0.4, 2.07038e-05, 0.905086, 0.883361, 0.914821, 0.897264
4.88086, 20.4208, 0.416525, 0.4, 1.87711e-05, 0.905085, 0.883359, 0.91482, 0.897263
4.88186, 20.4211, 0.416503, 0.4, 1.6841e-05, 0.905083, 0.883358, 0.914818, 0.897261
4.88286, 20.4214, 0.416481, 0.4, 1.49136e-05, 0.905082, 0.883356, 0.914816, 0.897259
4.88386, 20.4217, 0.416458, 0.4, 1.2989e-05, 0.90508, 0.883354, 0.914814, 0.897257
4.88486, 20.4219, 0.416434, 0.4, 1.10671e-05, 0.905079, 0.883353, 0.914813, 0.897255
4.88586, 20.4221, 0.41641, 0.4, 9.1481e-06, 0.905078, 0.883351, 0.914811, 0.897253
4.88686, 20.4222, 0.416386, 0.4, 7.23202e-06, 0.905076, 0.883349, 0.914809, 0.897251
4.88786, 20.4223, 0.416361, 0.4, 5.31887e-06, 0.905075, 0.883347, 0.914807, 0.897249
4.88886, 20.4224, 0.416336, 0.4, 3.40878e-06, 0.905073, 0.883345, 0.914805, 0.897247
4.88986, 20.4225, 0.41631, 0.4, 1.50176e-06, 0.905072, 0.883343, 0.914803, 0.897245
4.89086, 20.4225, 0.416284, 0.4, -4.02126e-07, 0.905071, 0.883342, 0.914801, 0.897243
4.89186, 20.4224, 0.416257, 0.4, -2.30279e-06, 0.905069, 0.88334, 0.914799, 0.897241
4.89286, 20.4224, 0.416229, 0.4, -4.20023e-06, 0.905068, 0.883338, 0.914797, 0.897239
4.89386, 20.4223, 0.416201, 0.4, -6.09434e-06, 0.905066, 0.883336, 0.914795, 0.897237
4.89486, 20.4222, 0.416173, 0.4, -7.98504e-06, 0.905065, 0.883334, 0.914793, 0.897235
4.89586, 20.422, 0.416144, 0.4, -9.87234e-06, 0.905063, 0.883332, 0.914791, 0.897233
4.89686, 20.4218, 0.416115, 0.4, -1.17561e-05, 0.905062, 0.88333, 0.914789, 0.897231
4.89786, 20.4216, 0.416085, 0.4, -1.36364e-05, 0.905061, 0.883328, 0.914787, 0.897228
4.89886, 20.4213, 0.416055, 0.4, -1.55131e-05, 0.905059, 0.883326, 0.914784, 0.897226
4.89986, 20.421, 0.416024, 0.4, -1.73861e-05, 0.905058, 0.883324, 0.914782, 0.897224
4.90086, 20.4207, 0.415993, 0.4, -1.92554e-05, 0.905056, 0.883322, 0.91478, 0.897222
4.90186, 20.4203, 0.415961, 0.4, -2.11209e-05, 0.905055, 0.883319, 0.914778, 0.897219
4.90286, 20.4199, 0.415929, 0.4, -2.29826e-05, 0.905053, 0.883317, 0.914775, 0.897217
4.90386, 20.4195, 0.415896, 0.4, -2.48404e-05, 0.905052, 0.883315, 0.914773, 0.897215
4.90486, 20.419, 0.415863, 0.4, -2.66943e-05, 0.905051, 0.883313, 0.914771, 0.897212
4.90586, 20.4185, 0.415829, 0.4, -2.85442e-05, 0.905049, 0.883311, 0.914768, 0.89721
4.90686, 20.418, 0.415795, 0.4, -3.039e-05, 0.905048, 0.883309, 0.914766, 0.897207
4.90786, 20.4174, 0.415761, 0.4, -3.22318e-05, 0.905046, 0.883306, 0.914763, 0.897205
4.90886, 20.4168, 0.415725, 0.4, -3.40694e-05, 0.905045, 0.883304, 0.914761, 0.897202
4.90986, 20.4162, 0.41569, 0.4, -3.59028e-05, 0.905043, 0.883302, 0.914759, 0.8972
4.91086, 20.4156, 0.415654, 0.4, -3.77319e-05, 0.905042, 0.8833, 0.914756, 0.897197
4.91186, 20.4149, 0.415617, 0.4, -3.95567e-05, 0.90504, 0.883297, 0.914753, 0.897195
4.91286, 20.4141, 0.41558, 0.4, -4.13772e-05, 0.905039, 0.883295, 0.914751, 0.897192
4.91386, 20.4134, 0.415543, 0.4, -4.31932e-05, 0.905037, 0.883293, 0.914748, 0.89719
4.91486, 20.4126, 0.415505, 0.4, -4.50047e-05, 0.905036, 0.88329, 0.914746, 0.897187
4.91586, 20.4118, 0.415467, 0.4, -4.68118e-05, 0.905034, 0.883288, 0.914743, 0.897184
4.91686, 20.4109, 0.415428, 0.4, -4.86142e-05, 0.905033, 0.883285, 0.914741, 0.897182
4.91786, 20.41, 0.415389, 0.4, -5.0412e-05, 0.905031, 0.883283, 0.914738, 0.897179
4.91886, 20.4091, 0.41535, 0.4, -5.22051e-05, 0.90503, 0.883281, 0.914735, 0.897176
4.91986, 20.4081, 0.415309, 0.4, -5.39935e-05, 0.905028, 0.883278, 0.914732, 0.897173
4.92086, 20.4071, 0.415269, 0.4, -5.5777e-05, 0.905027, 0.883276, 0.91473, 0.897171
4.92186, 20.4061, 0.415228, 0.4, -5.75558e-05, 0.905025, 0.883273, 0.914727, 0.897168
4.92286, 20.4051, 0.415187, 0.4, -5.93296e-05, 0.905024, 0.883271, 0.914724, 0.897165
4.92386, 20.404, 0.415145, 0.4, -6.10985e-05, 0.905022, 0.883268, 0.914721, 0.897162
4.92486, 20.4029, 0.415103, 0.4, -6.28624e-05, 0.905021, 0.883266, 0.914718, 0.897159
4.92586, 20.4017, 0.41506, 0.4, -6.46213e-05, 0.905019, 0.883263, 0.914715, 0.897157
4.92686, 20.4005, 0.415017, 0.4, -6.6375e-05, 0.905017, 0.88326, 0.914713, 0.897153
4.92786, 20.3993, 0.414973, 0.4, -6.81237e-05, 0.905016, 0.883258, 0.91471, 0.897151
4.92886, 20.3981, 0.414929, 0.4, -6.98671e-05, 0.905014, 0.883255, 0.914707, 0.897147
4.92986, 20.3968, 0.414884, 0.4, -7.16052e-05, 0.905013, 0.883252, 0.914704, 0.897144
4.93086, 20.3955, 0.414839, 0.4, -7.33381e-05, 0.905011, 0.883249, 0.914701, 0.897141
4.93186, 20.3942, 0.414794, 0.4, -7.50656e-05, 0.90501, 0.883247, 0.914697, 0.897138
4.93286, 20.3928, 0.414749, 0.4, -7.67876e-05, 0.905008, 0.883244, 0.914694, 0.897135
4.93386, 20.3914, 0.414702, 0.4, -7.85043e-05, 0.905006, 0.883241, 0.914691, 0.897132
4.93486, 20.39, 0.414656, 0.4, -8.02155e-05, 0.905005, 0.883239, 0.914688, 0.897129
4.93586, 20.3885, 0.414609, 0.4, -8.19211e-05, 0.905003, 0.883236, 0.914685, 0.897126
4.93686, 20.387, 0.414561, 0.4, -8.36211e-05, 0.905002, 0.883233, 0.914682, 0.897123
4.93786, 20.3855, 0.414514, 0.4, -8.53155e-05, 0.905, 0.88323, 0.914679, 0.89712
4.93886, 20.384, 0.414466, 0.4, -8.70042e-05, 0.904999, 0.883227, 0.914676, 0.897117
4.93986, 20.3824, 0.414417, 0.4, -8.86872e-05, 0.904997, 0.883224, 0.914672, 0.897113
4.94086, 20.3808, 0.414368, 0.4, -9.03644e-05, 0.904995, 0.883222, 0.914669, 0.89711
4.94186, 20.3791, 0.414318, 0.4, -9.20357e-05, 0.904994, 0.883219, 0.914666, 0.897107
4.94286, 20.3775, 0.414269, 0.4, -9.37012e-05, 0.904992, 0.883216, 0.914663, 0.897103
4.94386, 20.3757, 0.414218, 0.4, -9.53608e-05, 0.90499, 0.883213, 0.914659, 0.8971
4.94486, 20.374, 0.414168, 0.4, -9.70144e-05, 0.904989, 0.88321, 0.914656, 0.897097
4.94586, 20.3723, 0.414117, 0.4, -9.8662e-05, 0.904987, 0.883207, 0.914653, 0.897093
4.94686, 20.3705, 0.414065, 0.4, -0.000100303, 0.904986, 0.883204, 0.914649, 0.89709
4.94786, 20.3686, 0.414014, 0.4, -0.000101939, 0.904984, 0.883201, 0.914646, 0.897087
4.94886, 20.3668, 0.413961, 0.4, -0.000103568, 0.904982, 0.883198, 0.914643, 0.897083
4.94986, 20.3649, 0.413909, 0.4, -0.000105191, 0.904981, 0.883195, 0.914639, 0.89708
4.95086, 20.363, 0.413856, 0.4, -0.000106808, 0.904979, 0.883192, 0.914636, 0.897076
4.95186, 20.3611, 0.413803, 0.4, -0.000108419, 0.904977, 0.883189, 0.914632, 0.897073
4.95286, 20.3591, 0.413749, 0.4, -0.000110023, 0.904976, 0.883186, 0.914629, 0.897069
4.95386, 20.3571, 0.413695, 0.4, -0.000111621, 0.904974, 0.883183, 0.914625, 0.897066
4.95486, 20.3551, 0.41364, 0.4, -0.000113212, 0.904972, 0.88318, 0.914622, 0.897062
4.95586, 20.353, 0.413586, 0.4, -0.000114797, 0.904971, 0.883177, 0.914618, 0.897059
4.95686, 20.351, 0.413531, 0.4, -0.000116376, 0.904969, 0.883173, 0.914614, 0.897055
4.95786, 20.3488, 0.413475, 0.4, -0.000117948, 0.904967, 0.88317, 0.914611, 0.897052
4.95886, 20.3467, 0.413419, 0.4, -0.000119513, 0.904965, 0.883167, 0.914607, 0.897048
4.95986, 20.3445, 0.413363, 0.4, -0.000121072, 0.904964, 0.883164, 0.914603, 0.897044
4.96086, 20.3424, 0.413306, 0.4, -0.000122624, 0.904962, 0.883161, 0.9146, 0.897041
4.96186, 20.3401, 0.413249, 0.4, -0.000124169, 0.90496, 0.883157, 0.914596, 0.897037
4.96286, 20.3379, 0.413192, 0.4, -0.000125708, 0.904959, 0.883154, 0.914592, 0.897033
4.96386, 20.3356, 0.413134, 0.4, -0.00012724, 0.904957, 0.883151, 0.914589, 0.89703
4.96486, 20.3333, 0.413076, 0.4, -0.000128765, 0.904955, 0.883148, 0.914585, 0.897026
4.96586, 20.331, 0.413018, 0.4, -0.000130283, 0.904953, 0.883144, 0.914581, 0.897022
4.96686, 20.3286, 0.412959, 0.4, -0.000131794, 0.904952, 0.883141, 0.914577, 0.897018
4.96786, 20.3262, 0.4129, 0.4, -0.000133298, 0.90495, 0.883138, 0.914573, 0.897014
4.96886, 20.3238, 0.41284, 0.4, -0.000134796, 0.904948, 0.883134, 0.91457, 0.897011
4.96986, 20.3214, 0.41278, 0.4, -0.000136286, 0.904946, 0.883131, 0.914566, 0.897007
4.97086, 20.3189, 0.41272, 0.4, -0.000137769, 0.904945, 0.883127, 0.914562, 0.897003
4.97186, 20.3164, 0.41266, 0.4, -0.000139245, 0.904943, 0.883124, 0.914558, 0.896999
4.97286, 20.3139, 0.412599, 0.4, -0.000140714, 0.904941, 0.883121, 0.914554, 0.896995
4.97386, 20.3113, 0.412538, 0.4, -0.000142176, 0.904939, 0.883117, 0.91455, 0.896991
4.97485, 20.3088, 0.412477, 0.4, -0.00014363, 0.904938, 0.883114, 0.914546, 0.896987
4.97585, 20.3062, 0.412415, 0.4, -0.000145077, 0.904936, 0.88311, 0.914542, 0.896983
4.97685, 20.3036, 0.412353, 0.4, -0.000146517, 0.904934, 0.883107, 0.914538, 0.896979
4.97785, 20.3009, 0.412291, 0.4, -0.00014795, 0.904932, 0.883103, 0.914534, 0.896975
4.97885, 20.2982, 0.412228, 0.4, -0.000149375, 0.90493, 0.8831, 0.91453, 0.896971
4.97985, 20.2955, 0.412165, 0.4, -0.000150793, 0.904929, 0.883096, 0.914526, 0.896967
4.98085, 20.2928, 0.412101, 0.4, -0.000152203, 0.904927, 0.883093, 0.914522, 0.896963
4.98185, 20.29, 0.412038, 0.4, -0.000153606, 0.904925, 0.883089, 0.914518, 0.896959
4.98285, 20.2873, 0.411974, 0.4, -0.000155001, 0.904923, 0.883085, 0.914514, 0.896955
4.98385, 20.2845, 0.411909, 0.4, -0.000156389, 0.904921, 0.883082, 0.914509, 0.896951
4.98485, 20.2816, 0.411845, 0.4, -0.000157769, 0.904919, 0.883078, 0.914505, 0.896947
4.98585, 20.2788, 0.41178, 0.4, -0.000159142, 0.904917, 0.883075, 0.914501, 0.896942
4.98685, 20.2759, 0.411715, 0.4, -0.000160507, 0.904916, 0.883071, 0.914497, 0.896938
4.98785, 20.273, 0.411649, 0.4, -0.000161864, 0.904914, 0.883067, 0.914493, 0.896934
4.98885, 20.2701, 0.411584, 0.4, -0.000163213, 0.904912, 0.883064, 0.914488, 0.89693
4.98985, 20.2671, 0.411518, 0.4, -0.000164555, 0.90491, 0.88306, 0.914484, 0.896926
4.99085, 20.2642, 0.411451, 0.4, -0.000165889, 0.904908, 0.883056, 0.91448, 0.896921
4.99185, 20.2612, 0.411384, 0.4, -0.000167215, 0.904906, 0.883053, 0.914476, 0.896917
4.99285, 20.2581, 0.411317, 0.4, -0.000168533, 0.904904, 0.883049, 0.914471, 0.896913
4.99385, 20.2551, 0.41125, 0.4, -0.000169844, 0.904903, 0.883045, 0.914467, 0.896909
4.99485, 20.252, 0.411183, 0.4, -0.000171146, 0.904901, 0.883041, 0.914463, 0.896904
4.99585, 20.2489, 0.411115, 0.4, -0.00017244, 0.904899, 0.883037, 0.914458, 0.8969
4.99685, 20.2458, 0.411047, 0.4, -0.000173727, 0.904897, 0.883034, 0.914454, 0.896896
4.99785, 20.2427, 0.410979, 0.4, -0.000175005, 0.904895, 0.88303, 0.91445, 0.896891
4.99885, 20.2395, 0.41091, 0.4, -0.000176276, 0.904893, 0.883026, 0.914445, 0.896887
4.99985, 20.2363, 0.410842, 0.4, -0.000177538, 0.904891, 0.883022, 0.914441, 0.896882
5.00085, 20.2331, 0.410773, 0.4, -0.000178792, 0.904889, 0.883018, 0.914436, 0.896878
5.00085, 20.2331, 0.410773, 0.4, -0.000178792, 0.904889, 0.883018, 0.914436, 0.896878
5.00585, 20.2106, 0.410288, 0.4, -0.000187539, 0.904875, 0.882991, 0.914405, 0.896847
5.01085, 20.1933, 0.409929, 0.4, -0.000193362, 0.904865, 0.882971, 0.914382, 0.896824
5.01585, 20.1756, 0.409565, 0.4, -0.000199011, 0.904855, 0.882951, 0.914358, 0.896801
5.02085, 20.1575, 0.409196, 0.4, -0.000204444, 0.904845, 0.88293, 0.914335, 0.896777
5.02585, 20.1388, 0.408822, 0.4, -0.00020966, 0.904834, 0.882909, 0.91431, 0.896753
5.03085, 20.1197, 0.408443, 0.4, -0.000214654, 0.904823, 0.882888, 0.914286, 0.896729
5.03585, 20.1002, 0.40806, 0.4, -0.000219424, 0.904812, 0.882866, 0.914261, 0.896704
5.04085, 20.0802, 0.407673, 0.4, -0.000223968, 0.904801, 0.882845, 0.914236, 0.896679
5.04585, 20.0599, 0.407282, 0.4, -0.000228284, 0.90479, 0.882822, 0.91421, 0.896654
5.05085, 20.0391, 0.406888, 0.4, -0.000232369, 0.904778, 0.8828, 0.914185, 0.896628
5.05585, 20.018, 0.406491, 0.4, -0.000236223, 0.904767, 0.882777, 0.914159, 0.896602
5.06085, 19.9966, 0.406091, 0.4, -0.000239843, 0.904755, 0.882755, 0.914133, 0.896576
5.06585, 19.9748, 0.405689, 0.4, -0.000243227, 0.904743, 0.882731, 0.914106, 0.89655
5.07085, 19.9528, 0.405285, 0.4, -0.000246376, 0.904731, 0.882708, 0.91408, 0.896523
5.07585, 19.9305, 0.40488, 0.4, -0.000249287, 0.904718, 0.882685, 0.914053, 0.896496
5.08085, 19.9079, 0.404473, 0.4, -0.00025196, 0.904706, 0.882661, 0.914026, 0.896469
5.08586, 19.8851, 0.404065, 0.4, -0.000254394, 0.904693, 0.882637, 0.913999, 0.896442
5.09086, 19.8621, 0.403657, 0.4, -0.00025659, 0.90468, 0.882613, 0.913971, 0.896415
5.09586, 19.8389, 0.403248, 0.4, -0.000258546, 0.904667, 0.882589, 0.913944, 0.896388
5.10086, 19.8156, 0.40284, 0.4, -0.000260264, 0.904653, 0.882564, 0.913917, 0.89636
5.10586, 19.7921, 0.402432, 0.4, -0.000261742, 0.90464, 0.88254, 0.913889, 0.896333
5.11086, 19.7684, 0.402024, 0.4, -0.000262982, 0.904626, 0.882515, 0.913862, 0.896305
5.11586, 19.7447, 0.401618, 0.4, -0.000263984, 0.904612, 0.882491, 0.913834, 0.896277
5.12086, 19.7209, 0.401213, 0.4, -0.000264748, 0.904598, 0.882466, 0.913806, 0.896249
5.12586, 19.697, 0.40081, 0.4, -0.000265277, 0.904583, 0.882441, 0.913779, 0.896222
5.13086, 19.6731, 0.400409, 0.4, -0.00026557, 0.904569, 0.882416, 0.913751, 0.896194
5.13586, 19.6492, 0.40001, 0.4, -0.00026563, 0.904554, 0.882391, 0.913723, 0.896166
5.14086, 19.6253, 0.399614, 0.4, -0.000265457, 0.90454, 0.882366, 0.913696, 0.896138
5.14586, 19.6014, 0.399221, 0.4, -0.000265054, 0.904525, 0.882341, 0.913668, 0.89611
5.15086, 19.5776, 0.398831, 0.4, -0.000264422, 0.904509, 0.882316, 0.913641, 0.896083
5.15586, 19.5538, 0.398445, 0.4, -0.000263564, 0.904494, 0.882292, 0.913614, 0.896055
5.16086, 19.5302, 0.398062, 0.4, -0.000262481, 0.904479, 0.882267, 0.913586, 0.896028
5.16586, 19.5066, 0.397684, 0.4, -0.000261177, 0.904463, 0.882242, 0.913559, 0.896
5.17086, 19.4831, 0.39731, 0.4, -0.000259653, 0.904447, 0.882217, 0.913533, 0.895973
5.17586, 19.4598, 0.396941, 0.4, -0.000257912, 0.904432, 0.882193, 0.913506, 0.895946
5.18086, 19.4367, 0.396577, 0.4, -0.000255957, 0.904416, 0.882168, 0.913479, 0.895919
5.18586, 19.4137, 0.396218, 0.4, -0.000253791, 0.904399, 0.882144, 0.913453, 0.895892
5.19086, 19.391, 0.395864, 0.4, -0.000251418, 0.904383, 0.882119, 0.913427, 0.895865
5.19586, 19.3685, 0.395516, 0.4, -0.00024884, 0.904367, 0.882095, 0.913401, 0.895839
5.20086, 19.3462, 0.395174, 0.4, -0.000246062, 0.90435, 0.882071, 0.913376, 0.895813
5.20586, 19.3242, 0.394838, 0.4, -0.000243086, 0.904334, 0.882047, 0.91335, 0.895787
5.21086, 19.3024, 0.394509, 0.4, -0.000239916, 0.904317, 0.882023, 0.913325, 0.895761
5.21586, 19.281, 0.394187, 0.4, -0.000236557, 0.9043, 0.882, 0.913301, 0.895736
5.22086, 19.2599, 0.393871, 0.4, -0.000233012, 0.904283, 0.881977, 0.913276, 0.895711
5.22586, 19.239, 0.393562, 0.4, -0.000229286, 0.904266, 0.881954, 0.913252, 0.895686
5.23086, 19.2186, 0.393261, 0.4, -0.000225383, 0.904249, 0.881931, 0.913228, 0.895661
5.23586, 19.1985, 0.392967, 0.4, -0.000221306, 0.904232, 0.881908, 0.913205, 0.895637
5.24086, 19.1787, 0.392681, 0.4, -0.000217061, 0.904215, 0.881886, 0.913182, 0.895613
5.24586, 19.1594, 0.392403, 0.4, -0.000212652, 0.904198, 0.881864, 0.91316, 0.89559
5.25086, 19.1404, 0.392133, 0.4, -0.000208084, 0.90418, 0.881842, 0.913137, 0.895567
5.25586, 19.1219, 0.39187, 0.4, -0.000203362, 0.904163, 0.88182, 0.913116, 0.895544
5.26086, 19.1038, 0.391617, 0.4, -0.000198489, 0.904146, 0.881799, 0.913095, 0.895522
5.26586, 19.0862, 0.391372, 0.4, -0.000193473, 0.904128, 0.881778, 0.913074, 0.8955
5.27086, 19.069, 0.391135, 0.4, -0.000188317, 0.904111, 0.881758, 0.913053, 0.895478
5.27586, 19.0523, 0.390907, 0.4, -0.000183026, 0.904094, 0.881737, 0.913033, 0.895458
5.28086, 19.036, 0.390688, 0.4, -0.000177606, 0.904076, 0.881717, 0.913014, 0.895437
5.28586, 19.0203, 0.390478, 0.4, -0.000172062, 0.904059, 0.881698, 0.912995, 0.895417
5.29086, 19.0051, 0.390278, 0.4, -0.0001664, 0.904041, 0.881679, 0.912976, 0.895397
5.29586, 18.9904, 0.390086, 0.4, -0.000160624, 0.904024, 0.88166, 0.912958, 0.895378
5.30086, 18.9762, 0.389904, 0.4, -0.000154741, 0.904006, 0.881641, 0.912941, 0.895359
5.30586, 18.9625, 0.389732, 0.4, -0.000148755, 0.903989, 0.881623, 0.912924, 0.895341
5.31086, 18.9494, 0.389568, 0.4, -0.000142672, 0.903971, 0.881605, 0.912907, 0.895323
5.31586, 18.9368, 0.389415, 0.4, -0.000136499, 0.903954, 0.881588, 0.912891, 0.895306
5.32086, 18.9248, 0.389271, 0.4, -0.00013024, 0.903937, 0.881571, 0.912876, 0.895289
5.32586, 18.9134, 0.389136, 0.4, -0.000123901, 0.903919, 0.881555, 0.912861, 0.895273
5.33086, 18.9025, 0.389011, 0.4, -0.000117488, 0.903902, 0.881539, 0.912847, 0.895257
5.33586, 18.8922, 0.388897, 0.4, -0.000111006, 0.903885, 0.881523, 0.912833, 0.895242
5.34086, 18.8825, 0.388792, 0.4, -0.000104462, 0.903868, 0.881508, 0.91282, 0.895227
5.34586, 18.8734, 0.388696, 0.4, -9.78603e-05, 0.903851, 0.881493, 0.912807, 0.895213
5.35086, 18.8649, 0.388611, 0.4, -9.12076e-05, 0.903834, 0.881479, 0.912795, 0.8952
5.35586, 18.857, 0.388535, 0.4, -8.45097e-05, 0.903817, 0.881465, 0.912784, 0.895187
5.36086, 18.8497, 0.388469, 0.4, -7.7772e-05, 0.9038, 0.881452, 0.912773, 0.895174
5.36586, 18.843, 0.388414, 0.4, -7.10002e-05, 0.903784, 0.881439, 0.912762, 0.895162
5.37086, 18.8369, 0.388368, 0.4, -6.42003e-05, 0.903767, 0.881426, 0.912753, 0.895151
5.37586, 18.8314, 0.388331, 0.4, -5.73779e-05, 0.903751, 0.881414, 0.912744, 0.89514
5.38086, 18.8266, 0.388304, 0.4, -5.05385e-05, 0.903734, 0.881403, 0.912735, 0.89513
5.38586, 18.8223, 0.388287, 0.4, -4.36879e-05, 0.903718, 0.881392, 0.912727, 0.89512
5.39086, 18.8187, 0.38828, 0.4, -3.68317e-05, 0.903702, 0.881381, 0.912719, 0.895111
5.39586, 18.8157, 0.388282, 0.4, -2.99757e-05, 0.903686, 0.88137, 0.912712, 0.895102
5.40086, 18.8133, 0.388293, 0.4, -2.31252e-05, 0.903669, 0.881361, 0.912706, 0.895094
5.40586, 18.8115, 0.388314, 0.4, -1.62858e-05, 0.903654, 0.881351, 0.9127, 0.895087
5.41086, 18.8104, 0.388345, 0.4, -9.463e-06, 0.903638, 0.881342, 0.912695, 0.89508
5.41586, 18.8098, 0.388385, 0.4, -2.6628e-06, 0.903622, 0.881334, 0.91269, 0.895073
5.42086, 18.8099, 0.388434, 0.4, 4.11006e-06, 0.903607, 0.881326, 0.912686, 0.895068
5.42586, 18.8106, 0.388492, 0.4, 1.08502e-05, 0.903592, 0.881319, 0.912683, 0.895062
5.43086, 18.8119, 0.388558, 0.4, 1.75521e-05, 0.903576, 0.881311, 0.91268, 0.895057
5.43586, 18.8137, 0.388634, 0.4, 2.4211e-05, 0.903561, 0.881305, 0.912677, 0.895053
5.44086, 18.8162, 0.388718, 0.4, 3.08215e-05, 0.903546, 0.881299, 0.912676, 0.895049
5.44586, 18.8193, 0.388812, 0.4, 3.73786e-05, 0.903532, 0.881293, 0.912674, 0.895046
5.45086, 18.8229, 0.388913, 0.4, 4.38771e-05, 0.903517, 0.881288, 0.912673, 0.895044
5.45586, 18.8272, 0.389023, 0.4, 5.03123e-05, 0.903503, 0.881283, 0.912673, 0.895041
5.46086, 18.832, 0.389141, 0.4, 5.66794e-05, 0.903488, 0.881278, 0.912673, 0.89504
5.46586, 18.8374, 0.389267, 0.4, 6.29737e-05, 0.903474, 0.881274, 0.912674, 0.895038
5.47086, 18.8433, 0.389401, 0.4, 6.91904e-05, 0.90346, 0.881271, 0.912675, 0.895038
5.47586, 18.8499, 0.389543, 0.4, 7.53253e-05, 0.903446, 0.881267, 0.912677, 0.895037
5.48086, 18.8569, 0.389692, 0.4, 8.1374e-05, 0.903433, 0.881264, 0.912679, 0.895038
5.48586, 18.8645, 0.389848, 0.4, 8.73319e-05, 0.903419, 0.881262, 0.912681, 0.895038
5.49086, 18.8726, 0.390012, 0.4, 9.31947e-05, 0.903406, 0.88126, 0.912684, 0.895039
5.49586, 18.8813, 0.390183, 0.4, 9.89582e-05, 0.903392, 0.881258, 0.912688, 0.895041
5.50086, 18.8904, 0.390361, 0.4, 0.000104619, 0.903379, 0.881257, 0.912692, 0.895043
5.50586, 18.9001, 0.390545, 0.4, 0.000110172, 0.903366, 0.881256, 0.912696, 0.895045
5.51086, 18.9103, 0.390736, 0.4, 0.000115614, 0.903354, 0.881255, 0.912701, 0.895048
5.51586, 18.9209, 0.390934, 0.4, 0.000120942, 0.903341, 0.881255, 0.912706, 0.895051
5.52086, 18.9321, 0.391137, 0.4, 0.000126151, 0.903329, 0.881255, 0.912712, 0.895055
5.52587, 18.9436, 0.391346, 0.4, 0.000131238, 0.903316, 0.881256, 0.912718, 0.895059
5.53087, 18.9557, 0.391561, 0.4, 0.000136201, 0.903304, 0.881257, 0.912724, 0.895063
5.53587, 18.9682, 0.391781, 0.4, 0.000141035, 0.903292, 0.881258, 0.912731, 0.895068
5.54087, 18.9811, 0.392006, 0.4, 0.000145738, 0.90328, 0.881259, 0.912738, 0.895073
5.54587, 18.9944, 0.392237, 0.4, 0.000150307, 0.903269, 0.881261, 0.912745, 0.895078
5.55087, 19.0081, 0.392472, 0.4, 0.000154739, 0.903257, 0.881263, 0.912753, 0.895084
5.55587, 19.0223, 0.392712, 0.4, 0.00015903, 0.903246, 0.881265, 0.912761, 0.89509
5.56087, 19.0368, 0.392956, 0.4, 0.000163179, 0.903234, 0.881267, 0.912769, 0.895097
5.56587, 19.0516, 0.393205, 0.4, 0.000167184, 0.903223, 0.88127, 0.912778, 0.895103
5.57087, 19.0669, 0.393457, 0.4, 0.000171041, 0.903212, 0.881273, 0.912787, 0.89511
5.57587, 19.0824, 0.393713, 0.4, 0.000174749, 0.903202, 0.881276, 0.912796, 0.895117
5.58087, 19.0983, 0.393972, 0.4, 0.000178305, 0.903191, 0.88128, 0.912805, 0.895124
5.58587, 19.1145, 0.394235, 0.4, 0.000181708, 0.90318, 0.881283, 0.912815, 0.895132
5.59087, 19.1311, 0.394501, 0.4, 0.000184956, 0.90317, 0.881287, 0.912825, 0.89514
5.59587, 19.1478, 0.394769, 0.4, 0.000188047, 0.90316, 0.881291, 0.912835, 0.895148
5.60087, 19.1649, 0.39504, 0.4, 0.00019098, 0.90315, 0.881295, 0.912845, 0.895156
5.60587, 19.1822, 0.395313, 0.4, 0.000193754, 0.90314, 0.8813, 0.912855, 0.895165
5.61087, 19.1998, 0.395588, 0.4, 0.000196367, 0.90313, 0.881304, 0.912866, 0.895173
5.61587, 19.2176, 0.395865, 0.4, 0.000198817, 0.90312, 0.881309, 0.912876, 0.895182
5.62087, 19.2356, 0.396143, 0.4, 0.000201105, 0.903111, 0.881314, 0.912887, 0.895191
5.62587, 19.2538, 0.396423, 0.4, 0.000203229, 0.903101, 0.881319, 0.912898, 0.8952
5.63087, 19.2722, 0.396704, 0.4, 0.000205189, 0.903092, 0.881324, 0.912909, 0.895209
5.63587, 19.2907, 0.396986, 0.4, 0.000206984, 0.903082, 0.881329, 0.91292, 0.895218
5.64087, 19.3094, 0.397268, 0.4, 0.000208614, 0.903073, 0.881334, 0.912931, 0.895227
5.64587, 19.3283, 0.397551, 0.4, 0.000210079, 0.903064, 0.881339, 0.912942, 0.895237
5.65087, 19.3473, 0.397834, 0.4, 0.000211377, 0.903056, 0.881345, 0.912954, 0.895246
5.65587, 19.3663, 0.398117, 0.4, 0.00021251, 0.903047, 0.88135, 0.912965, 0.895256
5.66087, 19.3855, 0.3984, 0.4, 0.000213478, 0.903038, 0.881356, 0.912977, 0.895265
5.66587, 19.4048, 0.398682, 0.4, 0.00021428, 0.90303, 0.881361, 0.912988, 0.895275
5.67087, 19.4241, 0.398963, 0.4, 0.000214918, 0.903021, 0.881367, 0.912999, 0.895284
5.67587, 19.4435, 0.399243, 0.4, 0.000215391, 0.903013, 0.881372, 0.913011, 0.895294
5.68087, 19.4629, 0.399523, 0.4, 0.000215701, 0.903005, 0.881378, 0.913022, 0.895303
5.68587, 19.4823, 0.399801, 0.4, 0.000215848, 0.902997, 0.881384, 0.913033, 0.895313
5.69087, 19.5017, 0.400077, 0.4, 0.000215832, 0.902989, 0.881389, 0.913044, 0.895322
5.69587, 19.5212, 0.400351, 0.4, 0.000215657, 0.902981, 0.881395, 0.913056, 0.895332
5.70087, 19.5406, 0.400624, 0.4, 0.000215321, 0.902973, 0.8814, 0.913067, 0.895341
5.70587, 19.5599, 0.400894, 0.4, 0.000214827, 0.902965, 0.881406, 0.913078, 0.89535
5.71087, 19.5792, 0.401161, 0.4, 0.000214176, 0.902957, 0.881411, 0.913089, 0.89536
5.71587, 19.5985, 0.401426, 0.4, 0.00021337, 0.90295, 0.881417, 0.913099, 0.895369
5.72087, 19.6177, 0.401688, 0.4, 0.00021241, 0.902942, 0.881422, 0.91311, 0.895378
5.72587, 19.6367, 0.401947, 0.4, 0.000211297, 0.902935, 0.881427, 0.913121, 0.895387
5.73087, 19.6557, 0.402203, 0.4, 0.000210035, 0.902927, 0.881433, 0.913131, 0.895395
5.73587, 19.6745, 0.402456, 0.4, 0.000208624, 0.90292, 0.881438, 0.913141, 0.895404
5.74087, 19.6933, 0.402705, 0.4, 0.000207068, 0.902913, 0.881443, 0.913151, 0.895412
5.74587, 19.7118, 0.40295, 0.4, 0.000205367, 0.902906, 0.881448, 0.913161, 0.895421
5.75087, 19.7302, 0.403191, 0.4, 0.000203525, 0.902899, 0.881452, 0.913171, 0.895429
5.75587, 19.7485, 0.403428, 0.4, 0.000201543, 0.902892, 0.881457, 0.91318, 0.895437
5.76087, 19.7665, 0.403661, 0.4, 0.000199425, 0.902885, 0.881462, 0.91319, 0.895445
5.76587, 19.7844, 0.403889, 0.4, 0.000197172, 0.902878, 0.881466, 0.913199, 0.895452
5.77087, 19.802, 0.404113, 0.4, 0.000194788, 0.902871, 0.88147, 0.913208, 0.89546
5.77587, 19.8194, 0.404332, 0.4, 0.000192275, 0.902864, 0.881474, 0.913216, 0.895467
5.78087, 19.8366, 0.404546, 0.4, 0.000189637, 0.902858, 0.881478, 0.913225, 0.895474
5.78587, 19.8536, 0.404755, 0.4, 0.000186875, 0.902851, 0.881482, 0.913233, 0.895481
5.79087, 19.8703, 0.404958, 0.4, 0.000183993, 0.902844, 0.881486, 0.913241, 0.895487
5.79587, 19.8867, 0.405157, 0.4, 0.000180995, 0.902838, 0.881489, 0.913248, 0.895494
5.80087, 19.9028, 0.40535, 0.4, 0.000177883, 0.902831, 0.881492, 0.913256, 0.8955
5.80587, 19.9187, 0.405538, 0.4, 0.00017466, 0.902825, 0.881495, 0.913263, 0.895505
5.81087, 19.9343, 0.405719, 0.4, 0.00017133, 0.902818, 0.881498, 0.91327, 0.895511
5.81587, 19.9496, 0.405896, 0.4, 0.000167897, 0.902812, 0.881501, 0.913276, 0.895516
5.82087, 19.9645, 0.406066, 0.4, 0.000164363, 0.902806, 0.881503, 0.913282, 0.895521
5.82587, 19.9792, 0.40623, 0.4, 0.000160732, 0.902799, 0.881506, 0.913288, 0.895526
5.83087, 19.9935, 0.406388, 0.4, 0.000157008, 0.902793, 0.881508, 0.913294, 0.89553
5.83587, 20.0074, 0.40654, 0.4, 0.000153195, 0.902787, 0.88151, 0.913299, 0.895534
5.84087, 20.021, 0.406686, 0.4, 0.000149295, 0.902781, 0.881511, 0.913304, 0.895538
5.84587, 20.0343, 0.406825, 0.4, 0.000145312, 0.902775, 0.881513, 0.913309, 0.895542
5.85087, 20.0472, 0.406959, 0.4, 0.000141252, 0.902768, 0.881514, 0.913313, 0.895545
5.85587, 20.0597, 0.407085, 0.4, 0.000137115, 0.902762, 0.881515, 0.913317, 0.895548
5.86087, 20.0719, 0.407205, 0.4, 0.000132908, 0.902756, 0.881515, 0.913321, 0.89555
5.86587, 20.0836, 0.407319, 0.4, 0.000128634, 0.90275, 0.881516, 0.913324, 0.895553
5.87087, 20.095, 0.407425, 0.4, 0.000124296, 0.902744, 0.881516, 0.913327, 0.895555
5.87587, 20.106, 0.407526, 0.4, 0.0001199, 0.902738, 0.881516, 0.91333, 0.895556
5.88087, 20.1166, 0.407619, 0.4, 0.000115447, 0.902732, 0.881515, 0.913332, 0.895558
5.88587, 20.1268, 0.407706, 0.4, 0.000110943, 0.902726, 0.881515, 0.913334, 0.895559
5.89087, 20.1366, 0.407786, 0.4, 0.000106391, 0.90272, 0.881514, 0.913335, 0.895559
5.89587, 20.146, 0.407859, 0.4, 0.000101796, 0.902714, 0.881513, 0.913337, 0.89556
5.90087, 20.1549, 0.407925, 0.4, 9.71612e-05, 0.902708, 0.881512, 0.913337, 0.89556
5.90587, 20.1635, 0.407984, 0.4, 9.24907e-05, 0.902701, 0.88151, 0.913338, 0.895559
5.91087, 20.1716, 0.408037, 0.4, 8.77885e-05, 0.902695, 0.881508, 0.913338, 0.895559
5.91587, 20.1793, 0.408083, 0.4, 8.30587e-05, 0.902689, 0.881506, 0.913338, 0.895557
5.92087, 20.1865, 0.408121, 0.4, 7.83052e-05, 0.902683, 0.881503, 0.913337, 0.895556
5.92587, 20.1933, 0.408154, 0.4, 7.35324e-05, 0.902677, 0.881501, 0.913336, 0.895554
5.93087, 20.1998, 0.408179, 0.4, 6.87435e-05, 0.902671, 0.881498, 0.913335, 0.895552
5.93587, 20.2057, 0.408198, 0.4, 6.3943e-05, 0.902665, 0.881495, 0.913333, 0.89555
5.94087, 20.2113, 0.40821, 0.4, 5.91344e-05, 0.902659, 0.881491, 0.913331, 0.895547
5.94587, 20.2164, 0.408216, 0.4, 5.43221e-05, 0.902653, 0.881488, 0.913329, 0.895544
5.95087, 20.221, 0.408214, 0.4, 4.95092e-05, 0.902647, 0.881484, 0.913326, 0.895541
5.95587, 20.2253, 0.408206, 0.4, 4.47008e-05, 0.90264, 0.881479, 0.913323, 0.895537
5.96088, 20.2291, 0.408192, 0.4, 3.98999e-05, 0.902634, 0.881475, 0.91332, 0.895533
5.96588, 20.2325, 0.408171, 0.4, 3.51104e-05, 0.902628, 0.88147, 0.913316, 0.895529
5.97088, 20.2354, 0.408143, 0.4, 3.03364e-05, 0.902622, 0.881465, 0.913312, 0.895524
5.97588, 20.2379, 0.408109, 0.4, 2.55813e-05, 0.902616, 0.88146, 0.913307, 0.895519
5.98088, 20.24, 0.408069, 0.4, 2.0849e-05, 0.902609, 0.881454, 0.913302, 0.895514
5.98588, 20.2417, 0.408023, 0.4, 1.6143e-05, 0.902603, 0.881448, 0.913297, 0.895508
5.99088, 20.2429, 0.40797, 0.4, 1.14672e-05, 0.902596, 0.881442, 0.913292, 0.895502
5.99588, 20.2437, 0.407911, 0.4, 6.82496e-06, 0.90259, 0.881436, 0.913286, 0.895495
6.00088, 20.2441, 0.407847, 0.4, 2.21989e-06, 0.902584, 0.881429, 0.913279, 0.895489
6.00588, 20.2441, 0.407776, 0.4, -2.34463e-06, 0.902577, 0.881422, 0.913273, 0.895482
6.01088, 20.2437, 0.4077, 0.4, -6.86517e-06, 0.90257, 0.881415, 0.913266, 0.895474
6.01588, 20.2429, 0.407618, 0.4, -1.13384e-05, 0.902564, 0.881408, 0.913259, 0.895467
6.02088, 20.2417, 0.40753, 0.4, -1.57609e-05, 0.902557, 0.8814, 0.913251, 0.895459
6.02588, 20.2401, 0.407437, 0.4, -2.01296e-05, 0.90255, 0.881392, 0.913243, 0.895451
6.03088, 20.238, 0.407339, 0.4, -2.44413e-05, 0.902544, 0.881384, 0.913235, 0.895442
6.03588, 20.2357, 0.407235, 0.4, -2.86927e-05, 0.902537, 0.881376, 0.913227, 0.895433
6.04088, 20.2329, 0.407126, 0.4, -3.28812e-05, 0.90253, 0.881367, 0.913218, 0.895424
6.04588, 20.2297, 0.407012, 0.4, -3.70035e-05, 0.902523, 0.881358, 0.913209, 0.895415
6.05088, 20.2262, 0.406893, 0.4, -4.10566e-05, 0.902516, 0.881349, 0.9132, 0.895405
6.05588, 20.2223, 0.406769, 0.4, -4.50381e-05, 0.902509, 0.88134, 0.91319, 0.895395
6.06088, 20.2181, 0.406641, 0.4, -4.89451e-05, 0.902502, 0.881331, 0.91318, 0.895385
6.06588, 20.2135, 0.406508, 0.4, -5.27747e-05, 0.902495, 0.881321, 0.91317, 0.895375
6.07088, 20.2086, 0.406371, 0.4, -5.65246e-05, 0.902487, 0.881311, 0.91316, 0.895364
6.07588, 20.2033, 0.40623, 0.4, -6.01927e-05, 0.90248, 0.881301, 0.913149, 0.895353
6.08088, 20.1978, 0.406084, 0.4, -6.3776e-05, 0.902473, 0.881291, 0.913138, 0.895342
6.08588, 20.1919, 0.405935, 0.4, -6.72721e-05, 0.902465, 0.88128, 0.913127, 0.89533
6.09088, 20.1857, 0.405782, 0.4, -7.06791e-05, 0.902458, 0.881269, 0.913116, 0.895319
6.09588, 20.1791, 0.405625, 0.4, -7.39946e-05, 0.90245, 0.881258, 0.913104, 0.895307
6.10088, 20.1723, 0.405465, 0.4, -7.72168e-05, 0.902442, 0.881247, 0.913092, 0.895295
6.10588, 20.1652, 0.405301, 0.4, -8.03434e-05, 0.902434, 0.881236, 0.91308, 0.895283
6.11088, 20.1579, 0.405134, 0.4, -8.33728e-05, 0.902427, 0.881225, 0.913068, 0.89527
6.11588, 20.1502, 0.404964, 0.4, -8.63029e-05, 0.902419, 0.881213, 0.913056, 0.895257
6.12088, 20.1423, 0.404791, 0.4, -8.91321e-05, 0.902411, 0.881201, 0.913043, 0.895245
6.12588, 20.1342, 0.404615, 0.4, -9.1859e-05, 0.902403, 0.881189, 0.91303, 0.895231
6.13088, 20.1258, 0.404437, 0.4, -9.44818e-05, 0.902394, 0.881177, 0.913017, 0.895218
6.13588, 20.1172, 0.404257, 0.4, -9.69993e-05, 0.902386, 0.881165, 0.913004, 0.895205
6.14088, 20.1083, 0.404074, 0.4, -9.94101e-05, 0.902378, 0.881153, 0.912991, 0.895191
6.14588, 20.0993, 0.403889, 0.4, -0.000101713, 0.90237, 0.88114, 0.912977, 0.895177
6.15088, 20.09, 0.403702, 0.4, -0.000103906, 0.902361, 0.881127, 0.912964, 0.895164
6.15588, 20.0806, 0.403514, 0.4, -0.00010599, 0.902352, 0.881115, 0.91295, 0.89515
6.16088, 20.0709, 0.403324, 0.4, -0.000107962, 0.902344, 0.881102, 0.912936, 0.895136
6.16588, 20.0611, 0.403132, 0.4, -0.000109823, 0.902335, 0.881089, 0.912922, 0.895121
6.17088, 20.0511, 0.402939, 0.4, -0.000111571, 0.902326, 0.881076, 0.912908, 0.895107
6.17588, 20.041, 0.402746, 0.4, -0.000113205, 0.902318, 0.881063, 0.912894, 0.895093
6.18088, 20.0308, 0.402551, 0.4, -0.000114725, 0.902309, 0.881049, 0.91288, 0.895078
6.18588, 20.0204, 0.402355, 0.4, -0.000116132, 0.9023, 0.881036, 0.912866, 0.895063
6.19088, 20.0099, 0.402159, 0.4, -0.000117423, 0.90229, 0.881022, 0.912851, 0.895049
6.19588, 19.9992, 0.401962, 0.4, -0.000118599, 0.902281, 0.881009, 0.912837, 0.895034
6.20088, 19.9885, 0.401766, 0.4, -0.00011966, 0.902272, 0.880995, 0.912822, 0.895019
6.20588, 19.9777, 0.401569, 0.4, -0.000120606, 0.902263, 0.880982, 0.912808, 0.895004
6.21088, 19.9668, 0.401372, 0.4, -0.000121436, 0.902253, 0.880968, 0.912793, 0.894989
6.21588, 19.9558, 0.401175, 0.4, -0.000122151, 0.902244, 0.880954, 0.912778, 0.894974
6.22088, 19.9448, 0.400979, 0.4, -0.000122751, 0.902234, 0.88094, 0.912764, 0.894959
6.22588, 19.9337, 0.400783, 0.4, -0.000123237, 0.902224, 0.880927, 0.912749, 0.894944
6.23088, 19.9226, 0.400588, 0.4, -0.000123608, 0.902215, 0.880913, 0.912735, 0.894929
6.23588, 19.9115, 0.400393, 0.4, -0.000123865, 0.902205, 0.880899, 0.91272, 0.894914
6.24088, 19.9003, 0.4002, 0.4, -0.000124009, 0.902195, 0.880885, 0.912705, 0.894899
6.24588, 19.8891, 0.400007, 0.4, -0.00012404, 0.902185, 0.880871, 0.912691, 0.894884
6.25088, 19.878, 0.399817, 0.4, -0.00012396, 0.902175, 0.880857, 0.912676, 0.894869
6.25588, 19.8668, 0.399627, 0.4, -0.000123768, 0.902165, 0.880844, 0.912662, 0.894854
6.26088, 19.8557, 0.399439, 0.4, -0.000123465, 0.902155, 0.88083, 0.912647, 0.89484
6.26588, 19.8446, 0.399253, 0.4, -0.000123054, 0.902145, 0.880816, 0.912633, 0.894825
6.27088, 19.8335, 0.399068, 0.4, -0.000122534, 0.902134, 0.880802, 0.912618, 0.89481
6.27588, 19.8225, 0.398886, 0.4, -0.000121908, 0.902124, 0.880788, 0.912604, 0.894795
6.28088, 19.8116, 0.398705, 0.4, -0.000121175, 0.902114, 0.880775, 0.91259, 0.89478
6.28588, 19.8007, 0.398527, 0.4, -0.000120338, 0.902103, 0.880761, 0.912576, 0.894766
6.29088, 19.7899, 0.398352, 0.4, -0.000119398, 0.902093, 0.880747, 0.912562, 0.894751
6.29588, 19.7792, 0.398178, 0.4, -0.000118356, 0.902082, 0.880734, 0.912548, 0.894737
6.30088, 19.7686, 0.398008, 0.4, -0.000117214, 0.902072, 0.88072, 0.912534, 0.894723
6.30588, 19.7581, 0.39784, 0.4, -0.000115973, 0.902061, 0.880707, 0.912521, 0.894709
6.31088, 19.7477, 0.397675, 0.4, -0.000114635, 0.90205, 0.880694, 0.912507, 0.894694
6.31588, 19.7375, 0.397513, 0.4, -0.000113203, 0.90204, 0.880681, 0.912494, 0.894681
6.32088, 19.7274, 0.397354, 0.4, -0.000111676, 0.902029, 0.880667, 0.912481, 0.894667
6.32588, 19.7174, 0.397199, 0.4, -0.000110059, 0.902018, 0.880654, 0.912468, 0.894653
6.33088, 19.7075, 0.397046, 0.4, -0.000108351, 0.902008, 0.880642, 0.912455, 0.89464
6.33588, 19.6979, 0.396897, 0.4, -0.000106557, 0.901997, 0.880629, 0.912442, 0.894626
6.34088, 19.6884, 0.396752, 0.4, -0.000104676, 0.901986, 0.880616, 0.912429, 0.894613
6.34588, 19.679, 0.39661, 0.4, -0.000102712, 0.901975, 0.880603, 0.912417, 0.8946
6.35088, 19.6699, 0.396472, 0.4, -0.000100667, 0.901964, 0.880591, 0.912405, 0.894587
6.35588, 19.6609, 0.396337, 0.4, -9.85425e-05, 0.901953, 0.880579, 0.912393, 0.894574
6.36088, 19.6521, 0.396207, 0.4, -9.63407e-05, 0.901942, 0.880567, 0.912381, 0.894562
6.36588, 19.6435, 0.39608, 0.4, -9.40646e-05, 0.901931, 0.880555, 0.91237, 0.89455
6.37088, 19.6352, 0.395958, 0.4, -9.17162e-05, 0.90192, 0.880543, 0.912358, 0.894537
6.37588, 19.627, 0.395839, 0.4, -8.9298e-05, 0.901909, 0.880531, 0.912347, 0.894525
6.38088, 19.6191, 0.395725, 0.4, -8.68124e-05, 0.901898, 0.880519, 0.912336, 0.894514
6.38588, 19.6114, 0.395615, 0.4, -8.42619e-05, 0.901887, 0.880508, 0.912325, 0.894502
6.39088, 19.6039, 0.395509, 0.4, -8.16488e-05, 0.901876, 0.880497, 0.912315, 0.894491
6.39588, 19.5967, 0.395408, 0.4, -7.89758e-05, 0.901865, 0.880486, 0.912305, 0.89448
6.40089, 19.5897, 0.395311, 0.4, -7.62456e-05, 0.901854, 0.880475, 0.912295, 0.894469
6.40589, 19.583, 0.395218, 0.4, -7.34606e-05, 0.901843, 0.880464, 0.912285, 0.894458
6.41089, 19.5765, 0.39513, 0.4, -7.06234e-05, 0.901832, 0.880454, 0.912275, 0.894448
6.41589, 19.5703, 0.395046, 0.4, -6.77368e-05, 0.901821, 0.880443, 0.912266, 0.894438
6.42089, 19.5643, 0.394967, 0.4, -6.48033e-05, 0.90181, 0.880433, 0.912257, 0.894428
6.42589, 19.5586, 0.394893, 0.4, -6.18258e-05, 0.901799, 0.880423, 0.912248, 0.894418
6.43089, 19.5532, 0.394823, 0.4, -5.88068e-05, 0.901789, 0.880413, 0.91224, 0.894409
6.43589, 19.548, 0.394758, 0.4, -5.57492e-05, 0.901778, 0.880404, 0.912231, 0.8944
6.44089, 19.5431, 0.394698, 0.4, -5.26556e-05, 0.901767, 0.880394, 0.912223, 0.894391
6.44589, 19.5385, 0.394642, 0.4, -4.95288e-05, 0.901756, 0.880385, 0.912216, 0.894382
6.45089, 19.5342, 0.394591, 0.4, -4.63716e-05, 0.901745, 0.880376, 0.912208, 0.894373
6.45589, 19.5302, 0.394545, 0.4, -4.31867e-05, 0.901734, 0.880368, 0.912201, 0.894365
6.46089, 19.5264, 0.394503, 0.4, -3.99768e-05, 0.901724, 0.880359, 0.912194, 0.894358
6.46589, 19.523, 0.394466, 0.4, -3.67449e-05, 0.901713, 0.880351, 0.912188, 0.89435
6.47089, 19.5198, 0.394434, 0.4, -3.34936e-05, 0.901702, 0.880343, 0.912181, 0.894342
6.47589, 19.517, 0.394407, 0.4, -3.02256e-05, 0.901692, 0.880335, 0.912175, 0.894335
6.48089, 19.5144, 0.394384, 0.4, -2.69437e-05, 0.901681, 0.880327, 0.912169, 0.894328
6.48589, 19.5121, 0.394366, 0.4, -2.36508e-05, 0.901671, 0.88032, 0.912163, 0.894322
6.49089, 19.5101, 0.394353, 0.4, -2.03497e-05, 0.90166, 0.880312, 0.912158, 0.894315
6.49589, 19.5084, 0.394344, 0.4, -1.70427e-05, 0.901649, 0.880305, 0.912153, 0.894309
6.50089, 19.5071, 0.39434, 0.4, -1.37329e-05, 0.901639, 0.880298, 0.912148, 0.894303
6.50589, 19.506, 0.394341, 0.4, -1.04229e-05, 0.901629, 0.880292, 0.912144, 0.894298
6.51089, 19.5052, 0.394346, 0.4, -7.11539e-06, 0.901618, 0.880285, 0.91214, 0.894292
6.51589, 19.5047, 0.394356, 0.4, -3.81301e-06, 0.901608, 0.880279, 0.912136, 0.894287
6.52089, 19.5045, 0.39437, 0.4, -5.18445e-07, 0.901598, 0.880273, 0.912132, 0.894283
6.52589, 19.5046, 0.394389, 0.4, 2.76568e-06, 0.901588, 0.880267, 0.912129, 0.894278
6.53089, 19.505, 0.394412, 0.4, 6.03676e-06, 0.901578, 0.880262, 0.912125, 0.894274
6.53589, 19.5057, 0.394439, 0.4, 9.29232e-06, 0.901568, 0.880256, 0.912122, 0.89427
6.54089, 19.5067, 0.394471, 0.4, 1.25297e-05, 0.901558, 0.880251, 0.91212, 0.894266
6.54589, 19.5079, 0.394507, 0.4, 1.57464e-05, 0.901548, 0.880246, 0.912117, 0.894262
6.55089, 19.5095, 0.394548, 0.4, 1.89401e-05, 0.901538, 0.880242, 0.912115, 0.894259
6.55589, 19.5114, 0.394593, 0.4, 2.21078e-05, 0.901528, 0.880237, 0.912114, 0.894256
6.56089, 19.5135, 0.394642, 0.4, 2.52476e-05, 0.901519, 0.880233, 0.912112, 0.894253
6.56589, 19.5159, 0.394694, 0.4, 2.83572e-05, 0.901509, 0.880229, 0.912111, 0.894251
6.57089, 19.5186, 0.394751, 0.4, 3.1434e-05, 0.901499, 0.880225, 0.912109, 0.894248
6.57589, 19.5216, 0.394811, 0.4, 3.44759e-05, 0.90149, 0.880221, 0.912109, 0.894246
6.58089, 19.5248, 0.394876, 0.4, 3.74806e-05, 0.90148, 0.880218, 0.912108, 0.894245
6.58589, 19.5283, 0.394944, 0.4, 4.0446e-05, 0.901471, 0.880214, 0.912108, 0.894243
6.59089, 19.5321, 0.395015, 0.4, 4.33698e-05, 0.901462, 0.880211, 0.912107, 0.894242
6.59589, 19.5361, 0.395091, 0.4, 4.62499e-05, 0.901453, 0.880208, 0.912107, 0.89424
6.60089, 19.5404, 0.39517, 0.4, 4.90844e-05, 0.901444, 0.880206, 0.912108, 0.89424
6.60589, 19.545, 0.395252, 0.4, 5.18711e-05, 0.901435, 0.880203, 0.912108, 0.894239
6.61089, 19.5497, 0.395337, 0.4, 5.46083e-05, 0.901426, 0.880201, 0.912109, 0.894238
6.61589, 19.5548, 0.395426, 0.4, 5.72939e-05, 0.901417, 0.880198, 0.91211, 0.894238
6.62089, 19.5601, 0.395518, 0.4, 5.99261e-05, 0.901408, 0.880196, 0.912111, 0.894238
6.62589, 19.5656, 0.395613, 0.4, 6.25031e-05, 0.901399, 0.880194, 0.912112, 0.894238
6.63089, 19.5713, 0.39571, 0.4, 6.50234e-05, 0.90139, 0.880193, 0.912114, 0.894238
6.63589, 19.5773, 0.395811, 0.4, 6.7485e-05, 0.901382, 0.880191, 0.912115, 0.894239
6.64089, 19.5835, 0.395915, 0.4, 6.98863e-05, 0.901373, 0.88019, 0.912117, 0.894239
6.64589, 19.5899, 0.396021, 0.4, 7.22259e-05, 0.901365, 0.880189, 0.912119, 0.89424
6.65089, 19.5965, 0.396129, 0.4, 7.45022e-05, 0.901356, 0.880188, 0.912121, 0.894241
6.65589, 19.6033, 0.39624, 0.4, 7.67138e-05, 0.901348, 0.880187, 0.912124, 0.894242
6.66089, 19.6103, 0.396353, 0.4, 7.88593e-05, 0.90134, 0.880186, 0.912126, 0.894243
6.66589, 19.6175, 0.396469, 0.4, 8.09376e-05, 0.901332, 0.880185, 0.912129, 0.894245
6.67089, 19.6248, 0.396587, 0.4, 8.29471e-05, 0.901324, 0.880185, 0.912132, 0.894246
6.67589, 19.6324, 0.396706, 0.4, 8.48868e-05, 0.901316, 0.880184, 0.912135, 0.894248
6.68089, 19.6401, 0.396828, 0.4, 8.67557e-05, 0.901308, 0.880184, 0.912138, 0.89425
6.68589, 19.648, 0.396951, 0.4, 8.85524e-05, 0.9013, 0.880184, 0.912141, 0.894252
6.69089, 19.6561, 0.397077, 0.4, 9.02761e-05, 0.901292, 0.880184, 0.912144, 0.894254
6.69589, 19.6643, 0.397203, 0.4, 9.1926e-05, 0.901284, 0.880184, 0.912148, 0.894256
6.70089, 19.6726, 0.397331, 0.4, 9.3501e-05, 0.901277, 0.880184, 0.912151, 0.894258
6.70589, 19.6811, 0.397461, 0.4, 9.50004e-05, 0.901269, 0.880184, 0.912155, 0.894261
6.71089, 19.6897, 0.397591, 0.4, 9.64234e-05, 0.901262, 0.880184, 0.912159, 0.894263
6.71589, 19.6985, 0.397723, 0.4, 9.77696e-05, 0.901255, 0.880185, 0.912163, 0.894266
6.72089, 19.7073, 0.397856, 0.4, 9.90381e-05, 0.901247, 0.880185, 0.912167, 0.894269
6.72589, 19.7163, 0.39799, 0.4, 0.000100228, 0.90124, 0.880186, 0.912171, 0.894272
6.73089, 19.7254, 0.398124, 0.4, 0.00010134, 0.901233, 0.880186, 0.912175, 0.894274
6.73589, 19.7345, 0.398258, 0.4, 0.000102373, 0.901226, 0.880187, 0.912179, 0.894277
6.74089, 19.7438, 0.398394, 0.4, 0.000103327, 0.901218, 0.880188, 0.912183, 0.89428
6.74589, 19.7531, 0.39853, 0.4, 0.000104201, 0.901211, 0.880189, 0.912187, 0.894283
6.75089, 19.7626, 0.398667, 0.4, 0.000104996, 0.901205, 0.88019, 0.912191, 0.894286
6.75589, 19.772, 0.398803, 0.4, 0.00010571, 0.901198, 0.880191, 0.912196, 0.89429
6.76089, 19.7816, 0.39894, 0.4, 0.000106345, 0.901191, 0.880192, 0.9122, 0.894293
6.76589, 19.7912, 0.399076, 0.4, 0.000106899, 0.901184, 0.880193, 0.912204, 0.894296
6.77089, 19.8008, 0.399213, 0.4, 0.000107374, 0.901177, 0.880194, 0.912209, 0.894299
6.77589, 19.8105, 0.399349, 0.4, 0.000107768, 0.901171, 0.880195, 0.912213, 0.894302
6.78089, 19.8202, 0.399485, 0.4, 0.000108083, 0.901164, 0.880196, 0.912218, 0.894306
6.78589, 19.83, 0.399621, 0.4, 0.000108319, 0.901158, 0.880197, 0.912222, 0.894309
6.79089, 19.8397, 0.399756, 0.4, 0.000108475, 0.901151, 0.880198, 0.912226, 0.894312
6.79589, 19.8495, 0.399891, 0.4, 0.000108553, 0.901145, 0.880199, 0.912231, 0.894316
6.80089, 19.8593, 0.400024, 0.4, 0.000108552, 0.901139, 0.8802, 0.912235, 0.894319
6.80589, 19.8691, 0.400157, 0.4, 0.000108474, 0.901132, 0.880201, 0.91224, 0.894322
6.81089, 19.8788, 0.400289, 0.4, 0.000108318, 0.901126, 0.880203, 0.912244, 0.894325
6.81589, 19.8886, 0.400419, 0.4, 0.000108086, 0.90112, 0.880204, 0.912248, 0.894329
6.82089, 19.8983, 0.400549, 0.4, 0.000107778, 0.901114, 0.880205, 0.912252, 0.894332
6.82589, 19.908, 0.400677, 0.4, 0.000107394, 0.901108, 0.880206, 0.912257, 0.894335
6.83089, 19.9176, 0.400804, 0.4, 0.000106936, 0.901102, 0.880207, 0.912261, 0.894338
6.8359, 19.9272, 0.400929, 0.4, 0.000106405, 0.901096, 0.880208, 0.912265, 0.894341
6.8409, 19.9368, 0.401053, 0.4, 0.000105801, 0.90109, 0.880209, 0.912269, 0.894344
6.8459, 19.9463, 0.401175, 0.4, 0.000105125, 0.901084, 0.88021, 0.912273, 0.894347
6.8509, 19.9557, 0.401295, 0.4, 0.000104379, 0.901078, 0.880211, 0.912277, 0.89435
6.8559, 19.965, 0.401414, 0.4, 0.000103562, 0.901072, 0.880212, 0.91228, 0.894353
6.8609, 19.9743, 0.401531, 0.4, 0.000102678, 0.901067, 0.880213, 0.912284, 0.894355
6.8659, 19.9835, 0.401646, 0.4, 0.000101725, 0.901061, 0.880214, 0.912288, 0.894358
6.8709, 19.9926, 0.401759, 0.4, 0.000100707, 0.901055, 0.880214, 0.912291, 0.89436
6.8759, 20.0017, 0.401869, 0.4, 9.96229e-05, 0.901049, 0.880215, 0.912295, 0.894363
6.8809, 20.0106, 0.401978, 0.4, 9.84756e-05, 0.901044, 0.880216, 0.912298, 0.894365
6.8859, 20.0194, 0.402084, 0.4, 9.72658e-05, 0.901038, 0.880216, 0.912301, 0.894368
6.8909, 20.0281, 0.402188, 0.4, 9.59949e-05, 0.901033, 0.880217, 0.912304, 0.89437
6.8959, 20.0367, 0.402289, 0.4, 9.46645e-05, 0.901027, 0.880217, 0.912308, 0.894372
6.9009, 20.0451, 0.402388, 0.4, 9.32757e-05, 0.901022, 0.880217, 0.91231, 0.894374
6.9059, 20.0535, 0.402484, 0.4, 9.18303e-05, 0.901016, 0.880218, 0.912313, 0.894376
6.9109, 20.0617, 0.402578, 0.4, 9.03298e-05, 0.901011, 0.880218, 0.912316, 0.894377
6.9159, 20.0697, 0.402669, 0.4, 8.87755e-05, 0.901006, 0.880218, 0.912318, 0.894379
6.9209, 20.0776, 0.402758, 0.4, 8.71692e-05, 0.901, 0.880218, 0.912321, 0.894381
6.9259, 20.0854, 0.402843, 0.4, 8.55124e-05, 0.900995, 0.880218, 0.912323, 0.894382
6.9309, 20.093, 0.402926, 0.4, 8.3807e-05, 0.90099, 0.880218, 0.912325, 0.894383
6.9359, 20.1005, 0.403006, 0.4, 8.20544e-05, 0.900984, 0.880217, 0.912327, 0.894384
6.9409, 20.1078, 0.403083, 0.4, 8.02563e-05, 0.900979, 0.880217, 0.912329, 0.894385
6.9459, 20.115, 0.403157, 0.4, 7.84146e-05, 0.900974, 0.880216, 0.91233, 0.894386
6.9509, 20.1219, 0.403228, 0.4, 7.65309e-05, 0.900968, 0.880216, 0.912332, 0.894387
6.9559, 20.1287, 0.403296, 0.4, 7.46071e-05, 0.900963, 0.880215, 0.912333, 0.894387
6.9609, 20.1354, 0.403361, 0.4, 7.26449e-05, 0.900958, 0.880214, 0.912334, 0.894388
6.9659, 20.1418, 0.403422, 0.4, 7.06462e-05, 0.900953, 0.880213, 0.912335, 0.894388
6.9709, 20.1481, 0.403481, 0.4, 6.86128e-05, 0.900948, 0.880212, 0.912336, 0.894388
6.9759, 20.1542, 0.403537, 0.4, 6.65465e-05, 0.900943, 0.880211, 0.912337, 0.894388
6.9809, 20.1601, 0.403589, 0.4, 6.44492e-05, 0.900938, 0.88021, 0.912337, 0.894388
6.9859, 20.1658, 0.403638, 0.4, 6.2323e-05, 0.900932, 0.880208, 0.912338, 0.894388
6.9909, 20.1713, 0.403684, 0.4, 6.01695e-05, 0.900927, 0.880207, 0.912338, 0.894387
6.9959, 20.1766, 0.403726, 0.4, 5.79907e-05, 0.900922, 0.880205, 0.912338, 0.894386
7.0009, 20.1817, 0.403765, 0.4, 5.57883e-05, 0.900917, 0.880203, 0.912338, 0.894386
7.0059, 20.1866, 0.403801, 0.4, 5.35649e-05, 0.900912, 0.880201, 0.912337, 0.894385
7.0109, 20.1914, 0.403834, 0.4, 5.13219e-05, 0.900907, 0.880199, 0.912337, 0.894383
7.0159, 20.1959, 0.403864, 0.4, 4.90611e-05, 0.900901, 0.880197, 0.912336, 0.894382
7.0209, 20.2002, 0.40389, 0.4, 4.67844e-05, 0.900896, 0.880195, 0.912335, 0.894381
7.0259, 20.2043, 0.403913, 0.4, 4.44942e-05, 0.900891, 0.880193, 0.912334, 0.894379
7.0309, 20.2082, 0.403932, 0.4, 4.21919e-05, 0.900886, 0.88019, 0.912333, 0.894377
7.0359, 20.2119, 0.403949, 0.4, 3.98796e-05, 0.900881, 0.880187, 0.912332, 0.894375
7.0409, 20.2154, 0.403962, 0.4, 3.75593e-05, 0.900876, 0.880185, 0.91233, 0.894373
7.0459, 20.2187, 0.403972, 0.4, 3.5233e-05, 0.900871, 0.880182, 0.912329, 0.894371
7.0509, 20.2217, 0.403979, 0.4, 3.29023e-05, 0.900866, 0.880179, 0.912327, 0.894369
7.0559, 20.2246, 0.403982, 0.4, 3.05688e-05, 0.900861, 0.880176, 0.912325, 0.894366
7.0609, 20.2272, 0.403982, 0.4, 2.82352e-05, 0.900856, 0.880173, 0.912323, 0.894363
7.0659, 20.2297, 0.403979, 0.4, 2.59031e-05, 0.90085, 0.880169, 0.91232, 0.89436
7.0709, 20.2319, 0.403972, 0.4, 2.35743e-05, 0.900845, 0.880166, 0.912318, 0.894357
7.0759, 20.2339, 0.403963, 0.4, 2.12508e-05, 0.90084, 0.880162, 0.912315, 0.894354
7.0809, 20.2357, 0.403951, 0.4, 1.89339e-05, 0.900835, 0.880158, 0.912312, 0.894351
7.0859, 20.2373, 0.403935, 0.4, 1.66258e-05, 0.90083, 0.880154, 0.912309, 0.894347
7.0909, 20.2387, 0.403916, 0.4, 1.43283e-05, 0.900824, 0.88015, 0.912306, 0.894343
7.0959, 20.2399, 0.403895, 0.4, 1.2043e-05, 0.900819, 0.880146, 0.912302, 0.894339
7.1009, 20.2409, 0.40387, 0.4, 9.77184e-06, 0.900814, 0.880141, 0.912299, 0.894335
7.1059, 20.2416, 0.403843, 0.4, 7.51637e-06, 0.900809, 0.880137, 0.912295, 0.894331
7.1109, 20.2422, 0.403812, 0.4, 5.27848e-06, 0.900803, 0.880132, 0.912291, 0.894327
7.1159, 20.2426, 0.403779, 0.4, 3.05972e-06, 0.900798, 0.880128, 0.912287, 0.894322
7.1209, 20.2428, 0.403743, 0.4, 8.61757e-07, 0.900793, 0.880123, 0.912283, 0.894318
7.1259, 20.2427, 0.403704, 0.4, -1.31384e-06, 0.900787, 0.880118, 0.912278, 0.894313
7.1309, 20.2425, 0.403662, 0.4, -3.46531e-06, 0.900782, 0.880113, 0.912274, 0.894308
7.1359, 20.2421, 0.403618, 0.4, -5.5912e-06, 0.900776, 0.880107, 0.912269, 0.894302
7.1409, 20.2415, 0.403571, 0.4, -7.68971e-06, 0.900771, 0.880102, 0.912264, 0.894297
7.1459, 20.2407, 0.403521, 0.4, -9.7597e-06, 0.900766, 0.880097, 0.912259, 0.894292
7.1509, 20.2398, 0.403469, 0.4, -1.17996e-05, 0.90076, 0.880091, 0.912254, 0.894286
7.1559, 20.2386, 0.403415, 0.4, -1.3808e-05, 0.900754, 0.880086, 0.912248, 0.89428
7.1609, 20.2373, 0.403358, 0.4, -1.57835e-05, 0.900749, 0.88008, 0.912243, 0.894274
7.1659, 20.2358, 0.403299, 0.4, -1.77246e-05, 0.900743, 0.880074, 0.912237, 0.894269
7.1709, 20.2341, 0.403238, 0.4, -1.96299e-05, 0.900738, 0.880068, 0.912232, 0.894262
7.1759, 20.2322, 0.403174, 0.4, -2.14985e-05, 0.900732, 0.880062, 0.912226, 0.894256
7.1809, 20.2302, 0.403109, 0.4, -2.33288e-05, 0.900726, 0.880056, 0.91222, 0.89425
7.1859, 20.228, 0.403041, 0.4, -2.51197e-05, 0.900721, 0.880049, 0.912214, 0.894243
7.1909, 20.2257, 0.402971, 0.4, -2.68701e-05, 0.900715, 0.880043, 0.912208, 0.894237
7.1959, 20.2232, 0.4029, 0.4, -2.85788e-05, 0.900709, 0.880037, 0.912201, 0.89423
7.2009, 20.2205, 0.402826, 0.4, -3.02446e-05, 0.900703, 0.88003, 0.912195, 0.894223
7.2059, 20.2177, 0.402751, 0.4, -3.18667e-05, 0.900698, 0.880023, 0.912188, 0.894217
7.2109, 20.2148, 0.402674, 0.4, -3.3444e-05, 0.900692, 0.880017, 0.912182, 0.89421
7.2159, 20.2117, 0.402595, 0.4, -3.49754e-05, 0.900686, 0.88001, 0.912175, 0.894202
7.2209, 20.2085, 0.402515, 0.4, -3.64601e-05, 0.90068, 0.880003, 0.912168, 0.894195
7.2259, 20.2052, 0.402434, 0.4, -3.78971e-05, 0.900674, 0.879996, 0.912161, 0.894188
7.2309, 20.2017, 0.402351, 0.4, -3.92857e-05, 0.900668, 0.879989, 0.912154, 0.894181
7.2359, 20.1981, 0.402266, 0.4, -4.06251e-05, 0.900662, 0.879982, 0.912147, 0.894173
7.2409, 20.1944, 0.40218, 0.4, -4.19144e-05, 0.900656, 0.879974, 0.91214, 0.894166
7.2459, 20.1905, 0.402094, 0.4, -4.31531e-05, 0.90065, 0.879967, 0.912133, 0.894158
7.2509, 20.1866, 0.402006, 0.4, -4.43404e-05, 0.900644, 0.87996, 0.912125, 0.89415
7.2559, 20.1826, 0.401917, 0.4, -4.54757e-05, 0.900637, 0.879952, 0.912118, 0.894142
7.2609, 20.1784, 0.401827, 0.4, -4.65585e-05, 0.900631, 0.879945, 0.91211, 0.894135
7.2659, 20.1742, 0.401736, 0.4, -4.75883e-05, 0.900625, 0.879937, 0.912103, 0.894127
7.27091, 20.1698, 0.401645, 0.4, -4.85645e-05, 0.900619, 0.87993, 0.912095, 0.894119
7.27591, 20.1654, 0.401552, 0.4, -4.94868e-05, 0.900612, 0.879922, 0.912087, 0.894111
7.28091, 20.1609, 0.401459, 0.4, -5.03547e-05, 0.900606, 0.879915, 0.91208, 0.894103
7.28591, 20.1564, 0.401366, 0.4, -5.1168e-05, 0.9006, 0.879907, 0.912072, 0.894094
7.29091, 20.1517, 0.401272, 0.4, -5.19264e-05, 0.900593, 0.879899, 0.912064, 0.894086
7.29591, 20.147, 0.401177, 0.4, -5.26296e-05, 0.900587, 0.879891, 0.912056, 0.894078
7.30091, 20.1422, 0.401083, 0.4, -5.32774e-05, 0.90058, 0.879883, 0.912048, 0.89407
7.30591, 20.1374, 0.400988, 0.4, -5.38697e-05, 0.900574, 0.879876, 0.912041, 0.894062
7.31091, 20.1325, 0.400893, 0.4, -5.44063e-05, 0.900567, 0.879868, 0.912033, 0.894053
7.31591, 20.1276, 0.400798, 0.4, -5.48873e-05, 0.900561, 0.87986, 0.912025, 0.894045
7.32091, 20.1227, 0.400702, 0.4, -5.53125e-05, 0.900554, 0.879852, 0.912017, 0.894037
7.32591, 20.1177, 0.400607, 0.4, -5.5682e-05, 0.900547, 0.879844, 0.912009, 0.894028
7.33091, 20.1126, 0.400513, 0.4, -5.5996e-05, 0.900541, 0.879836, 0.912001, 0.89402
7.33591, 20.1076, 0.400418, 0.4, -5.62545e-05, 0.900534, 0.879828, 0.911993, 0.894012
7.34091, 20.1025, 0.400323, 0.4, -5.64576e-05, 0.900527, 0.87982, 0.911985, 0.894003
7.34591, 20.0974, 0.400229, 0.4, -5.66058e-05, 0.90052, 0.879812, 0.911977, 0.893995
7.35091, 20.0923, 0.400136, 0.4, -5.66989e-05, 0.900514, 0.879804, 0.911969, 0.893986
7.35591, 20.0872, 0.400043, 0.4, -5.67375e-05, 0.900507, 0.879796, 0.911961, 0.893978
7.36091, 20.0821, 0.39995, 0.4, -5.6722e-05, 0.9005, 0.879788, 0.911953, 0.89397
7.36591, 20.077, 0.399858, 0.4, -5.66526e-05, 0.900493, 0.87978, 0.911945, 0.893961
7.37091, 20.0719, 0.399767, 0.4, -5.65298e-05, 0.900486, 0.879772, 0.911937, 0.893953
7.37591, 20.0668, 0.399677, 0.4, -5.63541e-05, 0.900479, 0.879764, 0.911929, 0.893945
7.38091, 20.0618, 0.399587, 0.4, -5.61258e-05, 0.900472, 0.879756, 0.911921, 0.893936
7.38591, 20.0567, 0.399499, 0.4, -5.58456e-05, 0.900465, 0.879748, 0.911914, 0.893928
7.39091, 20.0517, 0.399411, 0.4, -5.5514e-05, 0.900458, 0.87974, 0.911906, 0.89392
7.39591, 20.0467, 0.399325, 0.4, -5.51318e-05, 0.900451, 0.879732, 0.911898, 0.893912
7.40091, 20.0418, 0.39924, 0.4, -5.46995e-05, 0.900444, 0.879724, 0.911891, 0.893904
7.40591, 20.0369, 0.399156, 0.4, -5.42178e-05, 0.900437, 0.879716, 0.911883, 0.893896
7.41091, 20.032, 0.399073, 0.4, -5.36874e-05, 0.90043, 0.879709, 0.911876, 0.893888
7.41591, 20.0272, 0.398991, 0.4, -5.31091e-05, 0.900423, 0.879701, 0.911868, 0.89388
7.42091, 20.0225, 0.398911, 0.4, -5.24836e-05, 0.900416, 0.879693, 0.911861, 0.893872
7.42591, 20.0178, 0.398832, 0.4, -5.18118e-05, 0.900409, 0.879685, 0.911853, 0.893864
7.43091, 20.0131, 0.398755, 0.4, -5.10947e-05, 0.900402, 0.879678, 0.911846, 0.893856
7.43591, 20.0086, 0.398679, 0.4, -5.03329e-05, 0.900395, 0.87967, 0.911839, 0.893849
7.44091, 20.0041, 0.398605, 0.4, -4.95275e-05, 0.900387, 0.879663, 0.911832, 0.893841
7.44591, 19.9996, 0.398532, 0.4, -4.86793e-05, 0.90038, 0.879655, 0.911825, 0.893834
7.45091, 19.9953, 0.398461, 0.4, -4.77894e-05, 0.900373, 0.879648, 0.911818, 0.893826
7.45591, 19.991, 0.398392, 0.4, -4.68588e-05, 0.900366, 0.879641, 0.911811, 0.893819
7.46091, 19.9869, 0.398325, 0.4, -4.58885e-05, 0.900359, 0.879633, 0.911804, 0.893812
7.46591, 19.9828, 0.398259, 0.4, -4.48795e-05, 0.900351, 0.879626, 0.911798, 0.893804
7.47091, 19.9788, 0.398195, 0.4, -4.38331e-05, 0.900344, 0.879619, 0.911791, 0.893797
7.47591, 19.9749, 0.398133, 0.4, -4.27501e-05, 0.900337, 0.879612, 0.911785, 0.89379
7.48091, 19.9711, 0.398073, 0.4, -4.16318e-05, 0.90033, 0.879605, 0.911778, 0.893783
7.48591, 19.9674, 0.398015, 0.4, -4.04792e-05, 0.900322, 0.879598, 0.911772, 0.893776
7.49091, 19.9638, 0.397959, 0.4, -3.92936e-05, 0.900315, 0.879591, 0.911766, 0.89377
7.49591, 19.9603, 0.397905, 0.4, -3.80762e-05, 0.900308, 0.879584, 0.91176, 0.893763
7.50091, 19.9569, 0.397853, 0.4, -3.6828e-05, 0.900301, 0.879578, 0.911754, 0.893757
7.50591, 19.9537, 0.397803, 0.4, -3.55503e-05, 0.900294, 0.879571, 0.911748, 0.89375
7.51091, 19.9505, 0.397756, 0.4, -3.42444e-05, 0.900286, 0.879565, 0.911742, 0.893744
7.51591, 19.9475, 0.39771, 0.4, -3.29116e-05, 0.900279, 0.879558, 0.911737, 0.893738
7.52091, 19.9446, 0.397666, 0.4, -3.1553e-05, 0.900272, 0.879552, 0.911731, 0.893731
7.52591, 19.9418, 0.397625, 0.4, -3.017e-05, 0.900265, 0.879546, 0.911726, 0.893726
7.53091, 19.9392, 0.397586, 0.4, -2.87641e-05, 0.900258, 0.87954, 0.911721, 0.89372
7.53591, 19.9367, 0.397549, 0.4, -2.73362e-05, 0.90025, 0.879534, 0.911716, 0.893714
7.54091, 19.9343, 0.397515, 0.4, -2.58876e-05, 0.900243, 0.879528, 0.911711, 0.893708
7.54591, 19.932, 0.397482, 0.4, -2.44199e-05, 0.900236, 0.879522, 0.911706, 0.893703
7.55091, 19.9299, 0.397452, 0.4, -2.29342e-05, 0.900229, 0.879516, 0.911701, 0.893698
7.55591, 19.9279, 0.397424, 0.4, -2.1432e-05, 0.900222, 0.87951, 0.911696, 0.893692
7.56091, 19.926, 0.397399, 0.4, -1.99145e-05, 0.900215, 0.879505, 0.911692, 0.893687
7.56591, 19.9243, 0.397375, 0.4, -1.83829e-05, 0.900208, 0.879499, 0.911687, 0.893682
7.57091, 19.9227, 0.397354, 0.4, -1.68388e-05, 0.9002, 0.879494, 0.911683, 0.893677
7.57591, 19.9213, 0.397335, 0.4, -1.52833e-05, 0.900193, 0.879489, 0.911679, 0.893672
7.58091, 19.9199, 0.397319, 0.4, -1.37179e-05, 0.900186, 0.879483, 0.911675, 0.893668
7.58591, 19.9188, 0.397304, 0.4, -1.2144e-05, 0.900179, 0.879478, 0.911671, 0.893663
7.59091, 19.9178, 0.397292, 0.4, -1.05625e-05, 0.900172, 0.879473, 0.911668, 0.893659
7.59591, 19.9169, 0.397283, 0.4, -8.97532e-06, 0.900165, 0.879468, 0.911664, 0.893654
7.60091, 19.9161, 0.397275, 0.4, -7.38346e-06, 0.900158, 0.879464, 0.911661, 0.89365
7.60591, 19.9156, 0.39727, 0.4, -5.78829e-06, 0.900151, 0.879459, 0.911657, 0.893646
7.61091, 19.9151, 0.397267, 0.4, -4.19097e-06, 0.900145, 0.879455, 0.911654, 0.893642
7.61591, 19.9148, 0.397267, 0.4, -2.59302e-06, 0.900138, 0.87945, 0.911651, 0.893639
7.62091, 19.9146, 0.397268, 0.4, -9.95928e-07, 0.900131, 0.879446, 0.911648, 0.893635
7.62591, 19.9146, 0.397272, 0.4, 5.99244e-07, 0.900124, 0.879441, 0.911645, 0.893631
7.63091, 19.9147, 0.397278, 0.4, 2.1914e-06, 0.900117, 0.879437, 0.911643, 0.893628
7.63591, 19.915, 0.397286, 0.4, 3.77901e-06, 0.90011, 0.879433, 0.91164, 0.893625
7.64091, 19.9154, 0.397296, 0.4, 5.36081e-06, 0.900103, 0.879429, 0.911638, 0.893622
7.64591, 19.916, 0.397309, 0.4, 6.93571e-06, 0.900097, 0.879425, 0.911635, 0.893618
7.65091, 19.9167, 0.397323, 0.4, 8.50236e-06, 0.90009, 0.879422, 0.911633, 0.893616
7.65591, 19.9175, 0.39734, 0.4, 1.00595e-05, 0.900083, 0.879418, 0.911631, 0.893613
7.66091, 19.9185, 0.397358, 0.4, 1.1606e-05, 0.900077, 0.879414, 0.911629, 0.89361
7.66591, 19.9196, 0.397379, 0.4, 1.31407e-05, 0.90007, 0.879411, 0.911627, 0.893608
7.67091, 19.9209, 0.397402, 0.4, 1.46624e-05, 0.900063, 0.879408, 0.911626, 0.893605
7.67591, 19.9222, 0.397426, 0.4, 1.61699e-05, 0.900057, 0.879404, 0.911624, 0.893603
7.68091, 19.9238, 0.397453, 0.4, 1.76621e-05, 0.90005, 0.879401, 0.911623, 0.893601
7.68591, 19.9254, 0.397481, 0.4, 1.9138e-05, 0.900044, 0.879398, 0.911622, 0.893598
7.69091, 19.9272, 0.397511, 0.4, 2.05963e-05, 0.900037, 0.879395, 0.91162, 0.893597
7.69591, 19.9291, 0.397544, 0.4, 2.20361e-05, 0.900031, 0.879392, 0.911619, 0.893595
7.70091, 19.9312, 0.397577, 0.4, 2.34563e-05, 0.900025, 0.87939, 0.911618, 0.893593
7.70591, 19.9334, 0.397613, 0.4, 2.48558e-05, 0.900018, 0.879387, 0.911617, 0.893591
7.71092, 19.9357, 0.39765, 0.4, 2.62338e-05, 0.900012, 0.879384, 0.911617, 0.89359
7.71592, 19.9381, 0.397689, 0.4, 2.75891e-05, 0.900006, 0.879382, 0.911616, 0.893588
7.72092, 19.9406, 0.39773, 0.4, 2.89209e-05, 0.9, 0.87938, 0.911616, 0.893587
7.72592, 19.9433, 0.397773, 0.4, 3.02277e-05, 0.899993, 0.879377, 0.911615, 0.893586
7.73092, 19.9461, 0.397816, 0.4, 3.15092e-05, 0.899987, 0.879375, 0.911615, 0.893585
7.73592, 19.949, 0.397861, 0.4, 3.27646e-05, 0.899981, 0.879373, 0.911615, 0.893584
7.74092, 19.952, 0.397908, 0.4, 3.39928e-05, 0.899975, 0.879371, 0.911615, 0.893583
7.74592, 19.9551, 0.397956, 0.4, 3.51931e-05, 0.899969, 0.879369, 0.911615, 0.893582
7.75092, 19.9583, 0.398005, 0.4, 3.63646e-05, 0.899963, 0.879367, 0.911615, 0.893581
7.75592, 19.9616, 0.398056, 0.4, 3.75066e-05, 0.899957, 0.879365, 0.911615, 0.893581
7.76092, 19.9651, 0.398108, 0.4, 3.86183e-05, 0.899951, 0.879364, 0.911615, 0.89358
7.76592, 19.9686, 0.398161, 0.4, 3.96991e-05, 0.899946, 0.879362, 0.911615, 0.89358
7.77092, 19.9722, 0.398216, 0.4, 4.07482e-05, 0.89994, 0.87936, 0.911616, 0.893579
7.77592, 19.9759, 0.398271, 0.4, 4.17651e-05, 0.899934, 0.879359, 0.911616, 0.893579
7.78092, 19.9797, 0.398327, 0.4, 4.27491e-05, 0.899928, 0.879357, 0.911617, 0.893579
7.78592, 19.9836, 0.398385, 0.4, 4.36995e-05, 0.899923, 0.879356, 0.911617, 0.893578
7.79092, 19.9876, 0.398443, 0.4, 4.46159e-05, 0.899917, 0.879354, 0.911618, 0.893578
7.79592, 19.9916, 0.398502, 0.4, 4.54977e-05, 0.899911, 0.879353, 0.911619, 0.893578
7.80092, 19.9958, 0.398563, 0.4, 4.63444e-05, 0.899906, 0.879352, 0.911619, 0.893578
7.80592, 20, 0.398623, 0.4, 4.71555e-05, 0.8999, 0.879351, 0.91162, 0.893578
7.81092, 20.0043, 0.398685, 0.4, 4.79308e-05, 0.899895, 0.87935, 0.911621, 0.893578
7.81592, 20.0086, 0.398747, 0.4, 4.86696e-05, 0.899889, 0.879349, 0.911622, 0.893579
7.82092, 20.013, 0.39881, 0.4, 4.93718e-05, 0.899884, 0.879348, 0.911623, 0.893579
7.82592, 20.0175, 0.398874, 0.4, 5.00369e-05, 0.899878, 0.879347, 0.911624, 0.893579
7.83092, 20.022, 0.398938, 0.4, 5.06646e-05, 0.899873, 0.879346, 0.911625, 0.893579
7.83592, 20.0266, 0.399002, 0.4, 5.12546e-05, 0.899868, 0.879345, 0.911626, 0.89358
7.84092, 20.0313, 0.399067, 0.4, 5.18067e-05, 0.899862, 0.879344, 0.911627, 0.89358
7.84592, 20.0359, 0.399132, 0.4, 5.23208e-05, 0.899857, 0.879343, 0.911629, 0.89358
7.85092, 20.0407, 0.399197, 0.4, 5.27966e-05, 0.899852, 0.879342, 0.91163, 0.893581
7.85592, 20.0455, 0.399263, 0.4, 5.32338e-05, 0.899847, 0.879342, 0.911631, 0.893582
7.86092, 20.0503, 0.399329, 0.4, 5.36327e-05, 0.899841, 0.879341, 0.911632, 0.893582
7.86592, 20.0551, 0.399395, 0.4, 5.39928e-05, 0.899836, 0.87934, 0.911634, 0.893583
7.87092, 20.06, 0.399461, 0.4, 5.43143e-05, 0.899831, 0.879339, 0.911635, 0.893583
7.87592, 20.0649, 0.399527, 0.4, 5.4597e-05, 0.899826, 0.879339, 0.911636, 0.893584
7.88092, 20.0698, 0.399593, 0.4, 5.48411e-05, 0.899821, 0.879338, 0.911638, 0.893584
7.88592, 20.0748, 0.399659, 0.4, 5.50466e-05, 0.899816, 0.879338, 0.911639, 0.893585
7.89092, 20.0797, 0.399725, 0.4, 5.52135e-05, 0.899811, 0.879337, 0.911641, 0.893586
7.89592, 20.0847, 0.399791, 0.4, 5.53419e-05, 0.899806, 0.879336, 0.911642, 0.893586
7.90092, 20.0897, 0.399856, 0.4, 5.54322e-05, 0.899802, 0.879336, 0.911643, 0.893587
7.90592, 20.0947, 0.399921, 0.4, 5.54841e-05, 0.899797, 0.879335, 0.911645, 0.893588
7.91092, 20.0997, 0.399986, 0.4, 5.54982e-05, 0.899792, 0.879335, 0.911646, 0.893588
7.91592, 20.1047, 0.40005, 0.4, 5.54745e-05, 0.899787, 0.879334, 0.911647, 0.893589
7.92092, 20.1097, 0.400114, 0.4, 5.54134e-05, 0.899782, 0.879333, 0.911649, 0.893589
7.92592, 20.1146, 0.400178, 0.4, 5.53151e-05, 0.899778, 0.879333, 0.91165, 0.89359
7.93092, 20.1196, 0.400241, 0.4, 5.51799e-05, 0.899773, 0.879332, 0.911651, 0.893591
7.93592, 20.1246, 0.400303, 0.4, 5.50081e-05, 0.899768, 0.879332, 0.911653, 0.893591
7.94092, 20.1295, 0.400365, 0.4, 5.48003e-05, 0.899764, 0.879331, 0.911654, 0.893592
7.94592, 20.1344, 0.400425, 0.4, 5.45566e-05, 0.899759, 0.879331, 0.911655, 0.893592
7.95092, 20.1393, 0.400486, 0.4, 5.42775e-05, 0.899754, 0.87933, 0.911656, 0.893593
7.95592, 20.1442, 0.400545, 0.4, 5.39636e-05, 0.89975, 0.87933, 0.911658, 0.893593
7.96092, 20.1491, 0.400604, 0.4, 5.3615e-05, 0.899745, 0.879329, 0.911659, 0.893594
7.96592, 20.1539, 0.400662, 0.4, 5.32326e-05, 0.899741, 0.879328, 0.91166, 0.893594
7.97092, 20.1586, 0.400719, 0.4, 5.28168e-05, 0.899736, 0.879328, 0.911661, 0.893595
7.97592, 20.1634, 0.400775, 0.4, 5.2368e-05, 0.899732, 0.879327, 0.911662, 0.893595
7.98092, 20.1681, 0.40083, 0.4, 5.1887e-05, 0.899727, 0.879326, 0.911663, 0.893596
7.98592, 20.1727, 0.400884, 0.4, 5.13742e-05, 0.899723, 0.879325, 0.911664, 0.893596
7.99092, 20.1773, 0.400937, 0.4, 5.08304e-05, 0.899719, 0.879325, 0.911665, 0.893596
7.99592, 20.1819, 0.400989, 0.4, 5.02558e-05, 0.899714, 0.879324, 0.911666, 0.893597
8.00092, 20.1864, 0.40104, 0.4, 4.96513e-05, 0.89971, 0.879323, 0.911667, 0.893597
8.00592, 20.1908, 0.401089, 0.4, 4.90178e-05, 0.899706, 0.879322, 0.911667, 0.893597
8.01092, 20.1952, 0.401138, 0.4, 4.83558e-05, 0.899701, 0.879321, 0.911668, 0.893597
8.01592, 20.1995, 0.401185, 0.4, 4.76659e-05, 0.899697, 0.87932, 0.911669, 0.893597
8.02092, 20.2038, 0.401231, 0.4, 4.6949e-05, 0.899693, 0.879319, 0.911669, 0.893597
8.02592, 20.208, 0.401276, 0.4, 4.62057e-05, 0.899688, 0.879318, 0.91167, 0.893597
8.03092, 20.2121, 0.401319, 0.4, 4.54369e-05, 0.899684, 0.879317, 0.91167, 0.893597
8.03592, 20.2162, 0.401361, 0.4, 4.46433e-05, 0.89968, 0.879316, 0.911671, 0.893596
8.04092, 20.2201, 0.401402, 0.4, 4.38257e-05, 0.899676, 0.879315, 0.911671, 0.893596
8.04592, 20.224, 0.401441, 0.4, 4.29848e-05, 0.899671, 0.879314, 0.911671, 0.893596
8.05092, 20.2279, 0.401479, 0.4, 4.2122e-05, 0.899667, 0.879313, 0.911671, 0.893595
8.05592, 20.2316, 0.401515, 0.4, 4.12375e-05, 0.899663, 0.879311, 0.911671, 0.893595
8.06092, 20.2353, 0.40155, 0.4, 4.03322e-05, 0.899659, 0.87931, 0.911671, 0.893594
8.06592, 20.2389, 0.401584, 0.4, 3.94071e-05, 0.899655, 0.879309, 0.911671, 0.893594
8.07092, 20.2424, 0.401616, 0.4, 3.84628e-05, 0.89965, 0.879307, 0.911671, 0.893593
8.07592, 20.2458, 0.401647, 0.4, 3.75006e-05, 0.899646, 0.879306, 0.911671, 0.893593
8.08092, 20.2491, 0.401676, 0.4, 3.6521e-05, 0.899642, 0.879304, 0.911671, 0.893592
8.08592, 20.2524, 0.401704, 0.4, 3.55252e-05, 0.899638, 0.879303, 0.911671, 0.893591
8.09092, 20.2555, 0.40173, 0.4, 3.45138e-05, 0.899634, 0.879301, 0.91167, 0.89359
8.09592, 20.2586, 0.401754, 0.4, 3.34878e-05, 0.89963, 0.879299, 0.91167, 0.893589
8.10092, 20.2616, 0.401777, 0.4, 3.24482e-05, 0.899626, 0.879298, 0.911669, 0.893588
8.10592, 20.2644, 0.401799, 0.4, 3.13959e-05, 0.899622, 0.879296, 0.911669, 0.893587
8.11092, 20.2672, 0.401819, 0.4, 3.0332e-05, 0.899618, 0.879294, 0.911668, 0.893586
8.11592, 20.2699, 0.401837, 0.4, 2.9257e-05, 0.899614, 0.879292, 0.911667, 0.893584
8.12092, 20.2725, 0.401854, 0.4, 2.81721e-05, 0.899609, 0.87929, 0.911666, 0.893583
8.12592, 20.275, 0.401869, 0.4, 2.7078e-05, 0.899605, 0.879288, 0.911665, 0.893582
8.13092, 20.2774, 0.401882, 0.4, 2.59758e-05, 0.899601, 0.879286, 0.911664, 0.89358
8.13592, 20.2796, 0.401894, 0.4, 2.48665e-05, 0.899597, 0.879284, 0.911663, 0.893578
8.14092, 20.2818, 0.401905, 0.4, 2.37509e-05, 0.899593, 0.879282, 0.911662, 0.893577
8.14592, 20.2839, 0.401913, 0.4, 2.26301e-05, 0.899589, 0.87928, 0.911661, 0.893575
8.15092, 20.2859, 0.401921, 0.4, 2.15047e-05, 0.899585, 0.879277, 0.911659, 0.893573
8.15592, 20.2878, 0.401927, 0.4, 2.03755e-05, 0.899581, 0.879275, 0.911658, 0.893571
8.16092, 20.2896, 0.40193, 0.4, 1.9244e-05, 0.899577, 0.879273, 0.911656, 0.893569
8.16593, 20.2913, 0.401933, 0.4, 1.8111e-05, 0.899573, 0.87927, 0.911655, 0.893567
8.17093, 20.2928, 0.401934, 0.4, 1.69772e-05, 0.899569, 0.879268, 0.911653, 0.893565
8.17593, 20.2943, 0.401933, 0.4, 1.58437e-05, 0.899565, 0.879265, 0.911651, 0.893563
8.18093, 20.2957, 0.401931, 0.4, 1.47112e-05, 0.899561, 0.879262, 0.911649, 0.893561
8.18593, 20.297, 0.401927, 0.4, 1.35808e-05, 0.899557, 0.879259, 0.911647, 0.893558
8.19093, 20.2981, 0.401922, 0.4, 1.24534e-05, 0.899553, 0.879257, 0.911645, 0.893556
8.19593, 20.2992, 0.401915, 0.4, 1.13297e-05, 0.899549, 0.879254, 0.911643, 0.893553
8.20093, 20.3002, 0.401907, 0.4, 1.02106e-05, 0.899544, 0.879251, 0.911641, 0.893551
8.20593, 20.301, 0.401897, 0.4, 9.09683e-06, 0.89954, 0.879248, 0.911638, 0.893548
8.21093, 20.3018, 0.401886, 0.4, 7.9895e-06, 0.899536, 0.879245, 0.911636, 0.893545
8.21593, 20.3025, 0.401874, 0.4, 6.88934e-06, 0.899532, 0.879241, 0.911634, 0.893542
8.22093, 20.303, 0.40186, 0.4, 5.79716e-06, 0.899528, 0.879238, 0.911631, 0.893539
8.22593, 20.3035, 0.401844, 0.4, 4.71378e-06, 0.899524, 0.879235, 0.911628, 0.893536
8.23093, 20.3039, 0.401828, 0.4, 3.63986e-06, 0.89952, 0.879232, 0.911626, 0.893533
8.23593, 20.3042, 0.40181, 0.4, 2.57641e-06, 0.899516, 0.879228, 0.911623, 0.89353
8.24093, 20.3044, 0.40179, 0.4, 1.52421e-06, 0.899511, 0.879225, 0.91162, 0.893527
8.24593, 20.3044, 0.401769, 0.4, 4.83933e-07, 0.899507, 0.879221, 0.911617, 0.893524
8.25093, 20.3044, 0.401748, 0.4, -5.43507e-07, 0.899503, 0.879218, 0.911614, 0.89352
8.25593, 20.3044, 0.401724, 0.4, -1.5577e-06, 0.899499, 0.879214, 0.911611, 0.893517
8.26093, 20.3042, 0.4017, 0.4, -2.55764e-06, 0.899495, 0.879211, 0.911608, 0.893513
8.26593, 20.3039, 0.401674, 0.4, -3.5428e-06, 0.89949, 0.879207, 0.911605, 0.89351
8.27093, 20.3035, 0.401648, 0.4, -4.51232e-06, 0.899486, 0.879203, 0.911602, 0.893506
8.27593, 20.3031, 0.40162, 0.4, -5.46562e-06, 0.899482, 0.879199, 0.911598, 0.893502
8.28093, 20.3025, 0.401591, 0.4, -6.40213e-06, 0.899478, 0.879196, 0.911595, 0.893499
8.28593, 20.3019, 0.40156, 0.4, -7.3211e-06, 0.899473, 0.879192, 0.911591, 0.893495
8.29093, 20.3012, 0.401529, 0.4, -8.22195e-06, 0.899469, 0.879188, 0.911588, 0.893491
8.29593, 20.3004, 0.401497, 0.4, -9.10413e-06, 0.899465, 0.879184, 0.911584, 0.893487
8.30093, 20.2996, 0.401464, 0.4, -9.96696e-06, 0.89946, 0.87918, 0.911581, 0.893483
8.30593, 20.2986, 0.40143, 0.4, -1.08099e-05, 0.899456, 0.879176, 0.911577, 0.893479
8.31093, 20.2976, 0.401395, 0.4, -1.16325e-05, 0.899452, 0.879171, 0.911573, 0.893475
8.31593, 20.2966, 0.401359, 0.4, -1.24342e-05, 0.899448, 0.879167, 0.911569, 0.893471
8.32093, 20.2954, 0.401322, 0.4, -1.32143e-05, 0.899443, 0.879163, 0.911565, 0.893467
8.32593, 20.2942, 0.401285, 0.4, -1.39726e-05, 0.899439, 0.879159, 0.911562, 0.893462
8.33093, 20.2929, 0.401246, 0.4, -1.47088e-05, 0.899435, 0.879155, 0.911558, 0.893458
8.33593, 20.2915, 0.401207, 0.4, -1.54221e-05, 0.89943, 0.87915, 0.911554, 0.893454
8.34093, 20.2901, 0.401167, 0.4, -1.61122e-05, 0.899426, 0.879146, 0.91155, 0.893449
8.34593, 20.2886, 0.401127, 0.4, -1.67786e-05, 0.899421, 0.879141, 0.911546, 0.893445
8.35093, 20.2871, 0.401086, 0.4, -1.74212e-05, 0.899417, 0.879137, 0.911541, 0.89344
8.35593, 20.2855, 0.401044, 0.4, -1.80393e-05, 0.899412, 0.879132, 0.911537, 0.893436
8.36093, 20.2838, 0.401002, 0.4, -1.86327e-05, 0.899408, 0.879128, 0.911533, 0.893431
8.36593, 20.2821, 0.400959, 0.4, -1.92012e-05, 0.899403, 0.879123, 0.911529, 0.893427
8.37093, 20.2804, 0.400916, 0.4, -1.97445e-05, 0.899399, 0.879119, 0.911524, 0.893422
8.37593, 20.2786, 0.400872, 0.4, -2.02619e-05, 0.899394, 0.879114, 0.91152, 0.893417
8.38093, 20.2767, 0.400828, 0.4, -2.07538e-05, 0.89939, 0.879109, 0.911516, 0.893413
8.38593, 20.2748, 0.400784, 0.4, -2.12197e-05, 0.899385, 0.879105, 0.911511, 0.893408
8.39093, 20.2729, 0.400739, 0.4, -2.16593e-05, 0.89938, 0.8791, 0.911507, 0.893403
8.39593, 20.2709, 0.400694, 0.4, -2.20727e-05, 0.899376, 0.879095, 0.911502, 0.893399
8.40093, 20.2689, 0.400648, 0.4, -2.24595e-05, 0.899371, 0.879091, 0.911498, 0.893394
8.40593, 20.2669, 0.400603, 0.4, -2.28197e-05, 0.899367, 0.879086, 0.911494, 0.893389
8.41093, 20.2648, 0.400557, 0.4, -2.31532e-05, 0.899362, 0.879081, 0.911489, 0.893384
8.41593, 20.2627, 0.400511, 0.4, -2.346e-05, 0.899357, 0.879076, 0.911485, 0.893379
8.42093, 20.2606, 0.400466, 0.4, -2.37398e-05, 0.899353, 0.879071, 0.91148, 0.893375
8.42593, 20.2585, 0.400419, 0.4, -2.39927e-05, 0.899348, 0.879067, 0.911476, 0.89337
8.43093, 20.2563, 0.400373, 0.4, -2.42186e-05, 0.899343, 0.879062, 0.911471, 0.893365
8.43593, 20.2541, 0.400327, 0.4, -2.44175e-05, 0.899339, 0.879057, 0.911467, 0.89336
8.44093, 20.2519, 0.400281, 0.4, -2.45896e-05, 0.899334, 0.879052, 0.911462, 0.893355
8.44593, 20.2497, 0.400235, 0.4, -2.47348e-05, 0.899329, 0.879047, 0.911458, 0.89335
8.45093, 20.2474, 0.40019, 0.4, -2.48531e-05, 0.899325, 0.879043, 0.911453, 0.893346
8.45593, 20.2452, 0.400144, 0.4, -2.49447e-05, 0.89932, 0.879038, 0.911449, 0.893341
8.46093, 20.2429, 0.400099, 0.4, -2.50097e-05, 0.899315, 0.879033, 0.911444, 0.893336
8.46593, 20.2407, 0.400053, 0.4, -2.50482e-05, 0.89931, 0.879028, 0.91144, 0.893331
8.47093, 20.2384, 0.400009, 0.4, -2.50604e-05, 0.899306, 0.879023, 0.911435, 0.893326
8.47593, 20.2362, 0.399964, 0.4, -2.50465e-05, 0.899301, 0.879019, 0.911431, 0.893321
8.48093, 20.2339, 0.39992, 0.4, -2.50065e-05, 0.899296, 0.879014, 0.911426, 0.893316
8.48593, 20.2317, 0.399876, 0.4, -2.49409e-05, 0.899291, 0.879009, 0.911422, 0.893312
8.49093, 20.2294, 0.399832, 0.4, -2.48497e-05, 0.899286, 0.879004, 0.911417, 0.893307
8.49593, 20.2272, 0.399789, 0.4, -2.47332e-05, 0.899282, 0.878999, 0.911413, 0.893302
8.50093, 20.225, 0.399747, 0.4, -2.45917e-05, 0.899277, 0.878995, 0.911409, 0.893298
8.50593, 20.2228, 0.399704, 0.4, -2.44255e-05, 0.899272, 0.87899, 0.911404, 0.893293
8.51093, 20.2206, 0.399663, 0.4, -2.42349e-05, 0.899267, 0.878985, 0.9114, 0.893288
8.51593, 20.2184, 0.399622, 0.4, -2.40203e-05, 0.899262, 0.878981, 0.911396, 0.893284
8.52093, 20.2163, 0.399581, 0.4, -2.37817e-05, 0.899257, 0.878976, 0.911391, 0.893279
8.52593, 20.2141, 0.399541, 0.4, -2.35199e-05, 0.899253, 0.878971, 0.911387, 0.893274
8.53093, 20.212, 0.399502, 0.4, -2.32348e-05, 0.899248, 0.878967, 0.911383, 0.89327
8.53593, 20.2099, 0.399464, 0.4, -2.29272e-05, 0.899243, 0.878962, 0.911379, 0.893265
8.54093, 20.2079, 0.399426, 0.4, -2.25973e-05, 0.899238, 0.878957, 0.911375, 0.89326
8.54593, 20.2059, 0.399388, 0.4, -2.22456e-05, 0.899233, 0.878953, 0.911371, 0.893256
8.55093, 20.2039, 0.399352, 0.4, -2.18723e-05, 0.899228, 0.878948, 0.911366, 0.893251
8.55593, 20.2019, 0.399317, 0.4, -2.14782e-05, 0.899223, 0.878944, 0.911362, 0.893247
8.56093, 20.2, 0.399282, 0.4, -2.10636e-05, 0.899218, 0.878939, 0.911358, 0.893243
8.56593, 20.1981, 0.399248, 0.4, -2.06289e-05, 0.899214, 0.878935, 0.911354, 0.893238
8.57093, 20.1963, 0.399214, 0.4, -2.01747e-05, 0.899209, 0.87893, 0.91135, 0.893234
8.57593, 20.1945, 0.399182, 0.4, -1.97014e-05, 0.899204, 0.878926, 0.911347, 0.89323
8.58093, 20.1928, 0.399151, 0.4, -1.92096e-05, 0.899199, 0.878921, 0.911343, 0.893225
8.58593, 20.1911, 0.39912, 0.4, -1.86998e-05, 0.899194, 0.878917, 0.911339, 0.893221
8.59093, 20.1894, 0.39909, 0.4, -1.81726e-05, 0.899189, 0.878913, 0.911335, 0.893217
8.59593, 20.1878, 0.399062, 0.4, -1.76284e-05, 0.899184, 0.878909, 0.911332, 0.893213
8.60093, 20.1862, 0.399034, 0.4, -1.70678e-05, 0.899179, 0.878904, 0.911328, 0.893209
8.60594, 20.1847, 0.399007, 0.4, -1.64914e-05, 0.899174, 0.8789, 0.911324, 0.893205
8.61094, 20.1833, 0.398981, 0.4, -1.58997e-05, 0.899169, 0.878896, 0.911321, 0.893201
8.61594, 20.1819, 0.398957, 0.4, -1.52935e-05, 0.899164, 0.878892, 0.911317, 0.893197
8.62094, 20.1805, 0.398933, 0.4, -1.46733e-05, 0.89916, 0.878888, 0.911314, 0.893193
8.62594, 20.1792, 0.39891, 0.4, -1.40394e-05, 0.899155, 0.878884, 0.911311, 0.893189
8.63094, 20.178, 0.398888, 0.4, -1.33928e-05, 0.89915, 0.87888, 0.911307, 0.893186
8.63594, 20.1768, 0.398867, 0.4, -1.2734e-05, 0.899145, 0.878876, 0.911304, 0.893182
8.64094, 20.1757, 0.398848, 0.4, -1.20635e-05, 0.89914, 0.878872, 0.911301, 0.893178
8.64594, 20.1746, 0.398829, 0.4, -1.13819e-05, 0.899135, 0.878868, 0.911298, 0.893175
8.65094, 20.1736, 0.398812, 0.4, -1.06901e-05, 0.89913, 0.878864, 0.911295, 0.893171
8.65594, 20.1727, 0.398796, 0.4, -9.98846e-06, 0.899126, 0.87886, 0.911292, 0.893168
8.66094, 20.1718, 0.39878, 0.4, -9.27786e-06, 0.899121, 0.878857, 0.911289, 0.893164
8.66594, 20.171, 0.398766, 0.4, -8.55869e-06, 0.899116, 0.878853, 0.911286, 0.893161
8.67094, 20.1703, 0.398753, 0.4, -7.8318e-06, 0.899111, 0.87885, 0.911283, 0.893158
8.67594, 20.1696, 0.398741, 0.4, -7.0976e-06, 0.899106, 0.878846, 0.91128, 0.893155
8.68094, 20.169, 0.39873, 0.4, -6.35689e-06, 0.899101, 0.878842, 0.911278, 0.893151
8.68594, 20.1685, 0.39872, 0.4, -5.61039e-06, 0.899097, 0.878839, 0.911275, 0.893148
8.69094, 20.168, 0.398711, 0.4, -4.85856e-06, 0.899092, 0.878835, 0.911272, 0.893145
8.69594, 20.1676, 0.398703, 0.4, -4.10202e-06, 0.899087, 0.878832, 0.91127, 0.893142
8.70094, 20.1673, 0.398697, 0.4, -3.34137e-06, 0.899082, 0.878829, 0.911268, 0.89314
8.70594, 20.167, 0.398691, 0.4, -2.5776e-06, 0.899078, 0.878826, 0.911265, 0.893137
8.71094, 20.1668, 0.398687, 0.4, -1.81114e-06, 0.899073, 0.878823, 0.911263, 0.893134
8.71594, 20.1667, 0.398684, 0.4, -1.04267e-06, 0.899068, 0.878819, 0.911261, 0.893131
8.72094, 20.1666, 0.398682, 0.4, -2.72828e-07, 0.899063, 0.878816, 0.911259, 0.893129
8.72594, 20.1666, 0.398681, 0.4, 4.97706e-07, 0.899059, 0.878813, 0.911256, 0.893126
8.73094, 20.1667, 0.398681, 0.4, 1.2683e-06, 0.899054, 0.87881, 0.911254, 0.893123
8.73594, 20.1669, 0.398682, 0.4, 2.03834e-06, 0.899049, 0.878807, 0.911252, 0.893121
8.74094, 20.1671, 0.398684, 0.4, 2.80717e-06, 0.899045, 0.878804, 0.91125, 0.893119
8.74594, 20.1674, 0.398688, 0.4, 3.5743e-06, 0.89904, 0.878801, 0.911249, 0.893116
8.75094, 20.1677, 0.398692, 0.4, 4.33898e-06, 0.899035, 0.878799, 0.911247, 0.893114
8.75594, 20.1681, 0.398697, 0.4, 5.10075e-06, 0.899031, 0.878796, 0.911245, 0.893112
8.76094, 20.1686, 0.398704, 0.4, 5.85889e-06, 0.899026, 0.878793, 0.911243, 0.89311
8.76594, 20.1692, 0.398711, 0.4, 6.61272e-06, 0.899022, 0.87879, 0.911242, 0.893107
8.77094, 20.1698, 0.398719, 0.4, 7.36232e-06, 0.899017, 0.878788, 0.91124, 0.893105
8.77594, 20.1705, 0.398728, 0.4, 8.10645e-06, 0.899012, 0.878785, 0.911239, 0.893103
8.78094, 20.1713, 0.398738, 0.4, 8.84468e-06, 0.899008, 0.878783, 0.911237, 0.893101
8.78594, 20.1721, 0.39875, 0.4, 9.57642e-06, 0.899003, 0.87878, 0.911236, 0.893099
8.79094, 20.173, 0.398762, 0.4, 1.03012e-05, 0.898999, 0.878778, 0.911234, 0.893097
8.79594, 20.174, 0.398775, 0.4, 1.10184e-05, 0.898994, 0.878775, 0.911233, 0.893096
8.80094, 20.175, 0.398789, 0.4, 1.17276e-05, 0.89899, 0.878773, 0.911232, 0.893094
8.80594, 20.1761, 0.398804, 0.4, 1.24281e-05, 0.898985, 0.878771, 0.911231, 0.893092
8.81094, 20.1772, 0.39882, 0.4, 1.31195e-05, 0.898981, 0.878768, 0.91123, 0.893091
8.81594, 20.1784, 0.398836, 0.4, 1.38012e-05, 0.898977, 0.878766, 0.911229, 0.893089
8.82094, 20.1797, 0.398854, 0.4, 1.44728e-05, 0.898972, 0.878764, 0.911228, 0.893088
8.82594, 20.181, 0.398872, 0.4, 1.51337e-05, 0.898968, 0.878762, 0.911227, 0.893086
8.83094, 20.1824, 0.398891, 0.4, 1.57837e-05, 0.898964, 0.87876, 0.911226, 0.893085
8.83594, 20.1839, 0.398911, 0.4, 1.6422e-05, 0.898959, 0.878758, 0.911225, 0.893083
8.84094, 20.1854, 0.398932, 0.4, 1.70483e-05, 0.898955, 0.878756, 0.911224, 0.893082
8.84594, 20.187, 0.398953, 0.4, 1.76623e-05, 0.898951, 0.878754, 0.911224, 0.893081
8.85094, 20.1886, 0.398975, 0.4, 1.82633e-05, 0.898946, 0.878752, 0.911223, 0.89308
8.85594, 20.1902, 0.398998, 0.4, 1.88512e-05, 0.898942, 0.87875, 0.911222, 0.893079
8.86094, 20.192, 0.399021, 0.4, 1.94254e-05, 0.898938, 0.878749, 0.911222, 0.893077
8.86594, 20.1937, 0.399045, 0.4, 1.99856e-05, 0.898934, 0.878747, 0.911221, 0.893076
8.87094, 20.1956, 0.39907, 0.4, 2.05314e-05, 0.898929, 0.878745, 0.911221, 0.893075
8.87594, 20.1974, 0.399096, 0.4, 2.10624e-05, 0.898925, 0.878743, 0.91122, 0.893074
8.88094, 20.1994, 0.399121, 0.4, 2.15784e-05, 0.898921, 0.878742, 0.91122, 0.893073
8.88594, 20.2013, 0.399148, 0.4, 2.2079e-05, 0.898917, 0.87874, 0.91122, 0.893072
8.89094, 20.2033, 0.399175, 0.4, 2.25638e-05, 0.898913, 0.878739, 0.911219, 0.893072
8.89594, 20.2054, 0.399202, 0.4, 2.30328e-05, 0.898909, 0.878737, 0.911219, 0.893071
8.90094, 20.2075, 0.39923, 0.4, 2.34854e-05, 0.898905, 0.878735, 0.911219, 0.89307
8.90594, 20.2096, 0.399258, 0.4, 2.39214e-05, 0.898901, 0.878734, 0.911218, 0.893069
8.91094, 20.2118, 0.399287, 0.4, 2.43406e-05, 0.898897, 0.878733, 0.911218, 0.893068
8.91594, 20.214, 0.399317, 0.4, 2.47429e-05, 0.898893, 0.878731, 0.911218, 0.893068
8.92094, 20.2162, 0.399346, 0.4, 2.51277e-05, 0.898889, 0.87873, 0.911218, 0.893067
8.92594, 20.2185, 0.399376, 0.4, 2.54952e-05, 0.898885, 0.878728, 0.911218, 0.893066
8.93094, 20.2208, 0.399406, 0.4, 2.58451e-05, 0.898881, 0.878727, 0.911218, 0.893066
8.93594, 20.2232, 0.399437, 0.4, 2.6177e-05, 0.898877, 0.878726, 0.911217, 0.893065
8.94094, 20.2255, 0.399467, 0.4, 2.6491e-05, 0.898873, 0.878724, 0.911217, 0.893065
8.94594, 20.2279, 0.399499, 0.4, 2.67869e-05, 0.898869, 0.878723, 0.911217, 0.893064
8.95094, 20.2304, 0.39953, 0.4, 2.70644e-05, 0.898865, 0.878722, 0.911217, 0.893064
8.95594, 20.2328, 0.399561, 0.4, 2.73237e-05, 0.898861, 0.878721, 0.911217, 0.893063
8.96094, 20.2353, 0.399593, 0.4, 2.75645e-05, 0.898858, 0.878719, 0.911217, 0.893063
8.96594, 20.2378, 0.399624, 0.4, 2.77867e-05, 0.898854, 0.878718, 0.911217, 0.893062
8.97094, 20.2403, 0.399656, 0.4, 2.79904e-05, 0.89885, 0.878717, 0.911218, 0.893062
8.97594, 20.2428, 0.399688, 0.4, 2.81752e-05, 0.898846, 0.878716, 0.911218, 0.893061
8.98094, 20.2454, 0.39972, 0.4, 2.83415e-05, 0.898843, 0.878715, 0.911218, 0.893061
8.98594, 20.2479, 0.399752, 0.4, 2.8489e-05, 0.898839, 0.878714, 0.911218, 0.893061
8.99094, 20.2505, 0.399784, 0.4, 2.86178e-05, 0.898835, 0.878713, 0.911218, 0.89306
8.99594, 20.2531, 0.399816, 0.4, 2.87278e-05, 0.898831, 0.878711, 0.911218, 0.89306
9.00094, 20.2557, 0.399848, 0.4, 2.88192e-05, 0.898828, 0.87871, 0.911218, 0.893059
9.00594, 20.2583, 0.39988, 0.4, 2.8892e-05, 0.898824, 0.878709, 0.911218, 0.893059
9.01094, 20.2609, 0.399912, 0.4, 2.89462e-05, 0.898821, 0.878708, 0.911218, 0.893059
9.01594, 20.2635, 0.399943, 0.4, 2.89818e-05, 0.898817, 0.878707, 0.911218, 0.893058
9.02094, 20.2661, 0.399975, 0.4, 2.8999e-05, 0.898813, 0.878706, 0.911219, 0.893058
9.02594, 20.2687, 0.400006, 0.4, 2.89978e-05, 0.89881, 0.878705, 0.911219, 0.893058
9.03094, 20.2713, 0.400037, 0.4, 2.89785e-05, 0.898806, 0.878704, 0.911219, 0.893057
9.03594, 20.2739, 0.400068, 0.4, 2.89411e-05, 0.898803, 0.878703, 0.911219, 0.893057
9.04095, 20.2765, 0.400099, 0.4, 2.88857e-05, 0.898799, 0.878702, 0.911219, 0.893056
9.04595, 20.2791, 0.400129, 0.4, 2.88125e-05, 0.898796, 0.878701, 0.911219, 0.893056
9.05095, 20.2817, 0.400159, 0.4, 2.87217e-05, 0.898792, 0.8787, 0.911219, 0.893056
9.05595, 20.2843, 0.400189, 0.4, 2.86134e-05, 0.898789, 0.878698, 0.911219, 0.893055
9.06095, 20.2868, 0.400218, 0.4, 2.84878e-05, 0.898785, 0.878697, 0.911219, 0.893055
9.06595, 20.2894, 0.400247, 0.4, 2.8345e-05, 0.898782, 0.878696, 0.911219, 0.893055
9.07095, 20.292, 0.400276, 0.4, 2.81855e-05, 0.898778, 0.878695, 0.911219, 0.893054
9.07595, 20.2945, 0.400304, 0.4, 2.80094e-05, 0.898775, 0.878694, 0.911219, 0.893054
9.08095, 20.297, 0.400332, 0.4, 2.78169e-05, 0.898772, 0.878693, 0.911219, 0.893053
9.08595, 20.2995, 0.40036, 0.4, 2.76083e-05, 0.898768, 0.878692, 0.911219, 0.893053
9.09095, 20.302, 0.400387, 0.4, 2.73838e-05, 0.898765, 0.878691, 0.911219, 0.893052
9.09595, 20.3044, 0.400413, 0.4, 2.71437e-05, 0.898761, 0.87869, 0.911219, 0.893052
9.10095, 20.3069, 0.400439, 0.4, 2.68882e-05, 0.898758, 0.878689, 0.911219, 0.893051
9.10595, 20.3093, 0.400465, 0.4, 2.66179e-05, 0.898755, 0.878687, 0.911219, 0.893051
9.11095, 20.3116, 0.40049, 0.4, 2.63329e-05, 0.898751, 0.878686, 0.911219, 0.89305
9.11595, 20.314, 0.400514, 0.4, 2.60334e-05, 0.898748, 0.878685, 0.911219, 0.89305
9.12095, 20.3163, 0.400538, 0.4, 2.57199e-05, 0.898745, 0.878684, 0.911219, 0.893049
9.12595, 20.3186, 0.400561, 0.4, 2.53928e-05, 0.898741, 0.878683, 0.911219, 0.893048
9.13095, 20.3209, 0.400584, 0.4, 2.50522e-05, 0.898738, 0.878682, 0.911218, 0.893048
9.13595, 20.3231, 0.400606, 0.4, 2.46986e-05, 0.898735, 0.87868, 0.911218, 0.893047
9.14095, 20.3253, 0.400628, 0.4, 2.43325e-05, 0.898732, 0.878679, 0.911218, 0.893046
9.14595, 20.3275, 0.400649, 0.4, 2.3954e-05, 0.898728, 0.878678, 0.911218, 0.893046
9.15095, 20.3297, 0.400669, 0.4, 2.35635e-05, 0.898725, 0.878676, 0.911217, 0.893045
9.15595, 20.3318, 0.400688, 0.4, 2.31615e-05, 0.898722, 0.878675, 0.911217, 0.893044
9.16095, 20.3338, 0.400707, 0.4, 2.27485e-05, 0.898719, 0.878674, 0.911217, 0.893044
9.16595, 20.3359, 0.400725, 0.4, 2.23248e-05, 0.898716, 0.878672, 0.911216, 0.893043
9.17095, 20.3378, 0.400743, 0.4, 2.18907e-05, 0.898712, 0.878671, 0.911216, 0.893042
9.17595, 20.3398, 0.40076, 0.4, 2.14466e-05, 0.898709, 0.87867, 0.911215, 0.893041
9.18095, 20.3417, 0.400776, 0.4, 2.09931e-05, 0.898706, 0.878668, 0.911215, 0.89304
9.18595, 20.3436, 0.400791, 0.4, 2.05303e-05, 0.898703, 0.878667, 0.911214, 0.893039
9.19095, 20.3454, 0.400806, 0.4, 2.00589e-05, 0.8987, 0.878665, 0.911213, 0.893038
9.19595, 20.3472, 0.40082, 0.4, 1.95795e-05, 0.898696, 0.878664, 0.911213, 0.893037
9.20095, 20.3489, 0.400833, 0.4, 1.9092e-05, 0.898693, 0.878662, 0.911212, 0.893036
9.20595, 20.3506, 0.400845, 0.4, 1.85973e-05, 0.89869, 0.878661, 0.911211, 0.893035
9.21095, 20.3523, 0.400857, 0.4, 1.80956e-05, 0.898687, 0.878659, 0.911211, 0.893034
9.21595, 20.3539, 0.400868, 0.4, 1.75875e-05, 0.898684, 0.878658, 0.91121, 0.893033
9.22095, 20.3554, 0.400878, 0.4, 1.70732e-05, 0.898681, 0.878656, 0.911209, 0.893031
9.22595, 20.357, 0.400888, 0.4, 1.65534e-05, 0.898677, 0.878654, 0.911208, 0.89303
9.23095, 20.3584, 0.400897, 0.4, 1.60284e-05, 0.898674, 0.878653, 0.911207, 0.893029
9.23595, 20.3598, 0.400904, 0.4, 1.54983e-05, 0.898671, 0.878651, 0.911206, 0.893028
9.24095, 20.3612, 0.400912, 0.4, 1.49644e-05, 0.898668, 0.87865, 0.911206, 0.893026
9.24595, 20.3625, 0.400918, 0.4, 1.44262e-05, 0.898665, 0.878648, 0.911204, 0.893025
9.25095, 20.3638, 0.400924, 0.4, 1.38848e-05, 0.898662, 0.878646, 0.911203, 0.893024
9.25595, 20.365, 0.400928, 0.4, 1.33404e-05, 0.898659, 0.878644, 0.911202, 0.893022
9.26095, 20.3662, 0.400932, 0.4, 1.27938e-05, 0.898656, 0.878642, 0.911201, 0.893021
9.26595, 20.3673, 0.400936, 0.4, 1.22451e-05, 0.898652, 0.87864, 0.9112, 0.893019
9.27095, 20.3684, 0.400938, 0.4, 1.16947e-05, 0.898649, 0.878639, 0.911199, 0.893018
9.27595, 20.3694, 0.40094, 0.4, 1.11434e-05, 0.898646, 0.878637, 0.911197, 0.893016
9.28095, 20.3704, 0.400941, 0.4, 1.05914e-05, 0.898643, 0.878635, 0.911196, 0.893014
9.28595, 20.3713, 0.400941, 0.4, 1.00393e-05, 0.89864, 0.878633, 0.911195, 0.893013
9.29095, 20.3722, 0.400941, 0.4, 9.48739e-06, 0.898637, 0.878631, 0.911193, 0.893011
9.29595, 20.3731, 0.400939, 0.4, 8.93599e-06, 0.898634, 0.878628, 0.911192, 0.893009
9.30095, 20.3738, 0.400937, 0.4, 8.38578e-06, 0.898631, 0.878626, 0.911191, 0.893007
9.30595, 20.3746, 0.400934, 0.4, 7.8372e-06, 0.898627, 0.878624, 0.911189, 0.893006
9.31095, 20.3752, 0.400931, 0.4, 7.29044e-06, 0.898624, 0.878622, 0.911188, 0.893004
9.31595, 20.3759, 0.400927, 0.4, 6.74602e-06, 0.898621, 0.87862, 0.911186, 0.893002
9.32095, 20.3765, 0.400922, 0.4, 6.20436e-06, 0.898618, 0.878618, 0.911184, 0.893
9.32595, 20.377, 0.400916, 0.4, 5.66586e-06, 0.898615, 0.878616, 0.911183, 0.892998
9.33095, 20.3775, 0.40091, 0.4, 5.13093e-06, 0.898612, 0.878613, 0.911181, 0.892996
9.33595, 20.3779, 0.400903, 0.4, 4.60013e-06, 0.898609, 0.878611, 0.911179, 0.892994
9.34095, 20.3783, 0.400896, 0.4, 4.07359e-06, 0.898606, 0.878609, 0.911177, 0.892992
9.34595, 20.3786, 0.400887, 0.4, 3.55182e-06, 0.898602, 0.878606, 0.911176, 0.89299
9.35095, 20.3789, 0.400879, 0.4, 3.03524e-06, 0.898599, 0.878604, 0.911174, 0.892987
9.35595, 20.3792, 0.400869, 0.4, 2.5238e-06, 0.898596, 0.878602, 0.911172, 0.892985
9.36095, 20.3794, 0.400859, 0.4, 2.01827e-06, 0.898593, 0.878599, 0.91117, 0.892983
9.36595, 20.3796, 0.400848, 0.4, 1.51909e-06, 0.89859, 0.878597, 0.911168, 0.892981
9.37095, 20.3797, 0.400837, 0.4, 1.02631e-06, 0.898587, 0.878594, 0.911166, 0.892979
9.37595, 20.3797, 0.400825, 0.4, 5.4056e-07, 0.898583, 0.878592, 0.911164, 0.892976
9.38095, 20.3798, 0.400812, 0.4, 6.21474e-08, 0.89858, 0.878589, 0.911162, 0.892974
9.38595, 20.3797, 0.400799, 0.4, -4.08719e-07, 0.898577, 0.878587, 0.91116, 0.892972
9.39095, 20.3797, 0.400786, 0.4, -8.71647e-07, 0.898574, 0.878584, 0.911158, 0.892969
9.39595, 20.3796, 0.400772, 0.4, -1.32624e-06, 0.898571, 0.878582, 0.911156, 0.892967
9.40095, 20.3794, 0.400757, 0.4, -1.77242e-06, 0.898568, 0.878579, 0.911153, 0.892964
9.40595, 20.3793, 0.400742, 0.4, -2.20968e-06, 0.898565, 0.878576, 0.911151, 0.892962
9.41095, 20.3791, 0.400726, 0.4, -2.63796e-06, 0.898561, 0.878574, 0.911149, 0.892959
9.41595, 20.3788, 0.40071, 0.4, -3.05671e-06, 0.898558, 0.878571, 0.911147, 0.892957
9.42095, 20.3785, 0.400693, 0.4, -3.46589e-06, 0.898555, 0.878568, 0.911144, 0.892954
9.42595, 20.3782, 0.400676, 0.4, -3.86509e-06, 0.898552, 0.878566, 0.911142, 0.892952
9.43095, 20.3778, 0.400659, 0.4, -4.25413e-06, 0.898548, 0.878563, 0.91114, 0.892949
9.43595, 20.3774, 0.400641, 0.4, -4.63271e-06, 0.898545, 0.87856, 0.911137, 0.892946
9.44095, 20.377, 0.400623, 0.4, -5.00073e-06, 0.898542, 0.878557, 0.911135, 0.892944
9.44595, 20.3765, 0.400604, 0.4, -5.35785e-06, 0.898539, 0.878555, 0.911133, 0.892941
9.45095, 20.376, 0.400585, 0.4, -5.70383e-06, 0.898535, 0.878552, 0.91113, 0.892938
9.45595, 20.3755, 0.400566, 0.4, -6.0386e-06, 0.898532, 0.878549, 0.911128, 0.892936
9.46095, 20.3749, 0.400546, 0.4, -6.36186e-06, 0.898529, 0.878546, 0.911125, 0.892933
9.46595, 20.3743, 0.400526, 0.4, -6.67351e-06, 0.898526, 0.878543, 0.911123, 0.89293
9.47095, 20.3737, 0.400506, 0.4, -6.97332e-06, 0.898522, 0.87854, 0.91112, 0.892927
9.47596, 20.3731, 0.400485, 0.4, -7.26109e-06, 0.898519, 0.878537, 0.911118, 0.892925
9.48096, 20.3724, 0.400465, 0.4, -7.53682e-06, 0.898516, 0.878534, 0.911115, 0.892922
9.48596, 20.3717, 0.400444, 0.4, -7.80029e-06, 0.898513, 0.878532, 0.911113, 0.892919
9.49096, 20.371, 0.400422, 0.4, -8.05142e-06, 0.89851, 0.878529, 0.91111, 0.892916
9.49596, 20.3703, 0.400401, 0.4, -8.28994e-06, 0.898506, 0.878526, 0.911108, 0.892913
9.50096, 20.3695, 0.400379, 0.4, -8.51594e-06, 0.898503, 0.878523, 0.911105, 0.89291
9.50596, 20.3687, 0.400358, 0.4, -8.72929e-06, 0.8985, 0.87852, 0.911102, 0.892908
9.51096, 20.3679, 0.400336, 0.4, -8.92981e-06, 0.898496, 0.878517, 0.9111, 0.892905
9.51596, 20.3671, 0.400314, 0.4, -9.11748e-06, 0.898493, 0.878514, 0.911097, 0.892902
9.52096, 20.3663, 0.400292, 0.4, -9.29216e-06, 0.89849, 0.878511, 0.911095, 0.892899
9.52596, 20.3655, 0.40027, 0.4, -9.45406e-06, 0.898486, 0.878508, 0.911092, 0.892896
9.53096, 20.3646, 0.400247, 0.4, -9.6029e-06, 0.898483, 0.878505, 0.911089, 0.892893
9.53596, 20.3637, 0.400225, 0.4, -9.73865e-06, 0.89848, 0.878502, 0.911087, 0.89289
9.54096, 20.3628, 0.400203, 0.4, -9.86147e-06, 0.898476, 0.878499, 0.911084, 0.892887
9.54596, 20.3619, 0.400181, 0.4, -9.97109e-06, 0.898473, 0.878496, 0.911081, 0.892884
9.55096, 20.361, 0.400158, 0.4, -1.00677e-05, 0.89847, 0.878493, 0.911079, 0.892881
9.55596, 20.3601, 0.400136, 0.4, -1.01513e-05, 0.898466, 0.87849, 0.911076, 0.892878
9.56096, 20.3592, 0.400114, 0.4, -1.02218e-05, 0.898463, 0.878487, 0.911073, 0.892875
9.56596, 20.3583, 0.400092, 0.4, -1.02794e-05, 0.89846, 0.878484, 0.911071, 0.892873
9.57096, 20.3574, 0.40007, 0.4, -1.03241e-05, 0.898456, 0.878481, 0.911068, 0.89287
9.57596, 20.3564, 0.400048, 0.4, -1.03559e-05, 0.898453, 0.878478, 0.911065, 0.892867
9.58096, 20.3555, 0.400026, 0.4, -1.03748e-05, 0.89845, 0.878475, 0.911063, 0.892864
9.58596, 20.3546, 0.400004, 0.4, -1.0381e-05, 0.898446, 0.878472, 0.91106, 0.892861
9.59096, 20.3536, 0.399982, 0.4, -1.03746e-05, 0.898443, 0.878469, 0.911058, 0.892858
9.59596, 20.3527, 0.399961, 0.4, -1.03556e-05, 0.89844, 0.878466, 0.911055, 0.892855
9.60096, 20.3518, 0.39994, 0.4, -1.03241e-05, 0.898436, 0.878463, 0.911052, 0.892852
9.60596, 20.3508, 0.399919, 0.4, -1.02803e-05, 0.898433, 0.87846, 0.91105, 0.892849
9.61096, 20.3499, 0.399898, 0.4, -1.02242e-05, 0.898429, 0.878457, 0.911047, 0.892846
9.61596, 20.349, 0.399877, 0.4, -1.01561e-05, 0.898426, 0.878454, 0.911045, 0.892843
9.62096, 20.3481, 0.399857, 0.4, -1.0076e-05, 0.898423, 0.878451, 0.911042, 0.892841
9.62596, 20.3472, 0.399837, 0.4, -9.98397e-06, 0.898419, 0.878448, 0.911039, 0.892838
9.63096, 20.3463, 0.399817, 0.4, -9.88041e-06, 0.898416, 0.878445, 0.911037, 0.892835
9.63596, 20.3454, 0.399797, 0.4, -9.76542e-06, 0.898412, 0.878442, 0.911034, 0.892832
9.64096, 20.3445, 0.399778, 0.4, -9.63911e-06, 0.898409, 0.878439, 0.911032, 0.892829
9.64596, 20.3437, 0.399759, 0.4, -9.50154e-06, 0.898406, 0.878436, 0.911029, 0.892827
9.65096, 20.3428, 0.399741, 0.4, -9.35307e-06, 0.898402, 0.878433, 0.911027, 0.892824
9.65596, 20.342, 0.399722, 0.4, -9.19393e-06, 0.898399, 0.87843, 0.911024, 0.892821
9.66096, 20.3412, 0.399704, 0.4, -9.02415e-06, 0.898396, 0.878427, 0.911022, 0.892818
9.66596, 20.3404, 0.399687, 0.4, -8.84407e-06, 0.898392, 0.878424, 0.91102, 0.892816
9.67096, 20.3396, 0.39967, 0.4, -8.65378e-06, 0.898389, 0.878422, 0.911017, 0.892813
9.67596, 20.3388, 0.399653, 0.4, -8.45369e-06, 0.898385, 0.878419, 0.911015, 0.89281
9.68096, 20.338, 0.399636, 0.4, -8.24386e-06, 0.898382, 0.878416, 0.911012, 0.892807
9.68596, 20.3373, 0.39962, 0.4, -8.02462e-06, 0.898379, 0.878413, 0.91101, 0.892805
9.69096, 20.3366, 0.399605, 0.4, -7.79621e-06, 0.898375, 0.87841, 0.911008, 0.892802
9.69596, 20.3359, 0.399589, 0.4, -7.5589e-06, 0.898372, 0.878408, 0.911005, 0.8928
9.70096, 20.3352, 0.399575, 0.4, -7.31276e-06, 0.898368, 0.878405, 0.911003, 0.892797
9.70596, 20.3346, 0.39956, 0.4, -7.05833e-06, 0.898365, 0.878402, 0.911001, 0.892794
9.71096, 20.334, 0.399547, 0.4, -6.79579e-06, 0.898361, 0.878399, 0.910999, 0.892792
9.71596, 20.3334, 0.399533, 0.4, -6.52525e-06, 0.898358, 0.878397, 0.910996, 0.892789
9.72096, 20.3328, 0.39952, 0.4, -6.24716e-06, 0.898355, 0.878394, 0.910994, 0.892787
9.72596, 20.3322, 0.399508, 0.4, -5.96168e-06, 0.898351, 0.878391, 0.910992, 0.892784
9.73096, 20.3317, 0.399496, 0.4, -5.66919e-06, 0.898348, 0.878389, 0.91099, 0.892782
9.73596, 20.3312, 0.399485, 0.4, -5.37e-06, 0.898345, 0.878386, 0.910988, 0.89278
9.74096, 20.3308, 0.399474, 0.4, -5.06435e-06, 0.898341, 0.878383, 0.910986, 0.892777
9.74596, 20.3303, 0.399463, 0.4, -4.75246e-06, 0.898338, 0.878381, 0.910984, 0.892775
9.75096, 20.3299, 0.399453, 0.4, -4.43456e-06, 0.898335, 0.878378, 0.910982, 0.892773
9.75596, 20.3295, 0.399444, 0.4, -4.11118e-06, 0.898331, 0.878376, 0.91098, 0.89277
9.76096, 20.3292, 0.399435, 0.4, -3.78258e-06, 0.898328, 0.878373, 0.910978, 0.892768
9.76596, 20.3288, 0.399426, 0.4, -3.44894e-06, 0.898324, 0.878371, 0.910976, 0.892766
9.77096, 20.3285, 0.399418, 0.4, -3.11028e-06, 0.898321, 0.878368, 0.910974, 0.892764
9.77596, 20.3283, 0.399411, 0.4, -2.76728e-06, 0.898318, 0.878366, 0.910972, 0.892762
9.78096, 20.328, 0.399404, 0.4, -2.42041e-06, 0.898314, 0.878364, 0.910971, 0.892759
9.78596, 20.3278, 0.399398, 0.4, -2.06975e-06, 0.898311, 0.878361, 0.910969, 0.892757
9.79096, 20.3277, 0.399392, 0.4, -1.71555e-06, 0.898308, 0.878359, 0.910967, 0.892755
9.79596, 20.3275, 0.399387, 0.4, -1.35829e-06, 0.898304, 0.878356, 0.910965, 0.892753
9.80096, 20.3274, 0.399382, 0.4, -9.98464e-07, 0.898301, 0.878354, 0.910964, 0.892751
9.80596, 20.3274, 0.399378, 0.4, -6.35962e-07, 0.898298, 0.878352, 0.910962, 0.892749
9.81096, 20.3273, 0.399374, 0.4, -2.71188e-07, 0.898294, 0.87835, 0.91096, 0.892747
9.81596, 20.3273, 0.399371, 0.4, 9.53791e-08, 0.898291, 0.878347, 0.910959, 0.892745
9.82096, 20.3273, 0.399369, 0.4, 4.63347e-07, 0.898288, 0.878345, 0.910957, 0.892743
9.82596, 20.3274, 0.399367, 0.4, 8.32604e-07, 0.898285, 0.878343, 0.910955, 0.892741
9.83096, 20.3275, 0.399365, 0.4, 1.20289e-06, 0.898281, 0.878341, 0.910954, 0.892739
9.83596, 20.3276, 0.399365, 0.4, 1.57369e-06, 0.898278, 0.878339, 0.910953, 0.892738
9.84096, 20.3278, 0.399364, 0.4, 1.94473e-06, 0.898275, 0.878337, 0.910951, 0.892736
9.84596, 20.328, 0.399364, 0.4, 2.31597e-06, 0.898271, 0.878334, 0.91095, 0.892734
9.85096, 20.3282, 0.399365, 0.4, 2.68686e-06, 0.898268, 0.878332, 0.910948, 0.892732
9.85596, 20.3284, 0.399366, 0.4, 3.05701e-06, 0.898265, 0.87833, 0.910947, 0.892731
9.86096, 20.3287, 0.399368, 0.4, 3.42626e-06, 0.898262, 0.878328, 0.910946, 0.892729
9.86596, 20.3291, 0.39937, 0.4, 3.79428e-06, 0.898259, 0.878326, 0.910944, 0.892727
9.87096, 20.3294, 0.399372, 0.4, 4.16093e-06, 0.898255, 0.878324, 0.910943, 0.892726
9.87596, 20.3298, 0.399375, 0.4, 4.52579e-06, 0.898252, 0.878322, 0.910942, 0.892724
9.88096, 20.3302, 0.399379, 0.4, 4.88862e-06, 0.898249, 0.878321, 0.910941, 0.892723
9.88596, 20.3307, 0.399383, 0.4, 5.24892e-06, 0.898246, 0.878319, 0.91094, 0.892721
9.89096, 20.3312, 0.399388, 0.4, 5.60677e-06, 0.898243, 0.878317, 0.910938, 0.89272
9.89596, 20.3317, 0.399393, 0.4, 5.96162e-06, 0.898239, 0.878315, 0.910937, 0.892718
9.90096, 20.3322, 0.399398, 0.4, 6.31325e-06, 0.898236, 0.878313, 0.910936, 0.892717
9.90596, 20.3328, 0.399404, 0.4, 6.66157e-06, 0.898233, 0.878311, 0.910935, 0.892715
9.91096, 20.3334, 0.399411, 0.4, 7.00604e-06, 0.89823, 0.87831, 0.910934, 0.892714
9.91597, 20.3341, 0.399418, 0.4, 7.34662e-06, 0.898227, 0.878308, 0.910933, 0.892713
9.92097, 20.3348, 0.399425, 0.4, 7.68302e-06, 0.898224, 0.878306, 0.910932, 0.892711
9.92597, 20.3355, 0.399433, 0.4, 8.015e-06, 0.898221, 0.878305, 0.910931, 0.89271
9.93097, 20.3362, 0.39944, 0.4, 8.3421e-06, 0.898217, 0.878303, 0.91093, 0.892709
9.93597, 20.337, 0.399449, 0.4, 8.66489e-06, 0.898215, 0.878301, 0.910929, 0.892707
9.94097, 20.3378, 0.399458, 0.4, 8.98177e-06, 0.898211, 0.878299, 0.910928, 0.892706
9.94597, 20.3386, 0.399467, 0.4, 9.29397e-06, 0.898208, 0.878298, 0.910928, 0.892705
9.95097, 20.3394, 0.399477, 0.4, 9.60039e-06, 0.898205, 0.878296, 0.910927, 0.892704
9.95597, 20.3403, 0.399487, 0.4, 9.90099e-06, 0.898202, 0.878295, 0.910926, 0.892703
9.96097, 20.3412, 0.399497, 0.4, 1.01955e-05, 0.898199, 0.878293, 0.910925, 0.892702
9.96597, 20.3422, 0.399508, 0.4, 1.04839e-05, 0.898196, 0.878292, 0.910924, 0.8927
9.97097, 20.3431, 0.399519, 0.4, 1.07656e-05, 0.898193, 0.87829, 0.910924, 0.892699
9.97597, 20.3441, 0.39953, 0.4, 1.10409e-05, 0.89819, 0.878289, 0.910923, 0.892698
9.98097, 20.3451, 0.399542, 0.4, 1.13094e-05, 0.898187, 0.878287, 0.910922, 0.892697
9.98597, 20.3461, 0.399554, 0.4, 1.15708e-05, 0.898184, 0.878286, 0.910922, 0.892696
9.99097, 20.3472, 0.399567, 0.4, 1.18251e-05, 0.898181, 0.878284, 0.910921, 0.892695
9.99597, 20.3483, 0.399579, 0.4, 1.2072e-05, 0.898178, 0.878283, 0.91092, 0.892694
10.001, 20.3494, 0.399592, 0.4, 1.23115e-05, 0.898175, 0.878282, 0.91092, 0.892693
